26
195	365	1504301400	1504303199	24	52.9808333333,15.5583333333	53.2063888889,16.8255555556	52.7133333333,17.6244444444	52.3866666667,17.2466666667	51.7102777778,17.2391666667	51.6005555556,16.0047222222	51.5,15.0	51.5830555556,14.7380555556	51.6986111111,14.7144444444	51.75,14.6666666667	51.8,14.6166666667	51.8333333333,14.6333333333	51.9030555556,14.6752777778	52.0583333333,14.7555555556	52.1386111111,14.6802777778	52.2091666667,14.6591666667	52.2938888889,14.5788888889	52.4,14.5388888889	52.5386111111,14.6397222222	52.6016666667,14.6083333333	52.6316666667,14.5258333333	52.7286111111,14.3738888889	52.8627777778,15.0	52.9808333333,15.5583333333
365	999	1504301400	1504303199	23	54.1541666667,18.3161111111	54.1269444444,17.5341666667	54.1227777778,17.4097222222	54.515,16.6477777778	54.9166666667,15.8666666667	55.0,16.0	55.0336111111,16.0708333333	55.1333333333,16.2333333333	55.2208333333,17.3769444444	55.225,17.475	55.2269444444,17.5136111111	55.3019444444,18.3883333333	55.2963888889,18.3916666667	55.2902777778,18.4011111111	55.2586111111,18.4480555556	54.9461111111,18.9041666667	54.9127777778,18.9583333333	54.8944444444,18.9941666667	54.875,19.0069444444	54.75,19.1983333333	54.7044444444,19.2569444444	54.4016666667,18.9927777778	54.1541666667,18.3161111111
365	999	1504301400	1504303199	8	53.7927777778,14.5952777778	53.6913888889,14.5591666667	53.6844444444,14.2786111111	53.7377777778,14.29	53.7594444444,14.2755555556	53.8530555556,14.2277777778	53.8375,14.3241666667	53.7927777778,14.5952777778
365	999	1504301400	1504303199	30	52.5333333333,19.1583333333	52.6516666667,18.1730555556	52.6711111111,18.0	52.7133333333,17.6244444444	53.2063888889,16.8255555556	53.6019444444,17.0819444444	54.1227777778,17.4097222222	54.1269444444,17.5341666667	54.1541666667,18.3161111111	54.4016666667,18.9927777778	54.7044444444,19.2569444444	54.675,19.2933333333	54.6377777778,19.3555555556	54.6030555556,19.4047222222	54.5727777778,19.4538888889	54.4975,19.5758333333	54.4477777778,19.6541666667	54.4425,19.8683333333	54.4263888889,20.0	53.6561111111,20.2833333333	53.5641666667,20.3055555556	53.3347222222,20.4363888889	53.0,20.5	52.7891666667,20.3766666667	52.7636111111,20.3616666667	52.6705555556,20.3222222222	52.4622222222,19.7941666667	52.4647222222,19.7666666667	52.4688888889,19.7288888889	52.5333333333,19.1583333333
365	999	1504301400	1504303199	8	53.3088888889,14.9663888889	52.8627777778,15.0	52.7286111111,14.3738888889	52.815,14.2208333333	52.9061111111,14.1566666667	53.1666666667,14.3333333333	53.1777777778,14.3775	53.3088888889,14.9663888889
365	999	1504301400	1504303199	20	53.0,20.5	53.3347222222,20.4363888889	53.5641666667,20.3055555556	53.6561111111,20.2833333333	54.4263888889,20.0	54.3997222222,20.2805555556	54.3666666667,20.5	54.3683333333,20.6983333333	54.3333333333,21.4666666667	54.3333333333,22.175	54.3633333333,22.7919444444	54.4216666667,22.8741666667	54.3075,23.0591666667	54.1944444444,23.4069444444	53.9333333333,23.7416666667	53.8297222222,23.5530555556	53.5927777778,23.6297222222	53.3811111111,23.7672222222	53.2941666667,22.9291666667	53.0,20.5
365	999	1504301400	1504303199	9	54.1227777778,17.4097222222	53.6019444444,17.0819444444	54.5316666667,15.5533333333	54.6063888889,15.6338888889	54.685,15.7191666667	54.7308333333,15.7480555556	54.9166666667,15.8666666667	54.515,16.6477777778	54.1227777778,17.4097222222
365	999	1504301400	1504303199	18	54.2625,15.0558333333	54.3852777778,15.3961111111	54.5316666667,15.5533333333	53.6019444444,17.0819444444	53.2063888889,16.8255555556	52.9808333333,15.5583333333	52.8627777778,15.0	53.3088888889,14.9663888889	53.2608333333,15.3755555556	53.3002777778,15.5194444444	53.4686111111,15.5563888889	53.5486111111,15.5044444444	53.7205555556,15.3908333333	53.7344444444,15.2427777778	53.7397222222,15.1922222222	53.7577777778,14.9977777778	53.7658333333,14.9127777778	54.2625,15.0558333333
365	999	1504301400	1504303199	14	53.7658333333,14.9127777778	53.7577777778,14.9977777778	53.7397222222,15.1922222222	53.7344444444,15.2427777778	53.7205555556,15.3908333333	53.5486111111,15.5044444444	53.4686111111,15.5563888889	53.3002777778,15.5194444444	53.2608333333,15.3755555556	53.3088888889,14.9663888889	53.3316666667,15.2027777778	53.4197222222,15.4525	53.59,15.4069444444	53.7658333333,14.9127777778
365	999	1504301400	1504303199	16	53.7927777778,14.5952777778	53.7963888889,14.6791666667	53.7863888889,14.6727777778	53.7,14.6175	53.6052777778,14.6044444444	53.3088888889,14.9663888889	53.1777777778,14.3775	53.2758333333,14.41	53.3333333333,14.4166666667	53.3580555556,14.405	53.3780555556,14.3886111111	53.5077777778,14.3258333333	53.6444444444,14.3136111111	53.6844444444,14.2786111111	53.6913888889,14.5591666667	53.7927777778,14.5952777778
365	999	1504301400	1504303199	24	52.9808333333,15.5583333333	53.2063888889,16.8255555556	52.7133333333,17.6244444444	52.3866666667,17.2466666667	51.7102777778,17.2391666667	51.6005555556,16.0047222222	51.5,15.0	51.5830555556,14.7380555556	51.6986111111,14.7144444444	51.75,14.6666666667	51.8,14.6166666667	51.8333333333,14.6333333333	51.9030555556,14.6752777778	52.0583333333,14.7555555556	52.1386111111,14.6802777778	52.2091666667,14.6591666667	52.2938888889,14.5788888889	52.4,14.5388888889	52.5386111111,14.6397222222	52.6016666667,14.6083333333	52.6316666667,14.5258333333	52.7286111111,14.3738888889	52.8627777778,15.0	52.9808333333,15.5583333333
365	999	1504301400	1504303199	11	53.7863888889,14.6727777778	53.7963888889,14.6791666667	53.8,14.7616666667	53.7658333333,14.9127777778	53.59,15.4069444444	53.4197222222,15.4525	53.3316666667,15.2027777778	53.3088888889,14.9663888889	53.6052777778,14.6044444444	53.7,14.6175	53.7863888889,14.6727777778
365	999	1504301400	1504303199	10	52.7133333333,17.6244444444	52.6711111111,18.0	52.6516666667,18.1730555556	51.7855555556,18.17	51.7694444444,17.9444444444	51.75,17.6783333333	51.73,17.3988888889	51.7102777778,17.2391666667	52.3866666667,17.2466666667	52.7133333333,17.6244444444
365	999	1504301400	1504303199	12	54.2625,15.0558333333	53.7658333333,14.9127777778	53.8,14.7616666667	53.7963888889,14.6791666667	53.7927777778,14.5952777778	53.8375,14.3241666667	53.8530555556,14.2277777778	53.9294444444,14.2283333333	54.0516666667,14.2233333333	54.1666666667,14.2597222222	54.3333333333,14.2805555556	54.2625,15.0558333333
135	365	1504301400	1504303199	8	53.7927777778,14.5952777778	53.6913888889,14.5591666667	53.6844444444,14.2786111111	53.7377777778,14.29	53.7594444444,14.2755555556	53.8530555556,14.2277777778	53.8375,14.3241666667	53.7927777778,14.5952777778
135	365	1504301400	1504303199	14	53.7658333333,14.9127777778	53.7577777778,14.9977777778	53.7397222222,15.1922222222	53.7344444444,15.2427777778	53.7205555556,15.3908333333	53.5486111111,15.5044444444	53.4686111111,15.5563888889	53.3002777778,15.5194444444	53.2608333333,15.3755555556	53.3088888889,14.9663888889	53.3316666667,15.2027777778	53.4197222222,15.4525	53.59,15.4069444444	53.7658333333,14.9127777778
135	365	1504301400	1504303199	16	53.7927777778,14.5952777778	53.7963888889,14.6791666667	53.7863888889,14.6727777778	53.7,14.6175	53.6052777778,14.6044444444	53.3088888889,14.9663888889	53.1777777778,14.3775	53.2758333333,14.41	53.3333333333,14.4166666667	53.3580555556,14.405	53.3780555556,14.3886111111	53.5077777778,14.3258333333	53.6444444444,14.3136111111	53.6844444444,14.2786111111	53.6913888889,14.5591666667	53.7927777778,14.5952777778
135	365	1504301400	1504303199	11	53.7863888889,14.6727777778	53.7963888889,14.6791666667	53.8,14.7616666667	53.7658333333,14.9127777778	53.59,15.4069444444	53.4197222222,15.4525	53.3316666667,15.2027777778	53.3088888889,14.9663888889	53.6052777778,14.6044444444	53.7,14.6175	53.7863888889,14.6727777778
245	285	1504301400	1504303199	26	52.5333333333,19.1583333333	52.6516666667,18.1730555556	52.6711111111,18.0	52.7133333333,17.6244444444	52.8211111111,17.6786111111	52.9433333333,17.8041666667	53.2158333333,18.2408333333	53.2627777778,18.3377777778	53.2911111111,18.6627777778	53.3180555556,18.7430555556	53.4391666667,19.4091666667	53.4688888889,19.6183333333	53.5033333333,19.8625	53.5033333333,19.8627777778	53.5097222222,19.9086111111	53.5522222222,20.2166666667	53.5641666667,20.3055555556	53.3347222222,20.4363888889	53.0,20.5	52.7891666667,20.3766666667	52.7636111111,20.3616666667	52.6705555556,20.3222222222	52.4622222222,19.7941666667	52.4647222222,19.7666666667	52.4688888889,19.7288888889	52.5333333333,19.1583333333
95	365	1504301400	1504303199	18	54.2625,15.0558333333	54.3852777778,15.3961111111	54.5316666667,15.5533333333	53.6019444444,17.0819444444	53.2063888889,16.8255555556	52.9808333333,15.5583333333	52.8627777778,15.0	53.3088888889,14.9663888889	53.2608333333,15.3755555556	53.3002777778,15.5194444444	53.4686111111,15.5563888889	53.5486111111,15.5044444444	53.7205555556,15.3908333333	53.7344444444,15.2427777778	53.7397222222,15.1922222222	53.7577777778,14.9977777778	53.7658333333,14.9127777778	54.2625,15.0558333333
95	365	1504301400	1504303199	12	54.2625,15.0558333333	53.7658333333,14.9127777778	53.8,14.7616666667	53.7963888889,14.6791666667	53.7927777778,14.5952777778	53.8375,14.3241666667	53.8530555556,14.2277777778	53.9294444444,14.2283333333	54.0516666667,14.2233333333	54.1666666667,14.2597222222	54.3333333333,14.2805555556	54.2625,15.0558333333
95	365	1504301400	1504303199	8	53.3088888889,14.9663888889	52.8627777778,15.0	52.7286111111,14.3738888889	52.815,14.2208333333	52.9061111111,14.1566666667	53.1666666667,14.3333333333	53.1777777778,14.3775	53.3088888889,14.9663888889
285	365	1504301400	1504303199	23	54.1541666667,18.3161111111	54.1269444444,17.5341666667	54.1227777778,17.4097222222	54.515,16.6477777778	54.9166666667,15.8666666667	55.0,16.0	55.0336111111,16.0708333333	55.1333333333,16.2333333333	55.2208333333,17.3769444444	55.225,17.475	55.2269444444,17.5136111111	55.3019444444,18.3883333333	55.2963888889,18.3916666667	55.2902777778,18.4011111111	55.2586111111,18.4480555556	54.9461111111,18.9041666667	54.9127777778,18.9583333333	54.8944444444,18.9941666667	54.875,19.0069444444	54.75,19.1983333333	54.7044444444,19.2569444444	54.4016666667,18.9927777778	54.1541666667,18.3161111111
285	365	1504301400	1504303199	9	54.1227777778,17.4097222222	53.6019444444,17.0819444444	54.5316666667,15.5533333333	54.6063888889,15.6338888889	54.685,15.7191666667	54.7308333333,15.7480555556	54.9166666667,15.8666666667	54.515,16.6477777778	54.1227777778,17.4097222222
285	365	1504301400	1504303199	30	52.5333333333,19.1583333333	52.6516666667,18.1730555556	52.6711111111,18.0	52.7133333333,17.6244444444	53.2063888889,16.8255555556	53.6019444444,17.0819444444	54.1227777778,17.4097222222	54.1269444444,17.5341666667	54.1541666667,18.3161111111	54.4016666667,18.9927777778	54.7044444444,19.2569444444	54.675,19.2933333333	54.6377777778,19.3555555556	54.6030555556,19.4047222222	54.5727777778,19.4538888889	54.4975,19.5758333333	54.4477777778,19.6541666667	54.4425,19.8683333333	54.4263888889,20.0	53.6561111111,20.2833333333	53.5641666667,20.3055555556	53.3347222222,20.4363888889	53.0,20.5	52.7891666667,20.3766666667	52.7636111111,20.3616666667	52.6705555556,20.3222222222	52.4622222222,19.7941666667	52.4647222222,19.7666666667	52.4688888889,19.7288888889	52.5333333333,19.1583333333
115	365	1504301400	1504303199	20	53.0,20.5	53.3347222222,20.4363888889	53.5641666667,20.3055555556	53.6561111111,20.2833333333	54.4263888889,20.0	54.3997222222,20.2805555556	54.3666666667,20.5	54.3683333333,20.6983333333	54.3333333333,21.4666666667	54.3333333333,22.175	54.3633333333,22.7919444444	54.4216666667,22.8741666667	54.3075,23.0591666667	54.1944444444,23.4069444444	53.9333333333,23.7416666667	53.8297222222,23.5530555556	53.5927777778,23.6297222222	53.3811111111,23.7672222222	53.2941666667,22.9291666667	53.0,20.5
