26
95	285	1504247400	1504249199	8	58.7605555556,12.6077777778	58.7327777778,13.1638888889	58.5169444444,13.3244444444	58.2952777778,13.3244444444	58.0969444444,13.2769444444	58.1002777778,13.1291666667	58.5352777778,12.4641666667	58.7605555556,12.6077777778
95	285	1504247400	1504249199	5	58.2430555556,14.1638888889	58.5155555556,13.8925	58.6347222222,14.2683333333	58.4583333333,14.1875	58.2430555556,14.1638888889
95	285	1504247400	1504249199	7	59.5125,13.1708333333	59.2988888889,13.6905555556	59.1313888889,13.3416666667	58.9097222222,13.0847222222	58.9380555556,12.8305555556	59.2416666667,12.9138888889	59.5125,13.1708333333
95	285	1504247400	1504249199	11	58.6455555556,12.2955555556	58.5352777778,12.4641666667	58.1002777778,13.1291666667	58.1080555556,12.785	58.1163888889,12.3538888889	58.1769444444,12.2361111111	58.2530555556,12.0886111111	58.2997222222,11.9975	58.4647222222,11.995	58.5572222222,12.1511111111	58.6455555556,12.2955555556
0	285	1504247400	1504249199	20	58.2430555556,14.1638888889	58.0338888889,13.9677777778	57.5366666667,13.6072222222	57.7672222222,13.1991666667	58.0969444444,13.2769444444	58.2952777778,13.3244444444	58.5169444444,13.3244444444	58.7327777778,13.1638888889	58.7605555556,12.6077777778	59.2416666667,12.9138888889	58.9380555556,12.8305555556	58.9097222222,13.0847222222	59.1313888889,13.3416666667	59.2988888889,13.6905555556	59.0327777778,14.3172222222	59.0152777778,14.2705555556	58.8055555556,14.3477777778	58.6347222222,14.2683333333	58.5155555556,13.8925	58.2430555556,14.1638888889
245	285	1504247400	1504249199	5	58.7661111111,12.4975	58.7605555556,12.6077777778	58.5352777778,12.4641666667	58.6455555556,12.2955555556	58.7661111111,12.4975
245	285	1504247400	1504249199	11	58.9333333333,10.8305555556	58.9566666667,10.9677777778	59.0158333333,11.1172222222	59.0922222222,11.2433333333	59.1088888889,11.3494444444	58.8833333333,11.4666666667	58.8883333333,11.4561111111	58.8958333333,11.2569444444	58.8736111111,11.0402777778	58.86,10.8936111111	58.9333333333,10.8305555556
245	285	1504247400	1504249199	40	59.8908333333,12.0991666667	59.8983333333,12.1677777778	59.8897222222,12.1741666667	59.75,12.3222222222	59.5125,13.1708333333	59.2416666667,12.9138888889	58.7605555556,12.6077777778	58.7661111111,12.4975	58.6455555556,12.2955555556	58.5572222222,12.1511111111	58.4647222222,11.995	58.2997222222,11.9975	58.2863888889,11.8563888889	58.2836111111,11.8255555556	58.27,11.6791666667	58.1277777778,11.4502777778	57.7513888889,11.1405555556	57.9661111111,10.9597222222	57.9905555556,10.9388888889	58.0,10.9302777778	58.0494444444,10.8888888889	58.4244444444,10.5661111111	58.5,10.5	58.5833333333,10.5294444444	58.6969444444,10.5702777778	58.7091666667,10.6480555556	58.7327777778,10.7008333333	58.8472222222,10.7297222222	58.86,10.8936111111	58.8736111111,11.0402777778	58.8958333333,11.2569444444	58.8883333333,11.4561111111	58.8833333333,11.4666666667	58.9,11.6666666667	59.125,11.7691666667	59.3175,11.8205555556	59.3666666667,11.7944444444	59.4888888889,11.9083333333	59.7802777778,12.1086111111	59.8908333333,12.0991666667
195	285	1504247400	1504249199	4	58.7213888889,14.5461111111	58.6347222222,14.2683333333	58.8055555556,14.3477777778	58.7213888889,14.5461111111
195	285	1504247400	1504249199	5	58.9047222222,14.6202777778	58.8286111111,14.7961111111	58.7213888889,14.5461111111	58.8055555556,14.3477777778	58.9047222222,14.6202777778
195	285	1504247400	1504249199	9	58.7213888889,14.5461111111	58.8286111111,14.7961111111	58.7466666667,14.9827777778	58.6575,15.1611111111	58.5711111111,14.98	58.2430555556,14.1638888889	58.4583333333,14.1875	58.6347222222,14.2683333333	58.7213888889,14.5461111111
65	285	1504247400	1504249199	5	59.0327777778,14.3172222222	58.9047222222,14.6202777778	58.8055555556,14.3477777778	59.0152777778,14.2705555556	59.0327777778,14.3172222222
245	999	1504247400	1504249199	8	58.2836111111,11.8255555556	57.9488888889,11.9736111111	57.9608333333,11.6333333333	57.94,11.5263888889	57.7513888889,11.1405555556	58.1277777778,11.4502777778	58.27,11.6791666667	58.2836111111,11.8255555556
245	999	1504247400	1504249199	11	58.2997222222,11.9975	58.2530555556,12.0886111111	58.1769444444,12.2361111111	57.8330555556,12.3308333333	57.6505555556,12.3755555556	57.6561111111,12.29	57.695,12.0616666667	57.9488888889,11.9736111111	58.2836111111,11.8255555556	58.2863888889,11.8563888889	58.2997222222,11.9975
245	999	1504247400	1504249199	7	57.6505555556,12.3755555556	57.5902777778,12.3877777778	57.4302777778,12.4291666667	57.3080555556,12.1563888889	57.695,12.0616666667	57.6561111111,12.29	57.6505555556,12.3755555556
245	999	1504247400	1504249199	16	57.9488888889,11.9736111111	57.695,12.0616666667	57.3080555556,12.1563888889	56.9855555556,11.7661111111	57.1377777778,11.6438888889	57.25,11.5666666667	57.3180555556,11.4980555556	57.3383333333,11.4813888889	57.4297222222,11.4069444444	57.5091666667,11.3416666667	57.6544444444,11.2213888889	57.7488888889,11.1427777778	57.7513888889,11.1405555556	57.94,11.5263888889	57.9608333333,11.6333333333	57.9488888889,11.9736111111
245	999	1504247400	1504249199	7	59.8908333333,12.0991666667	59.7802777778,12.1086111111	59.4888888889,11.9083333333	59.3666666667,11.7944444444	59.5180555556,11.7252777778	59.6277777778,11.8944444444	59.8908333333,12.0991666667
245	999	1504247400	1504249199	15	59.8908333333,12.0991666667	59.6277777778,11.8944444444	59.5180555556,11.7252777778	59.5694444444,11.7036111111	59.6,11.7	59.6430555556,11.7808333333	59.6536111111,11.8630555556	59.7,11.9166666667	59.7919444444,11.9269444444	59.8333333333,11.8333333333	59.8833333333,11.9166666667	59.8955555556,12.0	59.8911111111,12.02	59.8908333333,12.0491666667	59.8908333333,12.0991666667
245	999	1504247400	1504249199	10	58.9066666667,10.7186111111	58.9333333333,10.8305555556	58.86,10.8936111111	58.8472222222,10.7297222222	58.7327777778,10.7008333333	58.7091666667,10.6480555556	58.6969444444,10.5702777778	58.7616666667,10.5944444444	58.8058333333,10.6080555556	58.9066666667,10.7186111111
285	999	1504247400	1504249199	12	58.7661111111,12.4975	58.7605555556,12.6077777778	58.5352777778,12.4641666667	58.4125,12.3855555556	58.2383333333,12.275	58.1769444444,12.2361111111	58.2530555556,12.0886111111	58.2997222222,11.9975	58.4647222222,11.995	58.5572222222,12.1511111111	58.6455555556,12.2955555556	58.7661111111,12.4975
285	999	1504247400	1504249199	36	59.8908333333,12.0991666667	59.8983333333,12.1677777778	59.8897222222,12.1741666667	59.75,12.3222222222	59.5125,13.1708333333	59.2416666667,12.9138888889	58.7605555556,12.6077777778	58.7661111111,12.4975	58.6455555556,12.2955555556	58.5572222222,12.1511111111	58.4647222222,11.995	58.2997222222,11.9975	58.2863888889,11.8563888889	58.2836111111,11.8255555556	58.27,11.6791666667	58.1277777778,11.4502777778	57.7513888889,11.1405555556	57.9661111111,10.9597222222	57.9905555556,10.9388888889	58.0,10.9302777778	58.0494444444,10.8888888889	58.4244444444,10.5661111111	58.5,10.5	58.5833333333,10.5294444444	58.6969444444,10.5702777778	58.7091666667,10.6480555556	58.7327777778,10.7008333333	58.8472222222,10.7297222222	58.86,10.8936111111	58.8736111111,11.0402777778	58.8413888889,11.1558333333	58.8833333333,11.6916666667	59.0719444444,11.8622222222	59.4888888889,11.9083333333	59.7802777778,12.1086111111	59.8908333333,12.0991666667
285	999	1504247400	1504249199	10	58.9333333333,10.8305555556	58.9566666667,10.9677777778	59.0158333333,11.1172222222	59.0922222222,11.2433333333	59.1088888889,11.3494444444	58.8833333333,11.4666666667	58.8883333333,11.4561111111	58.8958333333,11.2569444444	58.8736111111,11.0402777778	58.9333333333,10.8305555556
285	999	1504247400	1504249199	4	58.9333333333,10.8305555556	58.8736111111,11.0402777778	58.86,10.8936111111	58.9333333333,10.8305555556
285	999	1504247400	1504249199	18	59.6,11.7	59.5694444444,11.7036111111	59.5180555556,11.7252777778	59.3666666667,11.7944444444	59.4888888889,11.9083333333	59.0719444444,11.8622222222	58.8833333333,11.6916666667	58.8413888889,11.1558333333	58.8736111111,11.0402777778	58.8958333333,11.2569444444	58.8883333333,11.4561111111	58.8833333333,11.4666666667	58.9,11.6666666667	58.9352777778,11.6722222222	59.5016666667,11.5097222222	59.6183333333,11.5855555556	59.6430555556,11.7808333333	59.6,11.7
285	999	1504247400	1504249199	29	58.1077777778,14.8480555556	57.8388888889,14.3275	57.5163888889,13.7025	56.9227777778,12.5522222222	56.6008333333,12.07	56.5233333333,11.9558333333	56.9855555556,11.7661111111	57.3080555556,12.1563888889	57.4302777778,12.4291666667	57.5902777778,12.3877777778	57.6505555556,12.3755555556	57.8330555556,12.3308333333	58.1769444444,12.2361111111	58.2383333333,12.275	58.4125,12.3855555556	58.5352777778,12.4641666667	58.7605555556,12.6077777778	59.2416666667,12.9138888889	59.5125,13.1708333333	59.2988888889,13.6905555556	59.0327777778,14.3172222222	58.9047222222,14.6202777778	58.8286111111,14.7961111111	58.7466666667,14.9827777778	58.6575,15.1611111111	58.6494444444,15.1772222222	58.4769444444,15.525	58.1361111111,14.8597222222	58.1077777778,14.8480555556
155	285	1504247400	1504249199	12	58.0969444444,13.2769444444	57.7672222222,13.1991666667	57.4527777778,12.4813888889	57.4302777778,12.4291666667	57.5902777778,12.3877777778	57.6505555556,12.3755555556	57.8330555556,12.3308333333	58.1769444444,12.2361111111	58.1163888889,12.3538888889	58.1080555556,12.785	58.1002777778,13.1291666667	58.0969444444,13.2769444444
