32
355	999	1504260000	1504295999	4	57.3719444444,16.8280555556	57.1355555556,17.2186111111	57.1475,16.8183333333	57.3719444444,16.8280555556
355	999	1504260000	1504295999	6	56.6516666667,15.1708333333	56.5280555556,15.3522222222	56.4683333333,15.44	56.35,15.1261111111	56.6280555556,15.1177777778	56.6516666667,15.1708333333
355	999	1504260000	1504295999	4	55.9469444444,15.0658333333	56.045,14.9261111111	56.0875,15.0758333333	55.9469444444,15.0658333333
355	999	1504260000	1504295999	14	56.8666666667,15.6663888889	56.8669444444,15.8975	56.8669444444,16.6088888889	56.8666666667,16.7719444444	56.8033333333,16.6344444444	56.6047222222,16.3369444444	56.4783333333,16.0066666667	56.3377777778,15.6319444444	56.4455555556,15.4738888889	56.4683333333,15.44	56.5280555556,15.3522222222	56.6516666667,15.1708333333	56.6836111111,15.2422222222	56.8666666667,15.6663888889
355	999	1504260000	1504295999	11	56.1944444444,15.6441666667	56.2469444444,15.7663888889	55.4866666667,16.88	55.3988888889,16.7138888889	55.2744444444,16.5016666667	55.1333333333,16.2333333333	55.9469444444,15.0658333333	55.9413888889,15.1636111111	55.9083333333,15.5636111111	56.0830555556,15.6127777778	56.1944444444,15.6441666667
355	999	1504260000	1504295999	7	56.5016666667,14.8891666667	56.4997222222,14.8888888889	56.2469444444,14.8527777778	56.1413888889,14.8377777778	56.1094444444,14.8333333333	56.3166666667,14.5366666667	56.5016666667,14.8891666667
355	999	1504260000	1504295999	6	56.6280555556,15.1177777778	56.35,15.1261111111	56.2469444444,14.8527777778	56.4997222222,14.8888888889	56.5016666667,14.8891666667	56.6280555556,15.1177777778
355	999	1504260000	1504295999	6	56.4783333333,16.0066666667	56.3858333333,16.0913888889	56.2469444444,15.7663888889	56.2722222222,15.7288888889	56.3377777778,15.6319444444	56.4783333333,16.0066666667
355	999	1504260000	1504295999	17	55.85,17.55	55.6975,17.7855555556	55.5947222222,17.9447222222	55.5844444444,17.9588888889	55.4486111111,18.1672222222	55.3019444444,18.3883333333	55.2269444444,17.5136111111	55.225,17.475	55.2208333333,17.3769444444	55.1333333333,16.2333333333	55.2744444444,16.5016666667	55.3988888889,16.7138888889	55.4866666667,16.88	55.6205555556,17.1475	55.6386111111,17.1613888889	55.6455555556,17.1891666667	55.85,17.55
355	999	1504260000	1504295999	23	57.0227777778,17.4002777778	56.6408333333,18.03	56.6286111111,19.0747222222	56.5316666667,18.8766666667	56.4388888889,18.6983333333	56.3452777778,18.5063888889	56.2288888889,18.2855555556	56.1186111111,18.0636111111	56.0952777778,18.0186111111	55.9316666667,17.7016666667	55.85,17.55	55.6455555556,17.1891666667	55.6386111111,17.1613888889	55.6205555556,17.1475	55.4866666667,16.88	56.2469444444,15.7663888889	56.3858333333,16.0913888889	56.4033333333,16.3255555556	56.4997222222,16.6636111111	56.7005555556,16.675	56.8033333333,16.6344444444	56.8666666667,16.7719444444	57.0227777778,17.4002777778
355	999	1504260000	1504295999	5	56.35,15.1261111111	56.3377777778,15.6319444444	56.2722222222,15.7288888889	56.0875,15.0758333333	56.35,15.1261111111
355	999	1504260000	1504295999	9	56.2722222222,15.7288888889	56.2469444444,15.7663888889	56.1944444444,15.6441666667	56.0830555556,15.6127777778	55.9083333333,15.5636111111	55.9413888889,15.1636111111	55.9469444444,15.0658333333	56.0875,15.0758333333	56.2722222222,15.7288888889
355	999	1504260000	1504295999	8	56.8033333333,16.6344444444	56.7005555556,16.675	56.4997222222,16.6636111111	56.4033333333,16.3255555556	56.3858333333,16.0913888889	56.4783333333,16.0066666667	56.6047222222,16.3369444444	56.8033333333,16.6344444444
355	999	1504260000	1504295999	12	57.3719444444,16.8280555556	57.1475,16.8183333333	57.1355555556,17.2186111111	57.0227777778,17.4002777778	56.8666666667,16.7719444444	56.8669444444,16.6088888889	56.8669444444,15.8975	56.8666666667,15.6663888889	56.9575,15.8752777778	56.9788888889,15.9275	57.2161111111,16.4686111111	57.3719444444,16.8280555556
355	999	1504260000	1504295999	5	56.4683333333,15.44	56.4455555556,15.4738888889	56.3377777778,15.6319444444	56.35,15.1261111111	56.4683333333,15.44
355	999	1504260000	1504295999	7	56.35,15.1261111111	56.0875,15.0758333333	56.045,14.9261111111	56.1094444444,14.8333333333	56.1413888889,14.8377777778	56.2469444444,14.8527777778	56.35,15.1261111111
95	355	1504260000	1504295999	6	56.4783333333,16.0066666667	56.3858333333,16.0913888889	56.2469444444,15.7663888889	56.2722222222,15.7288888889	56.3377777778,15.6319444444	56.4783333333,16.0066666667
95	355	1504260000	1504295999	9	56.2722222222,15.7288888889	56.2469444444,15.7663888889	56.1944444444,15.6441666667	56.0830555556,15.6127777778	55.9083333333,15.5636111111	55.9413888889,15.1636111111	55.9469444444,15.0658333333	56.0875,15.0758333333	56.2722222222,15.7288888889
95	355	1504260000	1504295999	8	56.8033333333,16.6344444444	56.7005555556,16.675	56.4997222222,16.6636111111	56.4033333333,16.3255555556	56.3858333333,16.0913888889	56.4783333333,16.0066666667	56.6047222222,16.3369444444	56.8033333333,16.6344444444
95	355	1504260000	1504295999	17	55.85,17.55	55.6975,17.7855555556	55.5947222222,17.9447222222	55.5844444444,17.9588888889	55.4486111111,18.1672222222	55.3019444444,18.3883333333	55.2269444444,17.5136111111	55.225,17.475	55.2208333333,17.3769444444	55.1333333333,16.2333333333	55.2744444444,16.5016666667	55.3988888889,16.7138888889	55.4866666667,16.88	55.6205555556,17.1475	55.6386111111,17.1613888889	55.6455555556,17.1891666667	55.85,17.55
95	355	1504260000	1504295999	5	56.35,15.1261111111	56.3377777778,15.6319444444	56.2722222222,15.7288888889	56.0875,15.0758333333	56.35,15.1261111111
0	355	1504260000	1504295999	11	56.1944444444,15.6441666667	56.2469444444,15.7663888889	55.4866666667,16.88	55.3988888889,16.7138888889	55.2744444444,16.5016666667	55.1333333333,16.2333333333	55.9469444444,15.0658333333	55.9413888889,15.1636111111	55.9083333333,15.5636111111	56.0830555556,15.6127777778	56.1944444444,15.6441666667
0	355	1504260000	1504295999	23	57.0227777778,17.4002777778	56.6408333333,18.03	56.6286111111,19.0747222222	56.5316666667,18.8766666667	56.4388888889,18.6983333333	56.3452777778,18.5063888889	56.2288888889,18.2855555556	56.1186111111,18.0636111111	56.0952777778,18.0186111111	55.9316666667,17.7016666667	55.85,17.55	55.6455555556,17.1891666667	55.6386111111,17.1613888889	55.6205555556,17.1475	55.4866666667,16.88	56.2469444444,15.7663888889	56.3858333333,16.0913888889	56.4033333333,16.3255555556	56.4997222222,16.6636111111	56.7005555556,16.675	56.8033333333,16.6344444444	56.8666666667,16.7719444444	57.0227777778,17.4002777778
195	355	1504260000	1504295999	14	56.8666666667,15.6663888889	56.8669444444,15.8975	56.8669444444,16.6088888889	56.8666666667,16.7719444444	56.8033333333,16.6344444444	56.6047222222,16.3369444444	56.4783333333,16.0066666667	56.3377777778,15.6319444444	56.4455555556,15.4738888889	56.4683333333,15.44	56.5280555556,15.3522222222	56.6516666667,15.1708333333	56.6836111111,15.2422222222	56.8666666667,15.6663888889
195	355	1504260000	1504295999	5	56.4683333333,15.44	56.4455555556,15.4738888889	56.3377777778,15.6319444444	56.35,15.1261111111	56.4683333333,15.44
195	355	1504260000	1504295999	6	56.6516666667,15.1708333333	56.5280555556,15.3522222222	56.4683333333,15.44	56.35,15.1261111111	56.6280555556,15.1177777778	56.6516666667,15.1708333333
285	355	1504260000	1504295999	4	57.3719444444,16.8280555556	57.1355555556,17.2186111111	57.1475,16.8183333333	57.3719444444,16.8280555556
285	355	1504260000	1504295999	4	55.9469444444,15.0658333333	56.045,14.9261111111	56.0875,15.0758333333	55.9469444444,15.0658333333
285	355	1504260000	1504295999	7	56.5016666667,14.8891666667	56.4997222222,14.8888888889	56.2469444444,14.8527777778	56.1413888889,14.8377777778	56.1094444444,14.8333333333	56.3166666667,14.5366666667	56.5016666667,14.8891666667
285	355	1504260000	1504295999	6	56.6280555556,15.1177777778	56.35,15.1261111111	56.2469444444,14.8527777778	56.4997222222,14.8888888889	56.5016666667,14.8891666667	56.6280555556,15.1177777778
285	355	1504260000	1504295999	12	57.3719444444,16.8280555556	57.1475,16.8183333333	57.1355555556,17.2186111111	57.0227777778,17.4002777778	56.8666666667,16.7719444444	56.8669444444,16.6088888889	56.8669444444,15.8975	56.8666666667,15.6663888889	56.9575,15.8752777778	56.9788888889,15.9275	57.2161111111,16.4686111111	57.3719444444,16.8280555556
285	355	1504260000	1504295999	7	56.35,15.1261111111	56.0875,15.0758333333	56.045,14.9261111111	56.1094444444,14.8333333333	56.1413888889,14.8377777778	56.2469444444,14.8527777778	56.35,15.1261111111
