26
355	999	1504267200	1504268999	5	55.5169444444,12.8422222222	55.4877777778,12.8783333333	55.4411111111,12.8655555556	55.4355555556,12.8433333333	55.5169444444,12.8422222222
355	999	1504267200	1504268999	7	54.9166666667,14.1666666667	54.9166666667,14.3441666667	54.9166666667,14.3575	54.7597222222,14.3372222222	54.6666666667,14.3252777778	54.9166666667,13.7608333333	54.9166666667,14.1666666667
355	999	1504267200	1504268999	5	55.1583333333,12.8472222222	55.0944444444,12.9994444444	54.9166666667,13.0	54.9166666667,12.85	55.1583333333,12.8472222222
355	999	1504267200	1504268999	4	55.2416666667,12.8458333333	55.2494444444,12.9988888889	55.1583333333,12.8472222222	55.2416666667,12.8458333333
355	999	1504267200	1504268999	10	55.4877777778,12.8783333333	55.4825,12.8847222222	55.3847222222,13.0063888889	55.3669444444,13.0269444444	55.3586111111,13.0252777778	55.2494444444,12.9988888889	55.2416666667,12.8458333333	55.4355555556,12.8433333333	55.4411111111,12.8655555556	55.4877777778,12.8783333333
355	999	1504267200	1504268999	45	54.9166666667,14.1666666667	54.9166666667,13.7608333333	54.9166666667,13.75	54.9166666667,13.6608333333	54.9166666667,13.5608333333	54.9166666667,13.3861111111	54.9166666667,13.0	55.0944444444,12.9994444444	55.2494444444,12.9988888889	55.3586111111,13.0252777778	55.3669444444,13.0269444444	55.3847222222,13.0063888889	55.4825,12.8847222222	55.4877777778,12.8783333333	55.5169444444,12.8422222222	55.5425,12.8936111111	55.6419444444,13.0933333333	55.6791666667,13.1691666667	55.7441666667,13.3013888889	55.7666666667,13.3472222222	55.8805555556,13.7038888889	55.9616666667,13.8563888889	56.0377777778,14.0	56.0472222222,14.0175	56.2161111111,14.3369444444	56.3166666667,14.5366666667	56.1094444444,14.8333333333	56.045,14.9261111111	55.9469444444,15.0658333333	55.1333333333,16.2333333333	55.0336111111,16.0708333333	55.0,16.0	54.9166666667,15.8666666667	54.7308333333,15.7480555556	54.685,15.7191666667	54.6063888889,15.6338888889	54.5316666667,15.5533333333	54.3852777778,15.3961111111	54.2625,15.0558333333	54.3333333333,14.2805555556	54.6666666667,14.3252777778	54.7597222222,14.3372222222	54.9166666667,14.3575	54.9166666667,14.3441666667	54.9166666667,14.1666666667
355	999	1504267200	1504268999	4	55.2494444444,12.9988888889	55.0944444444,12.9994444444	55.1583333333,12.8472222222	55.2494444444,12.9988888889
0	355	1504267200	1504268999	45	55.9469444444,15.0658333333	55.1333333333,16.2333333333	55.0336111111,16.0708333333	55.0,16.0	54.9166666667,15.8666666667	54.9163888889,15.8441666667	54.9166666667,15.7255555556	54.9166666667,15.655	54.9166666667,15.2961111111	54.9166666667,15.1405555556	54.9463888889,15.1655555556	54.9613888889,15.1777777778	54.9772222222,15.1886111111	54.9930555556,15.1975	55.0094444444,15.2047222222	55.0258333333,15.21	55.0425,15.2136111111	55.0591666667,15.2152777778	55.0761111111,15.2152777778	55.0927777778,15.2136111111	55.1094444444,15.21	55.1258333333,15.2044444444	55.1422222222,15.1972222222	55.1580555556,15.1883333333	55.1738888889,15.1777777778	55.1891666667,15.1655555556	55.2038888889,15.1513888889	55.2180555556,15.1358333333	55.2316666667,15.1188888889	55.2447222222,15.1002777778	55.2569444444,15.0805555556	55.2686111111,15.0591666667	55.2794444444,15.0366666667	55.2894444444,15.0133333333	55.2986111111,14.9886111111	55.3066666667,14.9630555556	55.3141666667,14.9366666667	55.3202777778,14.9097222222	55.3258333333,14.8819444444	55.3302777778,14.8536111111	55.3336111111,14.825	55.3358333333,14.7958333333	55.3372222222,14.7666666667	55.3375,14.7372222222	55.9469444444,15.0658333333
245	355	1504267200	1504268999	12	54.7666666667,14.5916666667	54.5833333333,14.6625	54.5858333333,15.4483333333	54.5611111111,15.5	54.5316666667,15.5533333333	54.3852777778,15.3961111111	54.2625,15.0558333333	54.3333333333,14.2805555556	54.6666666667,14.3252777778	54.7597222222,14.3372222222	54.7597222222,14.3447222222	54.7666666667,14.5916666667
195	355	1504267200	1504268999	69	55.3375,14.7372222222	55.3372222222,14.7666666667	55.3358333333,14.7958333333	55.3336111111,14.825	55.3302777778,14.8536111111	55.3258333333,14.8819444444	55.3202777778,14.9097222222	55.3141666667,14.9366666667	55.3066666667,14.9630555556	55.2986111111,14.9886111111	55.2894444444,15.0133333333	55.2794444444,15.0366666667	55.2686111111,15.0591666667	55.2569444444,15.0805555556	55.2447222222,15.1002777778	55.2316666667,15.1188888889	55.2180555556,15.1358333333	55.2038888889,15.1513888889	55.1891666667,15.1655555556	55.1738888889,15.1777777778	55.1580555556,15.1883333333	55.1422222222,15.1972222222	55.1258333333,15.2044444444	55.1094444444,15.21	55.0927777778,15.2136111111	55.0761111111,15.2152777778	55.0591666667,15.2152777778	55.0425,15.2136111111	55.0258333333,15.21	55.0094444444,15.2047222222	54.9930555556,15.1975	54.9772222222,15.1886111111	54.9613888889,15.1777777778	54.9463888889,15.1655555556	54.9166666667,15.1405555556	54.9036111111,15.1188888889	54.89,15.0972222222	54.8783333333,15.0805555556	54.8666666667,15.0591666667	54.8558333333,15.0366666667	54.8461111111,15.0133333333	54.8369444444,14.9886111111	54.8286111111,14.9630555556	54.8230555556,14.9441666667	54.815,14.9097222222	54.8094444444,14.8819444444	54.8055555556,14.8577777778	54.8052777778,14.8536111111	54.8016666667,14.825	54.7994444444,14.7958333333	54.7980555556,14.7666666667	54.7977777778,14.7372222222	54.7986111111,14.7080555556	54.8005555556,14.6788888889	54.8033333333,14.65	54.8072222222,14.6213888889	54.8122222222,14.5933333333	54.8180555556,14.5661111111	54.8197222222,14.5641666667	54.8247222222,14.5391666667	54.8325,14.5133333333	54.8413888889,14.4883333333	54.8508333333,14.4641666667	54.8613888889,14.4411111111	54.8725,14.4194444444	54.8844444444,14.3988888889	54.8972222222,14.3794444444	54.9166666667,14.3575	55.3375,14.7372222222
195	355	1504267200	1504268999	50	54.9166666667,15.2961111111	54.9166666667,15.655	54.9166666667,15.7255555556	54.9163888889,15.8441666667	54.9166666667,15.8666666667	54.7308333333,15.7480555556	54.685,15.7191666667	54.6063888889,15.6338888889	54.5316666667,15.5533333333	54.5611111111,15.5	54.5858333333,15.4483333333	54.5833333333,14.6625	54.7666666667,14.5916666667	54.7597222222,14.3447222222	54.7597222222,14.3372222222	54.9166666667,14.3575	54.8972222222,14.3794444444	54.8844444444,14.3988888889	54.8725,14.4194444444	54.8613888889,14.4411111111	54.8508333333,14.4641666667	54.8413888889,14.4883333333	54.8325,14.5133333333	54.8247222222,14.5391666667	54.8197222222,14.5641666667	54.8180555556,14.5661111111	54.8122222222,14.5933333333	54.8072222222,14.6213888889	54.8033333333,14.65	54.8005555556,14.6788888889	54.7986111111,14.7080555556	54.7977777778,14.7372222222	54.7980555556,14.7666666667	54.7994444444,14.7958333333	54.8016666667,14.825	54.8052777778,14.8536111111	54.8055555556,14.8577777778	54.8094444444,14.8819444444	54.815,14.9097222222	54.8230555556,14.9441666667	54.8286111111,14.9630555556	54.8369444444,14.9886111111	54.8461111111,15.0133333333	54.8558333333,15.0366666667	54.8666666667,15.0591666667	54.8783333333,15.0805555556	54.89,15.0972222222	54.9036111111,15.1188888889	54.9166666667,15.1405555556	54.9166666667,15.2961111111
285	355	1504267200	1504268999	4	56.045,14.9261111111	55.9469444444,15.0658333333	56.015,14.8202777778	56.045,14.9261111111
285	355	1504267200	1504268999	10	56.0472222222,14.0175	55.9897222222,14.0522222222	55.9063888889,14.1022222222	55.6811111111,14.2361111111	55.7744444444,13.8163888889	55.8563888889,13.8338888889	55.9266666667,13.8488888889	55.9616666667,13.8563888889	56.0377777778,14.0	56.0472222222,14.0175
285	355	1504267200	1504268999	5	55.5169444444,12.8422222222	55.4877777778,12.8783333333	55.4411111111,12.8655555556	55.4355555556,12.8433333333	55.5169444444,12.8422222222
285	355	1504267200	1504268999	7	54.9166666667,14.1666666667	54.9166666667,14.3441666667	54.9166666667,14.3575	54.7597222222,14.3372222222	54.6666666667,14.3252777778	54.9166666667,13.7608333333	54.9166666667,14.1666666667
285	355	1504267200	1504268999	29	55.9616666667,13.8563888889	55.9266666667,13.8488888889	55.8563888889,13.8338888889	55.7744444444,13.8163888889	55.6811111111,14.2361111111	55.2908333333,14.3077777778	55.1758333333,14.1666666667	54.9166666667,14.1666666667	54.9166666667,13.7608333333	54.9166666667,13.75	54.9166666667,13.6608333333	54.9166666667,13.5608333333	54.9166666667,13.3861111111	54.9166666667,13.0	55.0944444444,12.9994444444	55.2494444444,12.9988888889	55.3586111111,13.0252777778	55.3669444444,13.0269444444	55.3847222222,13.0063888889	55.4825,12.8847222222	55.4877777778,12.8783333333	55.5169444444,12.8422222222	55.5425,12.8936111111	55.6419444444,13.0933333333	55.6791666667,13.1691666667	55.7441666667,13.3013888889	55.7666666667,13.3472222222	55.8805555556,13.7038888889	55.9616666667,13.8563888889
285	355	1504267200	1504268999	5	56.1094444444,14.8333333333	56.045,14.9261111111	56.015,14.8202777778	56.0211111111,14.8211111111	56.1094444444,14.8333333333
285	355	1504267200	1504268999	5	55.1583333333,12.8472222222	55.0944444444,12.9994444444	54.9166666667,13.0	54.9166666667,12.85	55.1583333333,12.8472222222
285	355	1504267200	1504268999	4	55.2416666667,12.8458333333	55.2494444444,12.9988888889	55.1583333333,12.8472222222	55.2416666667,12.8458333333
285	355	1504267200	1504268999	4	55.9469444444,15.0658333333	55.3375,14.7372222222	56.015,14.8202777778	55.9469444444,15.0658333333
285	355	1504267200	1504268999	4	55.2494444444,12.9988888889	55.0944444444,12.9994444444	55.1583333333,12.8472222222	55.2494444444,12.9988888889
285	355	1504267200	1504268999	8	56.0472222222,14.0175	56.2161111111,14.3369444444	56.0730555556,14.3097222222	55.995,14.295	55.6811111111,14.2361111111	55.9063888889,14.1022222222	55.9897222222,14.0522222222	56.0472222222,14.0175
285	355	1504267200	1504268999	19	55.2594444444,14.4158333333	55.2741666667,14.4411111111	55.2844444444,14.4641666667	55.2941666667,14.4883333333	55.3027777778,14.5133333333	55.3105555556,14.5402777778	55.3172222222,14.5661111111	55.3233333333,14.5933333333	55.3280555556,14.6213888889	55.3319444444,14.65	55.3347222222,14.6788888889	55.3366666667,14.7080555556	55.3375,14.7372222222	54.9166666667,14.3575	54.9166666667,14.3441666667	54.9166666667,14.1666666667	55.1758333333,14.1666666667	55.2908333333,14.3077777778	55.2594444444,14.4158333333
285	355	1504267200	1504268999	10	55.4877777778,12.8783333333	55.4825,12.8847222222	55.3847222222,13.0063888889	55.3669444444,13.0269444444	55.3586111111,13.0252777778	55.2494444444,12.9988888889	55.2416666667,12.8458333333	55.4355555556,12.8433333333	55.4411111111,12.8655555556	55.4877777778,12.8783333333
285	355	1504267200	1504268999	17	56.015,14.8202777778	55.3375,14.7372222222	55.3366666667,14.7080555556	55.3347222222,14.6788888889	55.3319444444,14.65	55.3280555556,14.6213888889	55.3233333333,14.5933333333	55.3172222222,14.5661111111	55.3105555556,14.5402777778	55.3027777778,14.5133333333	55.2941666667,14.4883333333	55.2844444444,14.4641666667	55.2741666667,14.4411111111	55.2594444444,14.4158333333	55.2908333333,14.3077777778	55.6811111111,14.2361111111	56.015,14.8202777778
285	355	1504267200	1504268999	9	55.995,14.295	56.0730555556,14.3097222222	56.2161111111,14.3369444444	56.3166666667,14.5366666667	56.1094444444,14.8333333333	56.0211111111,14.8211111111	56.015,14.8202777778	55.6811111111,14.2361111111	55.995,14.295
