23
95	285	1504242000	1504245599	16	56.6480555556,13.4691666667	56.6411111111,13.5577777778	56.4666666667,13.5775	56.4172222222,13.5844444444	56.2211111111,13.9122222222	56.095,13.8791666667	56.1863888889,13.5119444444	56.2136111111,13.4033333333	56.1905555556,13.2572222222	56.155,13.0255555556	56.1752777778,12.9388888889	56.2175,12.9944444444	56.2402777778,13.0183333333	56.4566666667,13.2413888889	56.5577777778,13.3452777778	56.6480555556,13.4691666667
95	285	1504242000	1504245599	4	56.9855555556,11.7661111111	56.6008333333,12.07	56.5233333333,11.9558333333	56.9855555556,11.7661111111
95	285	1504242000	1504245599	10	55.8805555556,13.7038888889	55.7666666667,13.3472222222	55.7441666667,13.3013888889	55.6791666667,13.1691666667	55.6419444444,13.0933333333	55.7327777778,13.1155555556	55.8158333333,13.11	55.9144444444,13.5208333333	55.8941666667,13.6294444444	55.8805555556,13.7038888889
95	285	1504242000	1504245599	6	57.5366666667,13.6072222222	57.5163888889,13.7025	57.4308333333,14.1052777778	57.2119444444,14.0533333333	57.2211111111,13.8002777778	57.5366666667,13.6072222222
95	285	1504242000	1504245599	7	56.2211111111,13.9122222222	56.4769444444,13.9341666667	56.4769444444,14.1202777778	56.4772222222,14.3208333333	56.2161111111,14.3369444444	56.0472222222,14.0175	56.2211111111,13.9122222222
95	285	1504242000	1504245599	12	57.1008333333,14.5613888889	56.8652777778,14.8808333333	56.6905555556,14.7972222222	56.6341666667,14.5336111111	56.5955555556,14.3555555556	56.5075,14.1638888889	56.6116666667,13.9280555556	56.8780555556,14.0772222222	56.9997222222,14.4247222222	57.0819444444,14.4986111111	57.1211111111,14.5336111111	57.1008333333,14.5613888889
95	285	1504242000	1504245599	16	56.6008333333,12.07	56.5316666667,12.1236111111	56.3916666667,12.2322222222	56.3880555556,12.235	56.3444444444,12.2686111111	56.2605555556,12.3330555556	56.2147222222,12.3680555556	56.1641666667,12.44	56.1563888889,12.4127777778	56.0758333333,12.135	56.26,12.0616666667	56.3452777778,12.0275	56.3805555556,12.0136111111	56.4541666667,11.9836111111	56.5233333333,11.9558333333	56.6008333333,12.07
195	285	1504242000	1504245599	5	57.2275,14.6286111111	57.2147222222,14.7194444444	57.1008333333,14.5613888889	57.1211111111,14.5336111111	57.2275,14.6286111111
195	285	1504242000	1504245599	6	57.2147222222,14.7194444444	57.1691666667,15.0741666667	57.1177777778,15.0025	56.8652777778,14.8808333333	57.1008333333,14.5613888889	57.2147222222,14.7194444444
195	285	1504242000	1504245599	7	56.9561111111,15.4025	56.6888888889,15.1161111111	56.8008333333,14.9666666667	56.8652777778,14.8808333333	57.1177777778,15.0025	57.1691666667,15.0741666667	56.9561111111,15.4025
195	285	1504242000	1504245599	29	56.1563888889,12.4127777778	56.1133333333,12.4544444444	56.0327777778,12.5322222222	56.0327777778,12.6569444444	56.0327777778,12.6794444444	56.0075,12.7194444444	55.9994444444,12.7322222222	55.9894444444,12.79	55.9761111111,12.8655555556	55.8877777778,12.9561111111	55.8061111111,13.0405555556	55.7327777778,13.1155555556	55.6419444444,13.0933333333	55.5425,12.8936111111	55.5169444444,12.8422222222	55.545,12.8027777778	55.5527777778,12.7980555556	55.5658333333,12.7769444444	55.6308333333,12.6994444444	55.6908333333,12.6241666667	55.7133333333,12.5911111111	55.7452777778,12.5572222222	55.7772222222,12.5163888889	55.8502777778,12.4233333333	55.9038888889,12.3547222222	55.9422222222,12.3058333333	56.0058333333,12.225	56.0758333333,12.135	56.1563888889,12.4127777778
195	285	1504242000	1504245599	4	56.6888888889,15.1161111111	56.6516666667,15.1708333333	56.6280555556,15.1177777778	56.6888888889,15.1161111111
195	285	1504242000	1504245599	4	56.1966666667,12.8077777778	56.1416666667,12.8955555556	56.0944444444,12.8330555556	56.1966666667,12.8077777778
195	285	1504242000	1504245599	7	56.9561111111,15.4025	56.8666666667,15.5402777778	56.8666666667,15.6663888889	56.6836111111,15.2422222222	56.6516666667,15.1708333333	56.6888888889,15.1161111111	56.9561111111,15.4025
195	285	1504242000	1504245599	18	56.3302777778,12.4375	56.2497222222,12.7141666667	56.2122222222,12.7808333333	56.1966666667,12.8077777778	56.0944444444,12.8330555556	56.0075,12.7194444444	56.0327777778,12.6794444444	56.0327777778,12.6569444444	56.0555555556,12.6527777778	56.1005555556,12.5638888889	56.1338888889,12.4983333333	56.1455555556,12.4777777778	56.1641666667,12.44	56.2147222222,12.3680555556	56.2605555556,12.3330555556	56.3444444444,12.2686111111	56.3880555556,12.235	56.3302777778,12.4375
195	285	1504242000	1504245599	21	57.1216666667,13.4322222222	57.0075,13.5133333333	56.71,13.5494444444	56.6480555556,13.4691666667	56.5577777778,13.3452777778	56.4566666667,13.2413888889	56.2402777778,13.0183333333	56.2175,12.9944444444	56.1752777778,12.9388888889	56.1416666667,12.8955555556	56.1966666667,12.8077777778	56.2122222222,12.7808333333	56.2497222222,12.7141666667	56.3302777778,12.4375	56.3880555556,12.235	56.5880555556,12.1847222222	56.6238888889,12.625	56.9227777778,12.5522222222	56.9577777778,12.7047222222	57.0541666667,13.1294444444	57.1216666667,13.4322222222
65	285	1504242000	1504245599	7	56.2211111111,13.9122222222	56.0472222222,14.0175	56.0377777778,14.0	55.9616666667,13.8563888889	56.0,13.8644444444	56.095,13.8791666667	56.2211111111,13.9122222222
65	285	1504242000	1504245599	10	56.1641666667,12.44	56.1455555556,12.4777777778	56.1338888889,12.4983333333	56.1005555556,12.5638888889	56.0555555556,12.6527777778	56.0327777778,12.6569444444	56.0327777778,12.5322222222	56.1133333333,12.4544444444	56.1563888889,12.4127777778	56.1641666667,12.44
65	285	1504242000	1504245599	21	56.1752777778,12.9388888889	56.155,13.0255555556	56.1905555556,13.2572222222	56.2136111111,13.4033333333	56.1863888889,13.5119444444	56.095,13.8791666667	56.0,13.8644444444	56.0166666667,13.6366666667	55.925,13.4638888889	55.9144444444,13.5208333333	55.8158333333,13.11	55.7327777778,13.1155555556	55.8061111111,13.0405555556	55.8877777778,12.9561111111	55.9761111111,12.8655555556	55.9894444444,12.79	55.9994444444,12.7322222222	56.0075,12.7194444444	56.0944444444,12.8330555556	56.1416666667,12.8955555556	56.1752777778,12.9388888889
0	285	1504242000	1504245599	46	56.6411111111,13.5577777778	56.6480555556,13.4691666667	56.71,13.5494444444	57.0075,13.5133333333	57.1216666667,13.4322222222	57.0541666667,13.1294444444	56.9577777778,12.7047222222	56.9227777778,12.5522222222	56.6238888889,12.625	56.5880555556,12.1847222222	56.3880555556,12.235	56.3916666667,12.2322222222	56.5316666667,12.1236111111	56.6008333333,12.07	56.9855555556,11.7661111111	57.2275,12.6958333333	57.5227777778,12.9666666667	57.7672222222,13.1991666667	57.5366666667,13.6072222222	57.2211111111,13.8002777778	57.2119444444,14.0533333333	57.4308333333,14.1052777778	57.2747222222,14.3211111111	57.1211111111,14.5336111111	57.0819444444,14.4986111111	56.9997222222,14.4247222222	56.8780555556,14.0772222222	56.6116666667,13.9280555556	56.5075,14.1638888889	56.5955555556,14.3555555556	56.6341666667,14.5336111111	56.6905555556,14.7972222222	56.8652777778,14.8808333333	56.8008333333,14.9666666667	56.6888888889,15.1161111111	56.6280555556,15.1177777778	56.5016666667,14.8891666667	56.3166666667,14.5366666667	56.2161111111,14.3369444444	56.4772222222,14.3208333333	56.4769444444,14.1202777778	56.4769444444,13.9341666667	56.2211111111,13.9122222222	56.4172222222,13.5844444444	56.4666666667,13.5775	56.6411111111,13.5577777778
0	285	1504242000	1504245599	6	57.4308333333,14.1052777778	57.3208333333,14.3886111111	57.2275,14.6286111111	57.1211111111,14.5336111111	57.2747222222,14.3211111111	57.4308333333,14.1052777778
0	285	1504242000	1504245599	8	55.925,13.4638888889	56.0166666667,13.6366666667	56.0,13.8644444444	55.9616666667,13.8563888889	55.8805555556,13.7038888889	55.8941666667,13.6294444444	55.9144444444,13.5208333333	55.925,13.4638888889
155	285	1504242000	1504245599	8	57.7672222222,13.1991666667	57.5227777778,12.9666666667	57.2275,12.6958333333	56.9855555556,11.7661111111	57.3080555556,12.1563888889	57.4302777778,12.4291666667	57.4527777778,12.4813888889	57.7672222222,13.1991666667
