16
95	285	1504267200	1504270799	8	56.0472222222,14.0175	56.2161111111,14.3369444444	56.0730555556,14.3097222222	55.995,14.295	55.6811111111,14.2361111111	55.9063888889,14.1022222222	55.9897222222,14.0522222222	56.0472222222,14.0175
45	285	1504267200	1504270799	19	55.2594444444,14.4158333333	55.2741666667,14.4411111111	55.2844444444,14.4641666667	55.2941666667,14.4883333333	55.3027777778,14.5133333333	55.3105555556,14.5402777778	55.3172222222,14.5661111111	55.3233333333,14.5933333333	55.3280555556,14.6213888889	55.3319444444,14.65	55.3347222222,14.6788888889	55.3366666667,14.7080555556	55.3375,14.7372222222	54.9166666667,14.3575	54.9166666667,14.3441666667	54.9166666667,14.1666666667	55.1758333333,14.1666666667	55.2908333333,14.3077777778	55.2594444444,14.4158333333
195	285	1504267200	1504270799	11	55.6419444444,13.0933333333	55.57,13.0758333333	55.5494444444,13.0708333333	55.4972222222,13.0586111111	55.3669444444,13.0269444444	55.3847222222,13.0063888889	55.4825,12.8847222222	55.4877777778,12.8783333333	55.5169444444,12.8422222222	55.5425,12.8936111111	55.6419444444,13.0933333333
65	285	1504267200	1504270799	5	55.7744444444,13.8163888889	55.6811111111,14.2361111111	55.6261111111,14.0186111111	55.7044444444,13.8016666667	55.7744444444,13.8163888889
65	285	1504267200	1504270799	10	56.0472222222,14.0175	55.9897222222,14.0522222222	55.9063888889,14.1022222222	55.6811111111,14.2361111111	55.7744444444,13.8163888889	55.8563888889,13.8338888889	55.9266666667,13.8488888889	55.9616666667,13.8563888889	56.0377777778,14.0	56.0472222222,14.0175
0	285	1504267200	1504270799	4	56.045,14.9261111111	55.9469444444,15.0658333333	56.015,14.8202777778	56.045,14.9261111111
0	285	1504267200	1504270799	4	55.9469444444,15.0658333333	56.045,14.9261111111	56.0875,15.0758333333	55.9469444444,15.0658333333
0	285	1504267200	1504270799	5	56.1094444444,14.8333333333	56.045,14.9261111111	56.015,14.8202777778	56.0211111111,14.8211111111	56.1094444444,14.8333333333
0	285	1504267200	1504270799	7	56.5016666667,14.8891666667	56.4997222222,14.8888888889	56.2469444444,14.8527777778	56.1413888889,14.8377777778	56.1094444444,14.8333333333	56.3166666667,14.5366666667	56.5016666667,14.8891666667
0	285	1504267200	1504270799	29	55.7744444444,13.8163888889	55.7044444444,13.8016666667	55.6261111111,14.0186111111	55.6811111111,14.2361111111	55.2908333333,14.3077777778	55.1758333333,14.1666666667	54.9166666667,14.1666666667	54.9166666667,13.7608333333	54.9166666667,13.75	54.9166666667,13.6608333333	54.9166666667,13.5608333333	54.9166666667,13.3861111111	54.9166666667,13.0	55.0944444444,12.9994444444	55.2494444444,12.9988888889	55.3586111111,13.0252777778	55.3669444444,13.0269444444	55.4972222222,13.0586111111	55.5494444444,13.0708333333	55.57,13.0758333333	55.6419444444,13.0933333333	55.6791666667,13.1691666667	55.7441666667,13.3013888889	55.7666666667,13.3472222222	55.8805555556,13.7038888889	55.9616666667,13.8563888889	55.9266666667,13.8488888889	55.8563888889,13.8338888889	55.7744444444,13.8163888889
0	285	1504267200	1504270799	6	56.6280555556,15.1177777778	56.35,15.1261111111	56.2469444444,14.8527777778	56.4997222222,14.8888888889	56.5016666667,14.8891666667	56.6280555556,15.1177777778
0	285	1504267200	1504270799	4	55.9469444444,15.0658333333	55.3375,14.7372222222	56.015,14.8202777778	55.9469444444,15.0658333333
0	285	1504267200	1504270799	17	56.015,14.8202777778	55.3375,14.7372222222	55.3366666667,14.7080555556	55.3347222222,14.6788888889	55.3319444444,14.65	55.3280555556,14.6213888889	55.3233333333,14.5933333333	55.3172222222,14.5661111111	55.3105555556,14.5402777778	55.3027777778,14.5133333333	55.2941666667,14.4883333333	55.2844444444,14.4641666667	55.2741666667,14.4411111111	55.2594444444,14.4158333333	55.2908333333,14.3077777778	55.6811111111,14.2361111111	56.015,14.8202777778
0	285	1504267200	1504270799	9	55.995,14.295	56.0730555556,14.3097222222	56.2161111111,14.3369444444	56.3166666667,14.5366666667	56.1094444444,14.8333333333	56.0211111111,14.8211111111	56.015,14.8202777778	55.6811111111,14.2361111111	55.995,14.295
0	285	1504267200	1504270799	7	56.35,15.1261111111	56.0875,15.0758333333	56.045,14.9261111111	56.1094444444,14.8333333333	56.1413888889,14.8377777778	56.2469444444,14.8527777778	56.35,15.1261111111
155	285	1504267200	1504270799	7	54.9166666667,14.1666666667	54.9166666667,14.3441666667	54.9166666667,14.3575	54.7597222222,14.3372222222	54.6666666667,14.3252777778	54.9166666667,13.7608333333	54.9166666667,14.1666666667
