27
95	285	1504238400	1504240199	6	59.0119444444,16.7077777778	58.9758333333,17.2597222222	58.8311111111,16.9833333333	58.8563888889,16.2011111111	58.9425,16.6716666667	59.0119444444,16.7077777778
95	285	1504238400	1504240199	5	58.5711111111,14.98	58.5397222222,14.9775	58.4061111111,14.9375	58.2430555556,14.1638888889	58.5711111111,14.98
95	285	1504238400	1504240199	8	58.2191666667,18.2302777778	58.0836111111,18.4191666667	58.0411111111,18.4775	58.0141666667,18.5125	57.7413888889,17.8238888889	57.9136111111,17.8133333333	58.1722222222,17.8044444444	58.2191666667,18.2302777778
95	285	1504238400	1504240199	8	57.4552777778,15.0519444444	57.4483333333,15.1019444444	57.2377777778,15.1697222222	57.1691666667,15.0741666667	57.2147222222,14.7194444444	57.2275,14.6286111111	57.4816666667,14.8594444444	57.4552777778,15.0519444444
95	285	1504238400	1504240199	7	57.2161111111,16.4686111111	56.9633333333,16.5705555556	56.8669444444,16.6088888889	56.8669444444,15.8975	56.9788888889,15.9275	57.2233333333,16.1913888889	57.2161111111,16.4686111111
95	285	1504238400	1504240199	4	58.2427777778,18.4491666667	58.0836111111,18.4191666667	58.2191666667,18.2302777778	58.2427777778,18.4491666667
95	285	1504238400	1504240199	11	58.0641666667,14.3216666667	58.1077777778,14.8480555556	57.9680555556,14.9377777778	57.7141666667,14.7094444444	57.6630555556,14.4780555556	57.6502777778,14.4202777778	57.4308333333,14.1052777778	57.5163888889,13.7025	57.5366666667,13.6072222222	58.0338888889,13.9677777778	58.0641666667,14.3216666667
95	285	1504238400	1504240199	17	58.5711111111,14.98	58.6575,15.1611111111	58.6744444444,15.2441666667	58.7833333333,15.8069444444	58.4769444444,15.525	58.2261111111,16.0972222222	58.1927777778,16.1788888889	58.0580555556,16.03	57.9983333333,16.2561111111	57.8694444444,16.0769444444	57.9419444444,15.7775	57.9555555556,15.7127777778	58.1361111111,14.8597222222	58.2413888889,14.8886111111	58.4061111111,14.9375	58.5397222222,14.9775	58.5711111111,14.98
95	285	1504238400	1504240199	16	58.9758333333,17.2597222222	58.9666666667,17.4111111111	58.6166666667,17.4602777778	58.3663888889,17.215	58.2616666667,17.0477777778	58.1697222222,16.6355555556	58.1244444444,16.4322222222	58.1011111111,16.3997222222	57.9983333333,16.2561111111	58.0580555556,16.03	58.1927777778,16.1788888889	58.5644444444,16.5966666667	58.7172222222,16.8244444444	58.7952777778,16.9352777778	58.8311111111,16.9833333333	58.9758333333,17.2597222222
105	285	1504238400	1504240199	7	59.2494444444,17.7977777778	58.9758333333,17.2597222222	59.0119444444,16.7077777778	59.1619444444,16.7894444444	59.2311111111,16.8283333333	59.2838888889,16.8586111111	59.2494444444,17.7977777778
105	285	1504238400	1504240199	6	59.0130555556,18.1366666667	58.6166666667,17.4602777778	58.9666666667,17.4111111111	58.9758333333,17.2597222222	59.2494444444,17.7977777778	59.0130555556,18.1366666667
175	285	1504238400	1504240199	9	58.8563888889,16.2011111111	58.8311111111,16.9833333333	58.7952777778,16.9352777778	58.7172222222,16.8244444444	58.5644444444,16.5966666667	58.1927777778,16.1788888889	58.2261111111,16.0972222222	58.4769444444,15.525	58.8563888889,16.2011111111
175	285	1504238400	1504240199	5	58.7833333333,15.8069444444	58.8008333333,15.8986111111	58.8563888889,16.2011111111	58.4769444444,15.525	58.7833333333,15.8069444444
45	285	1504238400	1504240199	7	59.3922222222,16.9177777778	59.2838888889,16.8586111111	59.1591666667,16.6613888889	59.3238888889,16.3183333333	59.3458333333,16.5180555556	59.3661111111,16.6833333333	59.3922222222,16.9177777778
45	285	1504238400	1504240199	5	59.2838888889,16.8586111111	59.2311111111,16.8283333333	59.1619444444,16.7894444444	59.1591666667,16.6613888889	59.2838888889,16.8586111111
195	285	1504238400	1504240199	8	59.3969444444,17.8666666667	59.2494444444,17.7977777778	59.2838888889,16.8586111111	59.3922222222,16.9177777778	59.4269444444,17.2294444444	59.4547222222,17.7525	59.4047222222,17.8513888889	59.3969444444,17.8666666667
195	285	1504238400	1504240199	9	59.5930555556,17.4041666667	59.6519444444,17.9186111111	59.4983333333,17.8844444444	59.4047222222,17.8513888889	59.4547222222,17.7525	59.4269444444,17.2294444444	59.3922222222,16.9177777778	59.5388888889,17.3583333333	59.5930555556,17.4041666667
195	285	1504238400	1504240199	6	59.3969444444,17.8666666667	59.3477777778,17.9641666667	59.2133333333,18.4797222222	59.0130555556,18.1366666667	59.2494444444,17.7977777778	59.3969444444,17.8666666667
0	285	1504238400	1504240199	4	57.3719444444,16.8280555556	57.1355555556,17.2186111111	57.1475,16.8183333333	57.3719444444,16.8280555556
0	285	1504238400	1504240199	16	57.8722222222,15.1716666667	57.7619444444,15.4338888889	57.7508333333,15.4644444444	57.6247222222,15.7644444444	57.2377777778,15.1697222222	57.4483333333,15.1019444444	57.4552777778,15.0519444444	57.4816666667,14.8594444444	57.2275,14.6286111111	57.3208333333,14.3886111111	57.4308333333,14.1052777778	57.6502777778,14.4202777778	57.6630555556,14.4780555556	57.7141666667,14.7094444444	57.9680555556,14.9377777778	57.8722222222,15.1716666667
0	285	1504238400	1504240199	16	58.4061111111,14.9375	58.2413888889,14.8886111111	58.1361111111,14.8597222222	57.9555555556,15.7127777778	57.9419444444,15.7775	57.8694444444,16.0769444444	57.6247222222,15.7644444444	57.7508333333,15.4644444444	57.7619444444,15.4338888889	57.8722222222,15.1716666667	57.9680555556,14.9377777778	58.1077777778,14.8480555556	58.0641666667,14.3216666667	58.0338888889,13.9677777778	58.2430555556,14.1638888889	58.4061111111,14.9375
0	285	1504238400	1504240199	9	57.5430555556,16.8355555556	57.5,17.3333333333	57.4686111111,17.7180555556	57.4580555556,17.8383333333	57.3319444444,18.5605555556	57.1188888889,17.7863888889	57.1355555556,17.2186111111	57.3719444444,16.8280555556	57.5430555556,16.8355555556
0	285	1504238400	1504240199	11	57.9983333333,16.2561111111	57.8716666667,16.7572222222	57.7413888889,17.8238888889	57.4580555556,17.8383333333	57.4686111111,17.7180555556	57.5,17.3333333333	57.5430555556,16.8355555556	57.6030555556,16.0977777778	57.6247222222,15.7644444444	57.8694444444,16.0769444444	57.9983333333,16.2561111111
0	285	1504238400	1504240199	6	59.3238888889,16.3183333333	59.1591666667,16.6613888889	58.8563888889,16.2011111111	58.8008333333,15.8986111111	58.7833333333,15.8069444444	59.3238888889,16.3183333333
0	285	1504238400	1504240199	21	57.6247222222,15.7644444444	57.6030555556,16.0977777778	57.5430555556,16.8355555556	57.3719444444,16.8280555556	57.1475,16.8183333333	57.1355555556,17.2186111111	57.1188888889,17.7863888889	57.0227777778,17.4002777778	56.8666666667,16.7719444444	56.8669444444,16.6088888889	56.9633333333,16.5705555556	57.2161111111,16.4686111111	57.2233333333,16.1913888889	56.9788888889,15.9275	56.8669444444,15.8975	56.8666666667,15.6663888889	56.8666666667,15.5402777778	56.9561111111,15.4025	57.1691666667,15.0741666667	57.2377777778,15.1697222222	57.6247222222,15.7644444444
0	285	1504238400	1504240199	6	59.1619444444,16.7894444444	59.0119444444,16.7077777778	58.9425,16.6716666667	58.8563888889,16.2011111111	59.1591666667,16.6613888889	59.1619444444,16.7894444444
0	285	1504238400	1504240199	18	59.2133333333,18.4797222222	59.1175,18.4797222222	58.4011111111,18.4794444444	58.2427777778,18.4491666667	58.2191666667,18.2302777778	58.1722222222,17.8044444444	57.9136111111,17.8133333333	57.7413888889,17.8238888889	57.8716666667,16.7572222222	57.9983333333,16.2561111111	58.1011111111,16.3997222222	58.1244444444,16.4322222222	58.1697222222,16.6355555556	58.2616666667,17.0477777778	58.3663888889,17.215	58.6166666667,17.4602777778	59.0130555556,18.1366666667	59.2133333333,18.4797222222
