11
95	285	1504251000	1504252799	7	57.2161111111,16.4686111111	56.9633333333,16.5705555556	56.8669444444,16.6088888889	56.8669444444,15.8975	56.9788888889,15.9275	57.2233333333,16.1913888889	57.2161111111,16.4686111111
95	285	1504251000	1504252799	5	58.5711111111,14.98	58.5397222222,14.9775	58.4061111111,14.9375	58.2430555556,14.1638888889	58.5711111111,14.98
95	285	1504251000	1504252799	17	58.5711111111,14.98	58.6575,15.1611111111	58.6744444444,15.2441666667	58.7833333333,15.8069444444	58.4769444444,15.525	58.2261111111,16.0972222222	58.1927777778,16.1788888889	58.0580555556,16.03	57.9983333333,16.2561111111	57.8694444444,16.0769444444	57.9419444444,15.7775	57.9555555556,15.7127777778	58.1361111111,14.8597222222	58.2413888889,14.8886111111	58.4061111111,14.9375	58.5397222222,14.9775	58.5711111111,14.98
95	285	1504251000	1504252799	11	58.0641666667,14.3216666667	58.1077777778,14.8480555556	57.9680555556,14.9377777778	57.7141666667,14.7094444444	57.6630555556,14.4780555556	57.6502777778,14.4202777778	57.4308333333,14.1052777778	57.5163888889,13.7025	57.5366666667,13.6072222222	58.0338888889,13.9677777778	58.0641666667,14.3216666667
95	285	1504251000	1504252799	8	57.4552777778,15.0519444444	57.4483333333,15.1019444444	57.2377777778,15.1697222222	57.1691666667,15.0741666667	57.2147222222,14.7194444444	57.2275,14.6286111111	57.4816666667,14.8594444444	57.4552777778,15.0519444444
0	285	1504251000	1504252799	4	57.3719444444,16.8280555556	57.1355555556,17.2186111111	57.1475,16.8183333333	57.3719444444,16.8280555556
0	285	1504251000	1504252799	16	57.8722222222,15.1716666667	57.7619444444,15.4338888889	57.7508333333,15.4644444444	57.6247222222,15.7644444444	57.2377777778,15.1697222222	57.4483333333,15.1019444444	57.4552777778,15.0519444444	57.4816666667,14.8594444444	57.2275,14.6286111111	57.3208333333,14.3886111111	57.4308333333,14.1052777778	57.6502777778,14.4202777778	57.6630555556,14.4780555556	57.7141666667,14.7094444444	57.9680555556,14.9377777778	57.8722222222,15.1716666667
0	285	1504251000	1504252799	16	58.4061111111,14.9375	58.2413888889,14.8886111111	58.1361111111,14.8597222222	57.9555555556,15.7127777778	57.9419444444,15.7775	57.8694444444,16.0769444444	57.6247222222,15.7644444444	57.7508333333,15.4644444444	57.7619444444,15.4338888889	57.8722222222,15.1716666667	57.9680555556,14.9377777778	58.1077777778,14.8480555556	58.0641666667,14.3216666667	58.0338888889,13.9677777778	58.2430555556,14.1638888889	58.4061111111,14.9375
0	285	1504251000	1504252799	9	57.5430555556,16.8355555556	57.5,17.3333333333	57.4686111111,17.7180555556	57.4580555556,17.8383333333	57.3319444444,18.5605555556	57.1188888889,17.7863888889	57.1355555556,17.2186111111	57.3719444444,16.8280555556	57.5430555556,16.8355555556
0	285	1504251000	1504252799	11	57.9983333333,16.2561111111	57.8716666667,16.7572222222	57.7413888889,17.8238888889	57.4580555556,17.8383333333	57.4686111111,17.7180555556	57.5,17.3333333333	57.5430555556,16.8355555556	57.6030555556,16.0977777778	57.6247222222,15.7644444444	57.8694444444,16.0769444444	57.9983333333,16.2561111111
0	285	1504251000	1504252799	21	57.6247222222,15.7644444444	57.6030555556,16.0977777778	57.5430555556,16.8355555556	57.3719444444,16.8280555556	57.1475,16.8183333333	57.1355555556,17.2186111111	57.1188888889,17.7863888889	57.0227777778,17.4002777778	56.8666666667,16.7719444444	56.8669444444,16.6088888889	56.9633333333,16.5705555556	57.2161111111,16.4686111111	57.2233333333,16.1913888889	56.9788888889,15.9275	56.8669444444,15.8975	56.8666666667,15.6663888889	56.8666666667,15.5402777778	56.9561111111,15.4025	57.1691666667,15.0741666667	57.2377777778,15.1697222222	57.6247222222,15.7644444444
