16
95	285	1504288800	1504295999	16	58.9758333333,17.2597222222	58.9666666667,17.4111111111	58.6166666667,17.4602777778	58.3663888889,17.215	58.2616666667,17.0477777778	58.1697222222,16.6355555556	58.1244444444,16.4322222222	58.1011111111,16.3997222222	57.9983333333,16.2561111111	58.0580555556,16.03	58.1927777778,16.1788888889	58.5644444444,16.5966666667	58.7172222222,16.8244444444	58.7952777778,16.9352777778	58.8311111111,16.9833333333	58.9758333333,17.2597222222
95	285	1504288800	1504295999	6	59.0119444444,16.7077777778	58.9758333333,17.2597222222	58.8311111111,16.9833333333	58.8563888889,16.2011111111	58.9425,16.6716666667	59.0119444444,16.7077777778
95	285	1504288800	1504295999	8	58.2191666667,18.2302777778	58.0836111111,18.4191666667	58.0411111111,18.4775	58.0141666667,18.5125	57.7413888889,17.8238888889	57.9136111111,17.8133333333	58.1722222222,17.8044444444	58.2191666667,18.2302777778
95	285	1504288800	1504295999	4	58.2427777778,18.4491666667	58.0836111111,18.4191666667	58.2191666667,18.2302777778	58.2427777778,18.4491666667
105	285	1504288800	1504295999	7	59.2494444444,17.7977777778	58.9758333333,17.2597222222	59.0119444444,16.7077777778	59.1619444444,16.7894444444	59.2311111111,16.8283333333	59.2838888889,16.8586111111	59.2494444444,17.7977777778
105	285	1504288800	1504295999	6	59.0130555556,18.1366666667	58.6166666667,17.4602777778	58.9666666667,17.4111111111	58.9758333333,17.2597222222	59.2494444444,17.7977777778	59.0130555556,18.1366666667
175	285	1504288800	1504295999	9	58.8563888889,16.2011111111	58.8311111111,16.9833333333	58.7952777778,16.9352777778	58.7172222222,16.8244444444	58.5644444444,16.5966666667	58.1927777778,16.1788888889	58.2261111111,16.0972222222	58.4769444444,15.525	58.8563888889,16.2011111111
175	285	1504288800	1504295999	5	58.7833333333,15.8069444444	58.8008333333,15.8986111111	58.8563888889,16.2011111111	58.4769444444,15.525	58.7833333333,15.8069444444
45	285	1504288800	1504295999	7	59.3922222222,16.9177777778	59.2838888889,16.8586111111	59.1591666667,16.6613888889	59.3238888889,16.3183333333	59.3458333333,16.5180555556	59.3661111111,16.6833333333	59.3922222222,16.9177777778
45	285	1504288800	1504295999	5	59.2838888889,16.8586111111	59.2311111111,16.8283333333	59.1619444444,16.7894444444	59.1591666667,16.6613888889	59.2838888889,16.8586111111
195	285	1504288800	1504295999	8	59.3969444444,17.8666666667	59.2494444444,17.7977777778	59.2838888889,16.8586111111	59.3922222222,16.9177777778	59.4269444444,17.2294444444	59.4547222222,17.7525	59.4047222222,17.8513888889	59.3969444444,17.8666666667
195	285	1504288800	1504295999	6	59.3969444444,17.8666666667	59.3477777778,17.9641666667	59.2133333333,18.4797222222	59.0130555556,18.1366666667	59.2494444444,17.7977777778	59.3969444444,17.8666666667
195	285	1504288800	1504295999	9	59.5930555556,17.4041666667	59.6519444444,17.9186111111	59.4983333333,17.8844444444	59.4047222222,17.8513888889	59.4547222222,17.7525	59.4269444444,17.2294444444	59.3922222222,16.9177777778	59.5388888889,17.3583333333	59.5930555556,17.4041666667
0	285	1504288800	1504295999	6	59.3238888889,16.3183333333	59.1591666667,16.6613888889	58.8563888889,16.2011111111	58.8008333333,15.8986111111	58.7833333333,15.8069444444	59.3238888889,16.3183333333
0	285	1504288800	1504295999	6	59.1619444444,16.7894444444	59.0119444444,16.7077777778	58.9425,16.6716666667	58.8563888889,16.2011111111	59.1591666667,16.6613888889	59.1619444444,16.7894444444
0	285	1504288800	1504295999	18	59.2133333333,18.4797222222	59.1175,18.4797222222	58.4011111111,18.4794444444	58.2427777778,18.4491666667	58.2191666667,18.2302777778	58.1722222222,17.8044444444	57.9136111111,17.8133333333	57.7413888889,17.8238888889	57.8716666667,16.7572222222	57.9983333333,16.2561111111	58.1011111111,16.3997222222	58.1244444444,16.4322222222	58.1697222222,16.6355555556	58.2616666667,17.0477777778	58.3663888889,17.215	58.6166666667,17.4602777778	59.0130555556,18.1366666667	59.2133333333,18.4797222222
