23
95	285	1504252800	1504274399	14	59.9586111111,17.2422222222	59.7205555556,17.1097222222	59.7,17.1	59.3922222222,16.9177777778	59.3661111111,16.6833333333	59.3458333333,16.5180555556	59.3238888889,16.3183333333	59.2902777778,15.6908333333	59.5222222222,15.3077777778	60.0452777778,15.7197222222	60.075,15.7433333333	60.0311111111,16.3086111111	59.9780555556,16.9908333333	59.9586111111,17.2422222222
95	285	1504252800	1504274399	6	60.3494444444,16.1466666667	60.1236111111,16.4586111111	60.0311111111,16.3086111111	60.075,15.7433333333	60.1605555556,15.8136111111	60.3494444444,16.1466666667
95	285	1504252800	1504274399	5	60.3688888889,16.9	60.1111111111,17.3016666667	60.3494444444,16.1466666667	60.4652777778,16.3322222222	60.3688888889,16.9
95	999	1504252800	1504274399	8	61.0594444444,12.6811111111	60.6422222222,12.5108333333	60.7338888889,12.3955555556	60.8333333333,12.35	60.9188888889,12.2930555556	61.0,12.2388888889	61.0527777778,12.4775	61.0594444444,12.6811111111
95	999	1504252800	1504274399	8	59.5222222222,15.3077777778	59.2902777778,15.6908333333	58.9594444444,15.1066666667	58.9002777778,14.9661111111	59.1005555556,14.4936111111	59.2338888889,14.8477777778	59.485,14.9477777778	59.5222222222,15.3077777778
95	999	1504252800	1504274399	8	59.7866666667,14.2013888889	59.6541666667,14.2933333333	59.4283333333,13.9638888889	59.2988888889,13.6905555556	59.5125,13.1708333333	59.7761111111,13.4255555556	59.7788888889,13.5936111111	59.7866666667,14.2013888889
95	999	1504252800	1504274399	7	60.5827777778,15.2969444444	60.4911111111,15.6316666667	60.3383333333,15.8802777778	60.2516666667,15.7302777778	60.3494444444,15.3816666667	60.5077777778,15.1552777778	60.5827777778,15.2969444444
65	999	1504252800	1504274399	6	59.1005555556,14.4936111111	58.9002777778,14.9661111111	58.8286111111,14.7961111111	58.9047222222,14.6202777778	59.0327777778,14.3172222222	59.1005555556,14.4936111111
85	285	1504252800	1504274399	7	60.1111111111,17.3016666667	59.9586111111,17.2422222222	59.9780555556,16.9908333333	60.0311111111,16.3086111111	60.1236111111,16.4586111111	60.3494444444,16.1466666667	60.1111111111,17.3016666667
0	999	1504252800	1504274399	39	61.0719444444,14.5705555556	60.4652777778,16.3322222222	60.3494444444,16.1466666667	60.3383333333,15.8802777778	60.4911111111,15.6316666667	60.5827777778,15.2969444444	60.5077777778,15.1552777778	60.3494444444,15.3816666667	60.2516666667,15.7302777778	60.1605555556,15.8136111111	60.075,15.7433333333	60.0452777778,15.7197222222	59.5222222222,15.3077777778	59.485,14.9477777778	59.2338888889,14.8477777778	59.1005555556,14.4936111111	59.0327777778,14.3172222222	59.2988888889,13.6905555556	59.4283333333,13.9638888889	59.6541666667,14.2933333333	59.7866666667,14.2013888889	59.7788888889,13.5936111111	59.7761111111,13.4255555556	59.5125,13.1708333333	59.75,12.3222222222	59.8897222222,12.1741666667	59.8983333333,12.1677777778	60.0127777778,12.3922222222	60.1,12.5	60.1777777778,12.5347222222	60.3,12.4972222222	60.3063888889,12.5011111111	60.3791666667,12.5833333333	60.5127777778,12.6066666667	60.6422222222,12.5108333333	61.0594444444,12.6811111111	61.1513888889,12.7194444444	61.3666666667,12.8333333333	61.0719444444,14.5705555556
0	999	1504252800	1504274399	5	60.3383333333,15.8802777778	60.3494444444,16.1466666667	60.1605555556,15.8136111111	60.2516666667,15.7302777778	60.3383333333,15.8802777778
0	999	1504252800	1504274399	10	59.3238888889,16.3183333333	58.7833333333,15.8069444444	58.6744444444,15.2441666667	58.6575,15.1611111111	58.7466666667,14.9827777778	58.8286111111,14.7961111111	58.9002777778,14.9661111111	58.9594444444,15.1066666667	59.2902777778,15.6908333333	59.3238888889,16.3183333333
195	285	1504252800	1504274399	4	59.9761111111,17.3316666667	59.9586111111,17.2422222222	60.1111111111,17.3016666667	59.9761111111,17.3316666667
195	285	1504252800	1504274399	9	59.7205555556,17.1097222222	59.9586111111,17.2422222222	59.9761111111,17.3316666667	59.7672222222,17.3719444444	59.5930555556,17.4041666667	59.5388888889,17.3583333333	59.3922222222,16.9177777778	59.7,17.1	59.7205555556,17.1097222222
285	999	1504252800	1504274399	6	59.9780555556,16.9908333333	59.9586111111,17.2422222222	59.7205555556,17.1097222222	59.7,17.1	59.9369444444,16.8927777778	59.9780555556,16.9908333333
285	999	1504252800	1504274399	5	58.7833333333,15.8069444444	58.8008333333,15.8986111111	58.8563888889,16.2011111111	58.4769444444,15.525	58.7833333333,15.8069444444
285	999	1504252800	1504274399	16	60.4652777778,16.3322222222	60.3688888889,16.9	60.1111111111,17.3016666667	59.9780555556,16.9908333333	59.9369444444,16.8927777778	59.7494444444,16.4466666667	59.3238888889,16.3183333333	59.2902777778,15.6908333333	59.4608333333,15.9866666667	59.5758333333,15.8491666667	59.5222222222,15.3077777778	60.0452777778,15.7197222222	60.075,15.7433333333	60.1605555556,15.8136111111	60.3494444444,16.1466666667	60.4652777778,16.3322222222
285	999	1504252800	1504274399	8	59.9369444444,16.8927777778	59.7,17.1	59.3922222222,16.9177777778	59.3661111111,16.6833333333	59.3458333333,16.5180555556	59.3238888889,16.3183333333	59.7494444444,16.4466666667	59.9369444444,16.8927777778
285	999	1504252800	1504274399	6	59.3238888889,16.3183333333	59.1591666667,16.6613888889	58.8563888889,16.2011111111	58.8008333333,15.8986111111	58.7833333333,15.8069444444	59.3238888889,16.3183333333
285	999	1504252800	1504274399	5	59.5758333333,15.8491666667	59.4608333333,15.9866666667	59.2902777778,15.6908333333	59.5222222222,15.3077777778	59.5758333333,15.8491666667
285	999	1504252800	1504274399	6	58.7833333333,15.8069444444	58.4769444444,15.525	58.6494444444,15.1772222222	58.6575,15.1611111111	58.6744444444,15.2441666667	58.7833333333,15.8069444444
285	999	1504252800	1504274399	7	59.3922222222,16.9177777778	59.2838888889,16.8586111111	59.1591666667,16.6613888889	59.3238888889,16.3183333333	59.3458333333,16.5180555556	59.3661111111,16.6833333333	59.3922222222,16.9177777778
285	999	1504252800	1504274399	4	60.1111111111,17.3016666667	59.9586111111,17.2422222222	59.9780555556,16.9908333333	60.1111111111,17.3016666667
