15
95	285	1504242000	1504288799	7	58.2541666667,18.5608333333	58.0783333333,18.6752777778	58.0141666667,18.5125	58.0411111111,18.4775	58.0836111111,18.4191666667	58.2427777778,18.4491666667	58.2541666667,18.5608333333
0	999	1504242000	1504288799	19	59.1536111111,18.5986111111	59.2133333333,18.4797222222	59.6833333333,19.0	60.0225,18.7391666667	60.1086111111,19.2047222222	60.0663888889,19.2688888889	60.0444444444,19.3016666667	59.9813888889,19.3925	59.9744444444,19.4027777778	59.9708333333,19.4080555556	59.9330555556,19.4622222222	59.8216666667,19.6219444444	59.7894444444,19.665	59.7497222222,19.7241666667	59.6947222222,19.7988888889	59.6388888889,19.8769444444	59.6080555556,19.92	59.5627777778,19.9830555556	59.1536111111,18.5986111111
0	999	1504242000	1504288799	4	59.2133333333,18.4797222222	59.1536111111,18.5986111111	59.1175,18.4797222222	59.2133333333,18.4797222222
285	999	1504242000	1504288799	9	59.7205555556,17.1097222222	59.9586111111,17.2422222222	59.9761111111,17.3316666667	59.7672222222,17.3719444444	59.5930555556,17.4041666667	59.5388888889,17.3583333333	59.3922222222,16.9177777778	59.7,17.1	59.7205555556,17.1097222222
285	999	1504242000	1504288799	11	60.2416666667,18.5766666667	60.3583333333,19.15	60.3008333333,19.1322222222	60.2522222222,19.1119444444	60.1916666667,19.0866666667	60.185,19.0963888889	60.1586111111,19.1347222222	60.1086111111,19.2047222222	60.0225,18.7391666667	60.0969444444,18.6827777778	60.2416666667,18.5766666667
285	999	1504242000	1504288799	4	59.0130555556,18.1366666667	59.2133333333,18.4797222222	59.1175,18.4797222222	59.0130555556,18.1366666667
285	999	1504242000	1504288799	5	60.1527777778,18.1522222222	60.2416666667,18.5766666667	60.0969444444,18.6827777778	60.1366666667,18.2944444444	60.1527777778,18.1522222222
285	999	1504242000	1504288799	9	59.3922222222,16.9177777778	59.5388888889,17.3583333333	59.5930555556,17.4041666667	59.6519444444,17.9186111111	59.4983333333,17.8844444444	59.4047222222,17.8513888889	59.4547222222,17.7525	59.4269444444,17.2294444444	59.3922222222,16.9177777778
285	999	1504242000	1504288799	8	59.3969444444,17.8666666667	59.2494444444,17.7977777778	59.2838888889,16.8586111111	59.3922222222,16.9177777778	59.4269444444,17.2294444444	59.4547222222,17.7525	59.4047222222,17.8513888889	59.3969444444,17.8666666667
285	999	1504242000	1504288799	12	60.0566666667,17.6938888889	60.1527777778,18.1522222222	60.1366666667,18.2944444444	60.0969444444,18.6827777778	60.0225,18.7391666667	59.8905555556,18.0258333333	59.8161111111,17.9991666667	59.6519444444,17.9186111111	59.5930555556,17.4041666667	59.7672222222,17.3719444444	59.9761111111,17.3316666667	60.0566666667,17.6938888889
285	999	1504242000	1504288799	6	59.3969444444,17.8666666667	59.3477777778,17.9641666667	59.2133333333,18.4797222222	59.0130555556,18.1366666667	59.2494444444,17.7977777778	59.3969444444,17.8666666667
195	999	1504242000	1504288799	11	60.0225,18.7391666667	59.6833333333,19.0	59.2133333333,18.4797222222	59.3477777778,17.9641666667	59.3969444444,17.8666666667	59.4047222222,17.8513888889	59.4983333333,17.8844444444	59.6519444444,17.9186111111	59.8161111111,17.9991666667	59.8905555556,18.0258333333	60.0225,18.7391666667
0	285	1504242000	1504288799	35	59.5627777778,19.9830555556	59.5544444444,19.9986111111	59.5480555556,20.0102777778	59.5452777778,20.0152777778	59.5405555556,20.0236111111	59.4738888889,20.1475	59.3186111111,20.4316666667	59.2566666667,20.5441666667	59.1827777778,20.6761111111	59.1769444444,20.6869444444	59.1541666667,20.7272222222	59.1461111111,20.7416666667	59.1244444444,20.7797222222	59.1166666667,20.7936111111	59.1086111111,20.8080555556	59.1030555556,20.8180555556	59.0477777778,20.9158333333	59.0291666667,20.9486111111	59.0,21.0	58.905,20.9413888889	58.6277777778,20.7716666667	58.4133333333,20.6427777778	58.3044444444,20.5786111111	58.1672222222,20.4966666667	58.0280555556,20.4147222222	57.7841666667,20.2747222222	57.3319444444,18.5605555556	57.7069444444,18.9127777778	58.0783333333,18.6752777778	58.2541666667,18.5608333333	58.2427777778,18.4491666667	58.4011111111,18.4794444444	59.1175,18.4797222222	59.1536111111,18.5986111111	59.5627777778,19.9830555556
155	285	1504242000	1504288799	6	58.0141666667,18.5125	57.7069444444,18.9127777778	57.3319444444,18.5605555556	57.4580555556,17.8383333333	57.7413888889,17.8238888889	58.0141666667,18.5125
155	285	1504242000	1504288799	4	58.0783333333,18.6752777778	57.7069444444,18.9127777778	58.0141666667,18.5125	58.0783333333,18.6752777778
