12
285	999	1504245600	1504295999	4	59.9761111111,17.3316666667	59.9586111111,17.2422222222	60.1111111111,17.3016666667	59.9761111111,17.3316666667
95	999	1504245600	1504295999	12	63.5125,20.8838888889	62.1516666667,19.8702777778	62.1927777778,19.7266666667	62.3969444444,19.8216666667	62.415,19.8241666667	62.4666666667,19.8333333333	62.8305555556,20.0108333333	63.1666666667,20.1666666667	63.4186111111,20.5741666667	63.4355555556,20.6091666667	63.4666666667,20.6666666667	63.5125,20.8838888889
95	999	1504245600	1504295999	5	63.7886111111,20.2852777778	63.5966666667,20.7025	63.2833333333,20.1666666667	63.8166666667,19.4333333333	63.7886111111,20.2852777778
95	999	1504245600	1504295999	9	63.7355555556,19.0480555556	63.3988888889,19.7177777778	63.0697222222,19.2608333333	62.8377777778,18.9930555556	62.845,18.6563888889	63.3469444444,18.2547222222	63.54,18.5091666667	63.6686111111,18.6811111111	63.7355555556,19.0480555556
95	999	1504245600	1504295999	8	62.1516666667,19.8702777778	61.6205555556,19.4872222222	61.6666666667,19.5	61.7180555556,19.5216666667	61.7619444444,19.5402777778	62.0,19.6333333333	62.1927777778,19.7266666667	62.1516666667,19.8702777778
0	999	1504245600	1504295999	20	61.6055555556,19.4827777778	61.3625,19.4158333333	61.0647222222,19.3166666667	61.0,19.3	60.6983333333,19.2369444444	60.4686111111,19.1758333333	60.3702777778,19.1502777778	60.3583333333,19.15	60.2416666667,18.5766666667	60.1527777778,18.1522222222	60.16,18.0808333333	60.1727777778,18.0488888889	60.2130555556,17.9455555556	60.2580555556,17.8280555556	60.2333333333,17.6	60.1111111111,17.3016666667	60.3688888889,16.9	61.1425,17.5133333333	61.6302777778,18.4077777778	61.6055555556,19.4827777778
0	999	1504245600	1504295999	30	63.8166666667,19.4333333333	63.2833333333,20.1666666667	63.5966666667,20.7025	63.5125,20.8838888889	63.4666666667,20.6666666667	63.4355555556,20.6091666667	63.4186111111,20.5741666667	63.1666666667,20.1666666667	62.8305555556,20.0108333333	62.4666666667,19.8333333333	62.415,19.8241666667	62.3969444444,19.8216666667	62.1927777778,19.7266666667	62.0,19.6333333333	61.7619444444,19.5402777778	61.7180555556,19.5216666667	61.6666666667,19.5	61.6205555556,19.4872222222	61.6055555556,19.4827777778	61.6302777778,18.4077777778	61.1425,17.5133333333	62.2916666667,16.8769444444	62.7316666667,16.6313888889	62.845,18.6563888889	62.8377777778,18.9930555556	63.0697222222,19.2608333333	63.3988888889,19.7177777778	63.7355555556,19.0480555556	63.8072222222,18.8686111111	63.8166666667,19.4333333333
0	999	1504245600	1504295999	9	63.915,18.2816666667	63.8072222222,18.8686111111	63.7355555556,19.0480555556	63.6686111111,18.6811111111	63.54,18.5091666667	63.3469444444,18.2547222222	62.845,18.6563888889	62.7316666667,16.6313888889	63.915,18.2816666667
195	285	1504245600	1504295999	12	60.0566666667,17.6938888889	60.1527777778,18.1522222222	60.1366666667,18.2944444444	60.0969444444,18.6827777778	60.0225,18.7391666667	59.8905555556,18.0258333333	59.8161111111,17.9991666667	59.6519444444,17.9186111111	59.5930555556,17.4041666667	59.7672222222,17.3719444444	59.9761111111,17.3316666667	60.0566666667,17.6938888889
195	999	1504245600	1504295999	10	60.1111111111,17.3016666667	60.2333333333,17.6	60.2580555556,17.8280555556	60.2130555556,17.9455555556	60.1727777778,18.0488888889	60.16,18.0808333333	60.1527777778,18.1522222222	60.0566666667,17.6938888889	59.9761111111,17.3316666667	60.1111111111,17.3016666667
0	285	1504245600	1504295999	11	60.2416666667,18.5766666667	60.3583333333,19.15	60.3008333333,19.1322222222	60.2522222222,19.1119444444	60.1916666667,19.0866666667	60.185,19.0963888889	60.1586111111,19.1347222222	60.1086111111,19.2047222222	60.0225,18.7391666667	60.0969444444,18.6827777778	60.2416666667,18.5766666667
0	285	1504245600	1504295999	5	60.1527777778,18.1522222222	60.2416666667,18.5766666667	60.0969444444,18.6827777778	60.1366666667,18.2944444444	60.1527777778,18.1522222222
