24
95	999	1504240200	1504241999	17	63.5977777778,13.8491666667	63.5666666667,14.05	63.2741666667,13.7230555556	63.15,13.5666666667	63.0391666667,14.0366666667	62.9661111111,14.3597222222	62.8166666667,15.0	63.0572222222,15.1969444444	63.3166666667,15.4166666667	63.2794444444,15.5975	62.7611111111,15.3008333333	62.7147222222,15.1558333333	62.6875,15.0519444444	62.9786111111,14.0325	63.1672222222,13.3472222222	63.3258333333,13.53	63.5977777778,13.8491666667
95	999	1504240200	1504241999	10	64.75,20.8936111111	64.645,21.7797222222	64.4333333333,21.6130555556	64.3447222222,21.52	64.1866666667,21.3555555556	64.2461111111,20.5819444444	64.4375,20.5083333333	64.5905555556,20.4472222222	64.7888888889,20.5655555556	64.75,20.8936111111
95	999	1504240200	1504241999	5	63.7886111111,20.2852777778	63.5966666667,20.7025	63.2833333333,20.1666666667	63.8166666667,19.4333333333	63.7886111111,20.2852777778
95	999	1504240200	1504241999	8	62.1516666667,19.8702777778	61.6205555556,19.4872222222	61.6666666667,19.5	61.7180555556,19.5216666667	61.7619444444,19.5402777778	62.0,19.6333333333	62.1927777778,19.7266666667	62.1516666667,19.8702777778
95	999	1504240200	1504241999	10	63.5666666667,14.05	63.4847222222,14.4883333333	63.3166666667,15.4166666667	63.0572222222,15.1969444444	62.8166666667,15.0	62.9661111111,14.3597222222	63.0391666667,14.0366666667	63.15,13.5666666667	63.2741666667,13.7230555556	63.5666666667,14.05
95	999	1504240200	1504241999	12	63.5125,20.8838888889	62.1516666667,19.8702777778	62.1927777778,19.7266666667	62.3969444444,19.8216666667	62.415,19.8241666667	62.4666666667,19.8333333333	62.8305555556,20.0108333333	63.1666666667,20.1666666667	63.4186111111,20.5741666667	63.4355555556,20.6091666667	63.4666666667,20.6666666667	63.5125,20.8838888889
95	999	1504240200	1504241999	9	64.0697222222,20.3344444444	64.0083333333,20.6886111111	63.7666666667,21.0	63.5966666667,20.7025	63.7886111111,20.2852777778	63.8166666667,19.4333333333	63.9838888889,19.7197222222	64.0036111111,19.86	64.0697222222,20.3344444444
95	999	1504240200	1504241999	9	63.7355555556,19.0480555556	63.3988888889,19.7177777778	63.0697222222,19.2608333333	62.8377777778,18.9930555556	62.845,18.6563888889	63.3469444444,18.2547222222	63.54,18.5091666667	63.6686111111,18.6811111111	63.7355555556,19.0480555556
95	999	1504240200	1504241999	5	65.8583333333,18.9202777778	65.5036111111,20.0041666667	65.3244444444,19.6588888889	65.6769444444,18.5780555556	65.8583333333,18.9202777778
0	999	1504240200	1504241999	5	62.6875,15.0519444444	62.7147222222,15.1558333333	61.9111111111,14.8769444444	62.1605555556,14.8808333333	62.6875,15.0519444444
0	999	1504240200	1504241999	21	64.6433333333,13.7088888889	64.5566666667,14.3180555556	64.3986111111,15.3627777778	63.915,18.2816666667	62.7316666667,16.6313888889	62.2916666667,16.8769444444	61.1425,17.5133333333	61.6,16.8333333333	62.7147222222,15.1558333333	62.7611111111,15.3008333333	63.2794444444,15.5975	63.3166666667,15.4166666667	63.4847222222,14.4883333333	63.5666666667,14.05	64.0,13.9333333333	64.2,14.1666666667	64.4625,14.1138888889	64.5005555556,13.9366666667	64.5555555556,13.7341666667	64.6,13.6666666667	64.6433333333,13.7088888889
0	999	1504240200	1504241999	46	68.3508333333,19.9594444444	68.2125,20.275	68.1666666667,20.3833333333	68.1525,20.4583333333	68.0341666667,20.1672222222	67.9327777778,20.0625	67.8738888889,20.0441666667	67.7486111111,19.8291666667	67.54,19.9183333333	67.3569444444,19.9958333333	66.2166666667,19.6916666667	65.8333333333,19.2	65.8583333333,18.9202777778	65.6769444444,18.5780555556	64.5,15.6	64.3986111111,15.3627777778	64.5566666667,14.3180555556	64.6433333333,13.7088888889	64.6502777778,13.7180555556	64.6747222222,13.7480555556	64.8425,13.9566666667	65.1,14.3	65.2666666667,14.4166666667	65.5158333333,14.4988888889	65.5577777778,14.5083333333	65.5841666667,14.5141666667	65.75,14.5833333333	65.8,14.6	66.1333333333,14.5333333333	66.1358333333,14.6005555556	66.1536111111,15.0355555556	66.0858333333,15.5038888889	67.0,16.3933333333	68.0844444444,17.4402777778	68.0486111111,17.6363888889	67.9686111111,17.9013888889	68.2052777778,18.1602777778	68.4116666667,18.1	68.4263888889,18.105	68.5383333333,18.1252777778	68.5833333333,18.4166666667	68.5066666667,18.6252777778	68.4977777778,19.0986111111	68.485,19.1686111111	68.3597222222,19.9147222222	68.3508333333,19.9594444444
0	999	1504240200	1504241999	45	64.0666666667,13.0	64.0733333333,13.1919444444	64.0797222222,13.3761111111	64.0586111111,13.6005555556	64.0341666667,13.7938888889	64.0,13.9333333333	63.5666666667,14.05	63.5977777778,13.8491666667	63.3258333333,13.53	63.1672222222,13.3472222222	62.9786111111,14.0325	62.6875,15.0519444444	62.1605555556,14.8808333333	62.1602777778,13.8191666667	61.9108333333,13.8241666667	61.9111111111,14.8769444444	62.7147222222,15.1558333333	61.6,16.8333333333	61.1425,17.5133333333	60.3688888889,16.9	60.4652777778,16.3322222222	61.0719444444,14.5705555556	61.3666666667,12.8333333333	61.4997222222,12.6677777778	61.5666666667,12.5833333333	62.0,12.2166666667	62.1,12.2502777778	62.2666666667,12.3111111111	62.3197222222,12.2622222222	62.3602777778,12.2336111111	62.4341666667,12.1813888889	62.5,12.1708333333	62.6666666667,12.05	62.9166666667,12.0833333333	62.9372222222,12.1252777778	63.0,12.25	63.2833333333,12.0	63.3308333333,12.0525	63.35,12.0833333333	63.4344444444,12.2038888889	63.4666666667,12.25	63.6,12.1666666667	63.9613888889,12.8111111111	64.0558333333,12.9808333333	64.0666666667,13.0
0	999	1504240200	1504241999	121	69.06,20.5486111111	68.8330555556,21.1727777778	68.77,21.3877777778	68.4422222222,22.4969444444	68.2561111111,23.1058333333	68.1413888889,23.3216666667	68.1302777778,23.3388888889	68.0233333333,23.4933333333	67.9675,23.6294444444	67.8966666667,23.5788888889	67.6905555556,23.4952777778	67.4233333333,23.785	67.3322222222,23.7666666667	67.2147222222,23.6138888889	67.0347222222,23.7169444444	66.9333333333,23.8355555556	66.8377777778,23.9466666667	66.8033333333,23.9863888889	66.7352777778,23.8922222222	66.5766666667,23.8011111111	66.5205555556,23.77	66.4719444444,23.7422222222	66.3830555556,23.6916666667	66.3177777778,23.6547222222	66.2738888889,23.7083333333	66.2661111111,23.7183333333	66.2,23.8	66.1747222222,23.8194444444	66.09,23.94	65.9405555556,24.0766666667	65.7661111111,24.1388888889	65.5927777778,24.1538888889	65.53,24.14	65.4605555556,24.0361111111	65.4555555556,24.0286111111	65.3755555556,23.9113888889	65.3744444444,23.9097222222	65.2886111111,23.7819444444	65.2516666667,23.7275	65.1405555556,23.5708333333	65.0038888889,23.3758333333	64.7,22.9666666667	64.6813888889,22.9222222222	64.6152777778,22.8222222222	64.5980555556,22.7988888889	64.5538888889,22.7377777778	64.5308333333,22.7061111111	64.4463888889,22.5908333333	64.1180555556,22.1497222222	64.0888888889,22.1113888889	64.0666666667,22.0819444444	64.0258333333,22.0286111111	63.9747222222,21.9733333333	63.9577777778,21.95	63.8833333333,21.8422222222	63.8627777778,21.8161111111	63.86,21.8122222222	63.7808333333,21.7105555556	63.68,21.5808333333	63.6691666667,21.5666666667	63.6166666667,21.5	63.6055555556,21.4330555556	63.585,21.3097222222	63.5641666667,21.1877777778	63.5616666667,21.1688888889	63.5386111111,21.0366666667	63.5125,20.8838888889	63.5966666667,20.7025	63.7666666667,21.0	64.0083333333,20.6886111111	64.0697222222,20.3344444444	64.0036111111,19.86	63.9838888889,19.7197222222	64.4375,20.5083333333	64.2461111111,20.5819444444	64.1866666667,21.3555555556	64.3447222222,21.52	64.4333333333,21.6130555556	64.645,21.7797222222	64.75,20.8936111111	64.8766666667,20.9383333333	65.1833333333,21.0333333333	65.2380555556,21.1594444444	65.1,21.8263888889	65.0269444444,22.1552777778	64.9755555556,22.3955555556	65.0311111111,22.4713888889	65.3616666667,22.9225	65.4416666667,23.0333333333	65.5166666667,22.9083333333	65.5952777778,22.7652777778	65.8494444444,22.3244444444	65.8575,22.3102777778	65.9336111111,22.1763888889	66.0083333333,22.05	65.9902777778,21.8847222222	65.9869444444,21.8513888889	65.9819444444,21.8061111111	65.95,21.5	65.9486111111,21.4955555556	65.9194444444,21.35	65.9166666667,21.1	66.0794444444,20.3358333333	66.2166666667,19.6916666667	67.3569444444,19.9958333333	67.3319444444,20.4955555556	67.3986111111,20.9177777778	67.5152777778,20.9177777778	67.7886111111,20.9177777778	67.9977777778,20.8080555556	68.1525,20.4583333333	68.1666666667,20.3833333333	68.2125,20.275	68.3508333333,19.9594444444	68.4891666667,20.2586111111	68.5608333333,19.975	68.7688888889,20.3108333333	68.7911111111,20.3247222222	68.8833333333,20.3333333333	68.9297222222,20.3380555556	69.06,20.5486111111
0	999	1504240200	1504241999	9	63.915,18.2816666667	63.8072222222,18.8686111111	63.7355555556,19.0480555556	63.6686111111,18.6811111111	63.54,18.5091666667	63.3469444444,18.2547222222	62.845,18.6563888889	62.7316666667,16.6313888889	63.915,18.2816666667
0	999	1504240200	1504241999	25	65.8333333333,19.2	65.5333333333,20.6	65.9166666667,21.1	65.9194444444,21.35	65.5666666667,21.2	65.5591666667,21.1986111111	65.3197222222,21.1661111111	65.2380555556,21.1594444444	65.1833333333,21.0333333333	64.8766666667,20.9383333333	64.75,20.8936111111	64.7888888889,20.5655555556	64.5905555556,20.4472222222	64.4375,20.5083333333	63.9838888889,19.7197222222	63.8166666667,19.4333333333	63.8072222222,18.8686111111	63.915,18.2816666667	64.3986111111,15.3627777778	64.5,15.6	65.6769444444,18.5780555556	65.3244444444,19.6588888889	65.5036111111,20.0041666667	65.8583333333,18.9202777778	65.8333333333,19.2
0	999	1504240200	1504241999	30	63.8166666667,19.4333333333	63.2833333333,20.1666666667	63.5966666667,20.7025	63.5125,20.8838888889	63.4666666667,20.6666666667	63.4355555556,20.6091666667	63.4186111111,20.5741666667	63.1666666667,20.1666666667	62.8305555556,20.0108333333	62.4666666667,19.8333333333	62.415,19.8241666667	62.3969444444,19.8216666667	62.1927777778,19.7266666667	62.0,19.6333333333	61.7619444444,19.5402777778	61.7180555556,19.5216666667	61.6666666667,19.5	61.6205555556,19.4872222222	61.6055555556,19.4827777778	61.6302777778,18.4077777778	61.1425,17.5133333333	62.2916666667,16.8769444444	62.7316666667,16.6313888889	62.845,18.6563888889	62.8377777778,18.9930555556	63.0697222222,19.2608333333	63.3988888889,19.7177777778	63.7355555556,19.0480555556	63.8072222222,18.8686111111	63.8166666667,19.4333333333
155	999	1504240200	1504241999	13	68.1525,20.4583333333	67.9977777778,20.8080555556	67.7886111111,20.9177777778	67.5152777778,20.9177777778	67.3986111111,20.9177777778	67.3319444444,20.4955555556	67.3569444444,19.9958333333	67.54,19.9183333333	67.7486111111,19.8291666667	67.8738888889,20.0441666667	67.9327777778,20.0625	68.0341666667,20.1672222222	68.1525,20.4583333333
155	999	1504240200	1504241999	19	66.0083333333,22.05	65.9336111111,22.1763888889	65.8575,22.3102777778	65.8494444444,22.3244444444	65.5952777778,22.7652777778	65.5166666667,22.9083333333	65.5166666667,22.7583333333	65.5333333333,22.1333333333	65.2380555556,21.1594444444	65.3197222222,21.1661111111	65.5591666667,21.1986111111	65.5666666667,21.2	65.9194444444,21.35	65.9486111111,21.4955555556	65.95,21.5	65.9819444444,21.8061111111	65.9869444444,21.8513888889	65.9902777778,21.8847222222	66.0083333333,22.05
155	999	1504240200	1504241999	11	65.5333333333,22.1333333333	65.5166666667,22.7583333333	65.5166666667,22.9083333333	65.4416666667,23.0333333333	65.3616666667,22.9225	65.0311111111,22.4713888889	64.9755555556,22.3955555556	65.0269444444,22.1552777778	65.1,21.8263888889	65.2380555556,21.1594444444	65.5333333333,22.1333333333
155	999	1504240200	1504241999	6	66.2166666667,19.6916666667	66.0794444444,20.3358333333	65.9166666667,21.1	65.5333333333,20.6	65.8333333333,19.2	66.2166666667,19.6916666667
195	999	1504240200	1504241999	9	64.5555555556,13.7341666667	64.5005555556,13.9366666667	64.4625,14.1138888889	64.2,14.1666666667	64.0,13.9333333333	64.0341666667,13.7938888889	64.0586111111,13.6005555556	64.0797222222,13.3761111111	64.5555555556,13.7341666667
195	999	1504240200	1504241999	10	65.5158333333,14.4988888889	65.2666666667,14.4166666667	65.1,14.3	64.8425,13.9566666667	64.8613888889,13.9716666667	64.9633333333,14.0530555556	65.0638888889,14.1333333333	65.25,14.2833333333	65.4747222222,14.4652777778	65.5158333333,14.4988888889
60	999	1504240200	1504241999	5	62.1602777778,13.8191666667	62.1605555556,14.8808333333	61.9111111111,14.8769444444	61.9108333333,13.8241666667	62.1602777778,13.8191666667
