11
95	255	1504256400	1504277999	13	56.0,25.8666666667	55.8002777778,26.3105555556	55.6805555556,26.6305555556	55.4591666667,26.5511111111	55.1366666667,26.4741666667	54.8591666667,25.7847222222	55.2202777778,25.6830555556	55.4619444444,25.4433333333	55.4713888889,25.2213888889	55.4797222222,24.9777777778	55.3444444444,24.6366666667	55.5141666667,24.62	56.0,25.8666666667
95	255	1504256400	1504277999	21	55.2036111111,25.4355555556	55.2202777778,25.6830555556	54.8591666667,25.7847222222	54.6913888889,25.7366666667	54.5763888889,25.7613888889	54.4713888889,25.6152777778	54.3883333333,25.5883333333	54.325,25.5530555556	54.2388888889,25.8047222222	54.1661111111,25.7811111111	54.1577777778,25.5472222222	54.2936111111,25.5236111111	54.2744444444,25.2686111111	54.2633333333,25.2294444444	54.2130555556,25.1958333333	54.1888888889,25.0713888889	54.1177777778,24.7733333333	54.6952777778,24.4183333333	54.8005555556,24.6888888889	55.1769444444,24.6508333333	55.2036111111,25.4355555556
95	255	1504256400	1504277999	22	55.3444444444,24.6366666667	55.1769444444,24.6508333333	55.2880555556,23.5013888889	55.0219444444,23.2713888889	54.7563888889,23.3719444444	54.625,23.5480555556	54.6844444444,23.8672222222	54.7108333333,24.0119444444	54.7027777778,24.2244444444	54.6952777778,24.4183333333	54.6230555556,24.2336111111	54.5927777778,24.1572222222	54.5647222222,23.9197222222	54.4908333333,23.3147222222	54.5836111111,23.2594444444	55.0738888889,22.9630555556	55.1591666667,23.0030555556	55.2538888889,23.3705555556	55.3583333333,23.5897222222	55.4641666667,23.8125	55.3577777778,24.5477777778	55.3444444444,24.6366666667
95	255	1504256400	1504277999	5	55.8725,24.0319444444	55.6952777778,24.0969444444	55.4986111111,23.8547222222	55.4641666667,23.8125	55.8725,24.0319444444
95	255	1504256400	1504277999	19	54.8169444444,23.0	54.9413888889,22.7347222222	55.0538888889,22.5938888889	55.1591666667,23.0030555556	55.0738888889,22.9630555556	54.5836111111,23.2594444444	54.4908333333,23.3147222222	54.5647222222,23.9197222222	54.5927777778,24.1572222222	53.9561111111,24.1441666667	53.9483333333,23.8988888889	53.9333333333,23.7416666667	54.1944444444,23.4069444444	54.3075,23.0591666667	54.4216666667,22.8741666667	54.3633333333,22.7919444444	54.5347222222,22.6930555556	54.6516666667,22.755	54.8169444444,23.0
95	255	1504256400	1504277999	20	56.0,25.8666666667	55.5141666667,24.62	55.4986111111,23.8547222222	55.6952777778,24.0969444444	55.8725,24.0319444444	56.1847222222,23.9036111111	56.3394444444,23.8422222222	56.2988888889,24.0316666667	56.2786111111,24.0652777778	56.3083333333,24.3083333333	56.2766666667,24.5055555556	56.2802777778,24.5163888889	56.3688888889,24.6302777778	56.4483333333,24.895	56.3694444444,24.9586111111	56.2413888889,25.0677777778	56.1752777778,25.1586111111	56.1544444444,25.3638888889	56.1388888889,25.5713888889	56.0,25.8666666667
95	255	1504256400	1504277999	9	54.1177777778,24.7733333333	54.1569444444,24.4088888889	54.2825,24.3358333333	54.3866666667,24.2769444444	54.4838888889,24.22	54.5927777778,24.1572222222	54.6230555556,24.2336111111	54.6952777778,24.4183333333	54.1177777778,24.7733333333
95	255	1504256400	1504277999	10	54.0505555556,24.8097222222	53.9833333333,24.6833333333	53.9561111111,24.1441666667	54.5927777778,24.1572222222	54.4838888889,24.22	54.3866666667,24.2769444444	54.2825,24.3358333333	54.1569444444,24.4088888889	54.1177777778,24.7733333333	54.0505555556,24.8097222222
95	255	1504256400	1504277999	8	55.3444444444,24.6366666667	55.4797222222,24.9777777778	55.4713888889,25.2213888889	55.4619444444,25.4433333333	55.2202777778,25.6830555556	55.2036111111,25.4355555556	55.1769444444,24.6508333333	55.3444444444,24.6366666667
95	255	1504256400	1504277999	6	55.5141666667,24.62	55.3444444444,24.6366666667	55.3577777778,24.5477777778	55.4641666667,23.8125	55.4986111111,23.8547222222	55.5141666667,24.62
95	255	1504256400	1504277999	11	55.1769444444,24.6508333333	54.8005555556,24.6888888889	54.6952777778,24.4183333333	54.7027777778,24.2244444444	54.7108333333,24.0119444444	54.6844444444,23.8672222222	54.625,23.5480555556	54.7563888889,23.3719444444	55.0219444444,23.2713888889	55.2880555556,23.5013888889	55.1769444444,24.6508333333
