12
0	315	1504296000	1504297799	10	47.4488888889,10.0833333333	47.3833333333,10.2166666667	47.3330555556,10.1980555556	47.3,10.0705555556	47.2988888889,10.0666666667	47.2766666667,9.9825	47.3366666667,9.9247222222	47.5175,9.9477777778	47.5063888889,10.0861111111	47.4488888889,10.0833333333
0	315	1504296000	1504297799	7	47.3944444444,10.4341666667	47.3330555556,10.1980555556	47.3833333333,10.2166666667	47.4488888889,10.0833333333	47.5063888889,10.0861111111	47.4777777778,10.4411111111	47.3944444444,10.4341666667
0	315	1504296000	1504297799	6	47.5013888889,10.845	47.3944444444,10.4341666667	47.4777777778,10.4411111111	47.4769444444,10.4511111111	47.5233333333,10.7291666667	47.5013888889,10.845
0	315	1504296000	1504297799	6	47.5833333333,11.0	47.4222222222,10.9836111111	47.5013888889,10.845	47.5233333333,10.7291666667	47.5316666667,10.7666666667	47.5833333333,11.0
0	315	1504296000	1504297799	12	47.9636111111,11.5963888889	47.9466666667,11.5938888889	47.5344444444,11.5061111111	47.4866666667,11.4961111111	47.485,11.4938888889	47.3522222222,11.3394444444	47.3522222222,11.1063888889	47.4133333333,10.9991666667	47.4222222222,10.9836111111	47.5833333333,11.0	47.9286111111,11.2627777778	47.9636111111,11.5963888889
105	315	1504296000	1504297799	5	47.5338888889,9.7336111111	47.5175,9.9477777778	47.3366666667,9.9247222222	47.3394444444,9.9219444444	47.5338888889,9.7336111111
195	315	1504296000	1504297799	5	48.07,11.4536111111	47.9636111111,11.5963888889	47.9286111111,11.2627777778	48.0583333333,11.2461111111	48.07,11.4536111111
165	315	1504296000	1504297799	19	47.5013888889,10.845	47.4222222222,10.9836111111	46.9452777778,10.9358333333	47.0233333333,10.7425	47.0008333333,10.3894444444	47.0875,10.1925	47.1102777778,10.1413888889	47.1775,10.0763888889	47.2766666667,9.9825	47.2988888889,10.0666666667	47.3,10.0705555556	47.3330555556,10.1980555556	47.2708333333,10.175	47.2769444444,10.2375	47.3066666667,10.3105555556	47.3108333333,10.3427777778	47.3833333333,10.4333333333	47.3944444444,10.4341666667	47.5013888889,10.845
165	315	1504296000	1504297799	17	46.9875,11.4488888889	46.98,11.3766666667	46.9791666667,11.3563888889	46.975,11.2533333333	46.9438888889,11.2105555556	46.9480555556,11.1641666667	46.9508333333,11.0691666667	46.945,11.0086111111	46.9452777778,10.9358333333	47.4222222222,10.9836111111	47.4133333333,10.9991666667	47.3522222222,11.1063888889	47.3522222222,11.3394444444	47.485,11.4938888889	47.4866666667,11.4961111111	47.2202777778,11.4830555556	46.9875,11.4488888889
165	315	1504296000	1504297799	13	46.9438888889,11.2105555556	46.8608333333,11.0652777778	46.8136111111,11.0622222222	46.7702777778,11.0158333333	46.7697222222,10.9727777778	46.7722222222,10.9733333333	46.7838888889,10.9641666667	46.8205555556,10.9347222222	46.9452777778,10.9358333333	46.945,11.0086111111	46.9508333333,11.0691666667	46.9480555556,11.1641666667	46.9438888889,11.2105555556
165	315	1504296000	1504297799	22	47.0008333333,10.3894444444	47.0233333333,10.7425	46.9452777778,10.9358333333	46.8205555556,10.9347222222	46.7838888889,10.9641666667	46.7722222222,10.9733333333	46.7697222222,10.9727777778	46.7672222222,10.8763888889	46.7783333333,10.8083333333	46.7955555556,10.79	46.7913888889,10.7455555556	46.7938888889,10.7327777778	46.7980555556,10.7266666667	46.8308333333,10.7572222222	46.85,10.6963888889	46.8755555556,10.6675	46.8405555556,10.5494444444	46.8513888889,10.5469444444	46.8472222222,10.5055555556	46.8666666667,10.4666666667	46.9488888889,10.4888888889	47.0008333333,10.3894444444
165	315	1504296000	1504297799	8	47.3944444444,10.4341666667	47.3833333333,10.4333333333	47.3108333333,10.3427777778	47.3066666667,10.3105555556	47.2769444444,10.2375	47.2708333333,10.175	47.3330555556,10.1980555556	47.3944444444,10.4341666667
