93
385	999	1504281600	1504295999	4	43.1725,26.1519444444	43.0941666667,26.3205555556	43.0891666667,26.1586111111	43.1725,26.1519444444
385	999	1504281600	1504295999	8	42.805,24.1777777778	42.7041666667,24.1625	42.7269444444,24.0419444444	42.7336111111,24.0469444444	42.7433333333,24.0280555556	42.7783333333,24.0636111111	42.8016666667,24.1102777778	42.805,24.1777777778
385	999	1504281600	1504295999	9	42.0525,27.3691666667	42.1222222222,27.2969444444	42.1883333333,27.1938888889	42.2105555556,27.5522222222	41.9966666667,27.8513888889	41.9666666667,27.7769444444	41.9019444444,27.5694444444	41.9886111111,27.4183333333	42.0525,27.3691666667
385	999	1504281600	1504295999	4	42.7611111111,26.7680555556	42.6994444444,26.8569444444	42.7094444444,26.7677777778	42.7611111111,26.7680555556
385	999	1504281600	1504295999	15	43.0891666667,26.1586111111	42.7611111111,26.7680555556	42.7094444444,26.7677777778	42.7888888889,26.0261111111	42.8172222222,25.7494444444	42.8341666667,25.5808333333	42.9058333333,25.2116666667	42.9508333333,25.0975	43.0513888889,24.9425	43.0438888889,24.9861111111	43.0508333333,25.1708333333	43.0327777778,25.5663888889	42.9783333333,25.9	43.0502777778,26.0677777778	43.0891666667,26.1586111111
385	999	1504281600	1504295999	5	43.0941666667,26.3205555556	43.0866666667,26.3369444444	42.7611111111,26.7680555556	43.0891666667,26.1586111111	43.0941666667,26.3205555556
385	999	1504281600	1504295999	9	42.3758333333,24.3711111111	42.2341666667,24.7919444444	41.8875,24.8961111111	41.95,24.75	42.0388888889,24.5322222222	42.1138888889,24.4263888889	42.2341666667,24.2558333333	42.305,24.3133333333	42.3758333333,24.3711111111
385	999	1504281600	1504295999	42	43.6888888889,24.2391666667	43.3238888889,24.3463888889	43.2183333333,24.6758333333	43.0513888889,24.9425	42.9508333333,25.0975	42.9058333333,25.2116666667	42.8538888889,24.5961111111	42.2341666667,24.7919444444	42.3758333333,24.3711111111	42.5277777778,24.0294444444	42.6572222222,24.1272222222	42.6602777778,24.1294444444	42.7041666667,24.1625	42.805,24.1777777778	43.095,24.2205555556	43.1511111111,23.8077777778	43.2411111111,23.5569444444	43.3283333333,23.3127777778	43.3922222222,23.0911111111	43.4222222222,22.9866666667	43.4786111111,22.7941666667	43.5666666667,22.4883333333	43.6333333333,22.5	43.6858333333,22.4177777778	43.7986111111,22.3644444444	43.8311111111,22.3702777778	43.9122222222,22.3922222222	44.0,22.4333333333	44.0833333333,22.6166666667	44.2,22.6666666667	44.1,23.025	43.8666666667,22.85	43.8,22.9833333333	43.8333333333,23.25	43.8111111111,23.4955555556	43.7925,23.6913888889	43.7833333333,23.8	43.7758333333,23.8294444444	43.7605555556,23.8902777778	43.7333333333,24.0	43.7169444444,24.0902777778	43.6888888889,24.2391666667
385	999	1504281600	1504295999	6	43.0327777778,25.5663888889	43.0327777778,25.8222222222	43.0891666667,26.1586111111	43.0502777778,26.0677777778	42.9783333333,25.9	43.0327777778,25.5663888889
385	999	1504281600	1504295999	38	42.2341666667,24.7919444444	42.8538888889,24.5961111111	42.9058333333,25.2116666667	42.8341666667,25.5808333333	42.8172222222,25.7494444444	41.9711111111,26.7663888889	41.9833333333,26.6166666667	41.8716666667,26.5683333333	41.7333333333,26.3	41.7333333333,26.0666666667	41.4166666667,26.1666666667	41.3661111111,26.1352777778	41.3333333333,26.0	41.31,25.8905555556	41.3502777778,25.835	41.3222222222,25.7380555556	41.2963888889,25.7205555556	41.3166666667,25.66	41.3088888889,25.6283333333	41.3225,25.5716666667	41.2841666667,25.5363888889	41.2925,25.4836111111	41.2436111111,25.3333333333	41.2533333333,25.2405555556	41.35,25.1205555556	41.3461111111,25.0911111111	41.3661111111,25.0513888889	41.8875,24.8961111111	41.8041666667,25.1036111111	41.7772222222,25.3994444444	41.8938888889,25.4211111111	41.9958333333,25.44	42.0608333333,25.4522222222	42.1416666667,25.4675	42.2166666667,25.2333333333	42.2077777778,25.0361111111	42.2,24.8666666667	42.2341666667,24.7919444444
385	999	1504281600	1504295999	8	42.5277777778,24.0294444444	42.3758333333,24.3711111111	42.305,24.3133333333	42.2341666667,24.2558333333	42.3136111111,24.0780555556	42.4558333333,23.8366666667	42.5675,23.9219444444	42.5277777778,24.0294444444
385	999	1504281600	1504295999	21	43.5666666667,22.4883333333	43.4786111111,22.7941666667	43.4222222222,22.9866666667	43.3922222222,23.0911111111	43.3283333333,23.3127777778	43.2411111111,23.5569444444	42.9644444444,23.5869444444	42.9847222222,23.5461111111	43.0102777778,23.4375	42.9913888889,23.2941666667	43.0516666667,22.9927777778	43.1127777778,22.9833333333	43.1266666667,22.9894444444	43.1558333333,22.9972222222	43.1113888889,23.1341666667	43.0922222222,23.2105555556	43.1227777778,23.2969444444	43.2305555556,23.0330555556	43.4294444444,22.7822222222	43.4977777778,22.5227777778	43.5666666667,22.4883333333
385	999	1504281600	1504295999	21	43.6888888889,24.2391666667	43.7244444444,24.3536111111	43.7666666667,24.5333333333	43.7558333333,24.5597222222	43.7147222222,24.7113888889	43.7,24.85	43.6955555556,25.1333333333	43.65,25.3166666667	43.6336111111,25.3630555556	43.6263888889,25.4183333333	43.6372222222,25.5466666667	43.3363888889,26.0227777778	43.3497222222,25.4208333333	43.2502777778,25.2236111111	43.2175,25.1591666667	43.2105555556,24.9741666667	43.0438888889,24.9861111111	43.0513888889,24.9425	43.2183333333,24.6758333333	43.3238888889,24.3463888889	43.6888888889,24.2391666667
385	999	1504281600	1504295999	9	42.9475,22.9597222222	42.9219444444,22.9305555556	42.9727777778,22.7975	43.0347222222,22.8927777778	43.08,22.9183333333	43.1127777778,22.9833333333	43.0516666667,22.9927777778	42.9913888889,23.2941666667	42.9475,22.9597222222
385	999	1504281600	1504295999	15	42.8172222222,25.7494444444	42.7888888889,26.0261111111	42.62,26.6	42.4775,26.7672222222	42.3333333333,26.9802777778	42.1883333333,27.1938888889	42.1222222222,27.2969444444	42.0525,27.3691666667	41.9886111111,27.4183333333	42.0666666667,27.2833333333	42.0655555556,27.2161111111	42.0833333333,27.1333333333	42.0408333333,27.0083333333	41.9711111111,26.7663888889	42.8172222222,25.7494444444
385	999	1504281600	1504295999	13	43.4977777778,22.5227777778	43.4294444444,22.7822222222	43.2305555556,23.0330555556	43.1227777778,23.2969444444	43.0922222222,23.2105555556	43.1113888889,23.1341666667	43.1558333333,22.9972222222	43.1666666667,23.0	43.3244444444,22.8280555556	43.3513888889,22.7683333333	43.3741666667,22.7683333333	43.4333333333,22.6666666667	43.4977777778,22.5227777778
385	999	1504281600	1504295999	15	42.5008333333,23.4944444444	42.4558333333,23.8366666667	42.3136111111,24.0780555556	42.3122222222,24.02	42.31,23.9369444444	42.3091666667,23.9069444444	42.2919444444,23.3191666667	42.27,22.6916666667	42.4880555556,22.6738888889	42.5044444444,22.7761111111	42.5725,23.2086111111	42.4908333333,23.2388888889	42.4908333333,23.3388888889	42.5930555556,23.3425	42.5008333333,23.4944444444
385	999	1504281600	1504295999	5	42.7888888889,26.0261111111	42.7094444444,26.7677777778	42.4775,26.7672222222	42.62,26.6	42.7888888889,26.0261111111
385	999	1504281600	1504295999	12	42.2341666667,24.7919444444	42.2,24.8666666667	42.2077777778,25.0361111111	42.2166666667,25.2333333333	42.1416666667,25.4675	42.0608333333,25.4522222222	41.9958333333,25.44	41.8938888889,25.4211111111	41.7772222222,25.3994444444	41.8041666667,25.1036111111	41.8875,24.8961111111	42.2341666667,24.7919444444
385	999	1504281600	1504295999	11	43.1341666667,25.165	43.2175,25.1591666667	43.2986111111,25.6669444444	43.3058333333,25.9169444444	43.2558333333,26.1452777778	43.1725,26.1519444444	43.0891666667,26.1586111111	43.0327777778,25.8222222222	43.0327777778,25.5663888889	43.0508333333,25.1708333333	43.1341666667,25.165
385	999	1504281600	1504295999	8	43.3497222222,25.4208333333	43.3363888889,26.0227777778	43.2558333333,26.1452777778	43.3058333333,25.9169444444	43.2986111111,25.6669444444	43.2175,25.1591666667	43.2502777778,25.2236111111	43.3497222222,25.4208333333
385	999	1504281600	1504295999	47	42.2341666667,24.2558333333	42.1138888889,24.4263888889	42.0388888889,24.5322222222	41.95,24.75	41.8875,24.8961111111	41.3661111111,25.0513888889	41.4,24.8766666667	41.4133333333,24.8	41.4208333333,24.7011111111	41.45,24.6	41.5336111111,24.4608333333	41.5455555556,24.4036111111	41.5233333333,24.3133333333	41.5802777778,24.2716666667	41.545,24.1686111111	41.5463888889,24.1216666667	41.4530555556,24.0391666667	41.3666666667,23.6333333333	41.3833333333,23.5083333333	41.4027777778,23.4555555556	41.3872222222,23.2819444444	41.35,22.9833333333	41.4666666667,22.9333333333	41.7166666667,23.0333333333	41.7666666667,22.9666666667	41.9666666667,22.8833333333	42.0969444444,22.6058333333	42.1166666667,22.6	42.3111111111,22.3602777778	42.4166666667,22.55	42.4730555556,22.5541666667	42.5666666667,22.4666666667	42.5983333333,22.4480555556	42.8002777778,22.4444444444	42.8463888889,22.4930555556	42.8666666667,22.5416666667	42.8941666667,22.5927777778	42.8772222222,22.6413888889	42.5938888889,22.665	42.4880555556,22.6738888889	42.27,22.6916666667	42.2919444444,23.3191666667	42.3091666667,23.9069444444	42.31,23.9369444444	42.3122222222,24.02	42.3136111111,24.0780555556	42.2341666667,24.2558333333
385	999	1504281600	1504295999	5	42.5930555556,23.3425	42.4908333333,23.3388888889	42.4908333333,23.2388888889	42.5725,23.2086111111	42.5930555556,23.3425
385	999	1504281600	1504295999	12	43.7147222222,24.7113888889	43.8044444444,24.8138888889	43.9733333333,25.0025	43.9777777778,25.3330555556	43.9783333333,25.3755555556	43.6372222222,25.5466666667	43.6263888889,25.4183333333	43.6336111111,25.3630555556	43.65,25.3166666667	43.6955555556,25.1333333333	43.7,24.85	43.7147222222,24.7113888889
385	999	1504281600	1504295999	9	43.2411111111,23.5569444444	43.1511111111,23.8077777778	43.095,24.2205555556	42.805,24.1777777778	42.8016666667,24.1102777778	42.7783333333,24.0636111111	42.7433333333,24.0280555556	42.9644444444,23.5869444444	43.2411111111,23.5569444444
385	999	1504281600	1504295999	9	42.9219444444,22.9305555556	42.7561111111,22.7533333333	42.5044444444,22.7761111111	42.4880555556,22.6738888889	42.5938888889,22.665	42.8772222222,22.6413888889	42.8916666667,22.7508333333	42.9727777778,22.7975	42.9219444444,22.9305555556
385	999	1504281600	1504295999	8	42.7269444444,24.0419444444	42.7041666667,24.1625	42.6602777778,24.1294444444	42.6572222222,24.1272222222	42.5277777778,24.0294444444	42.5675,23.9219444444	42.6897222222,24.0136111111	42.7269444444,24.0419444444
385	999	1504281600	1504295999	8	42.6994444444,26.8569444444	42.3333333333,27.3805555556	42.2105555556,27.5522222222	42.1883333333,27.1938888889	42.3333333333,26.9802777778	42.4775,26.7672222222	42.7094444444,26.7677777778	42.6994444444,26.8569444444
385	999	1504281600	1504295999	6	43.2105555556,24.9741666667	43.2175,25.1591666667	43.1341666667,25.165	43.0508333333,25.1708333333	43.0438888889,24.9861111111	43.2105555556,24.9741666667
385	999	1504281600	1504295999	12	43.0102777778,23.4375	42.9847222222,23.5461111111	42.9644444444,23.5869444444	42.7433333333,24.0280555556	42.7336111111,24.0469444444	42.7269444444,24.0419444444	42.6897222222,24.0136111111	42.5675,23.9219444444	42.9219444444,22.9305555556	42.9475,22.9597222222	42.9913888889,23.2941666667	43.0102777778,23.4375
385	999	1504281600	1504295999	9	42.4558333333,23.8366666667	42.5008333333,23.4944444444	42.5930555556,23.3425	42.5725,23.2086111111	42.5044444444,22.7761111111	42.7561111111,22.7533333333	42.9219444444,22.9305555556	42.5675,23.9219444444	42.4558333333,23.8366666667
365	375	1504281600	1504295999	4	43.1725,26.1519444444	43.0941666667,26.3205555556	43.0891666667,26.1586111111	43.1725,26.1519444444
365	375	1504281600	1504295999	12	42.2341666667,24.7919444444	42.2,24.8666666667	42.2077777778,25.0361111111	42.2166666667,25.2333333333	42.1416666667,25.4675	42.0608333333,25.4522222222	41.9958333333,25.44	41.8938888889,25.4211111111	41.7772222222,25.3994444444	41.8041666667,25.1036111111	41.8875,24.8961111111	42.2341666667,24.7919444444
365	375	1504281600	1504295999	9	42.0525,27.3691666667	42.1222222222,27.2969444444	42.1883333333,27.1938888889	42.2105555556,27.5522222222	41.9966666667,27.8513888889	41.9666666667,27.7769444444	41.9019444444,27.5694444444	41.9886111111,27.4183333333	42.0525,27.3691666667
365	375	1504281600	1504295999	4	42.7611111111,26.7680555556	42.6994444444,26.8569444444	42.7094444444,26.7677777778	42.7611111111,26.7680555556
365	375	1504281600	1504295999	15	43.0891666667,26.1586111111	42.7611111111,26.7680555556	42.7094444444,26.7677777778	42.7888888889,26.0261111111	42.8172222222,25.7494444444	42.8341666667,25.5808333333	42.9058333333,25.2116666667	42.9508333333,25.0975	43.0513888889,24.9425	43.0438888889,24.9861111111	43.0508333333,25.1708333333	43.0327777778,25.5663888889	42.9783333333,25.9	43.0502777778,26.0677777778	43.0891666667,26.1586111111
365	375	1504281600	1504295999	5	43.0941666667,26.3205555556	43.0866666667,26.3369444444	42.7611111111,26.7680555556	43.0891666667,26.1586111111	43.0941666667,26.3205555556
365	375	1504281600	1504295999	9	42.3758333333,24.3711111111	42.2341666667,24.7919444444	41.8875,24.8961111111	41.95,24.75	42.0388888889,24.5322222222	42.1138888889,24.4263888889	42.2341666667,24.2558333333	42.305,24.3133333333	42.3758333333,24.3711111111
365	375	1504281600	1504295999	38	42.2341666667,24.7919444444	42.8538888889,24.5961111111	42.9058333333,25.2116666667	42.8341666667,25.5808333333	42.8172222222,25.7494444444	41.9711111111,26.7663888889	41.9833333333,26.6166666667	41.8716666667,26.5683333333	41.7333333333,26.3	41.7333333333,26.0666666667	41.4166666667,26.1666666667	41.3661111111,26.1352777778	41.3333333333,26.0	41.31,25.8905555556	41.3502777778,25.835	41.3222222222,25.7380555556	41.2963888889,25.7205555556	41.3166666667,25.66	41.3088888889,25.6283333333	41.3225,25.5716666667	41.2841666667,25.5363888889	41.2925,25.4836111111	41.2436111111,25.3333333333	41.2533333333,25.2405555556	41.35,25.1205555556	41.3461111111,25.0911111111	41.3661111111,25.0513888889	41.8875,24.8961111111	41.8041666667,25.1036111111	41.7772222222,25.3994444444	41.8938888889,25.4211111111	41.9958333333,25.44	42.0608333333,25.4522222222	42.1416666667,25.4675	42.2166666667,25.2333333333	42.2077777778,25.0361111111	42.2,24.8666666667	42.2341666667,24.7919444444
365	375	1504281600	1504295999	6	43.0327777778,25.5663888889	43.0327777778,25.8222222222	43.0891666667,26.1586111111	43.0502777778,26.0677777778	42.9783333333,25.9	43.0327777778,25.5663888889
365	375	1504281600	1504295999	12	43.0102777778,23.4375	42.9847222222,23.5461111111	42.9644444444,23.5869444444	42.7433333333,24.0280555556	42.7336111111,24.0469444444	42.7269444444,24.0419444444	42.6897222222,24.0136111111	42.5675,23.9219444444	42.9219444444,22.9305555556	42.9475,22.9597222222	42.9913888889,23.2941666667	43.0102777778,23.4375
365	375	1504281600	1504295999	8	42.5277777778,24.0294444444	42.3758333333,24.3711111111	42.305,24.3133333333	42.2341666667,24.2558333333	42.3136111111,24.0780555556	42.4558333333,23.8366666667	42.5675,23.9219444444	42.5277777778,24.0294444444
365	375	1504281600	1504295999	21	43.5666666667,22.4883333333	43.4786111111,22.7941666667	43.4222222222,22.9866666667	43.3922222222,23.0911111111	43.3283333333,23.3127777778	43.2411111111,23.5569444444	42.9644444444,23.5869444444	42.9847222222,23.5461111111	43.0102777778,23.4375	42.9913888889,23.2941666667	43.0516666667,22.9927777778	43.1127777778,22.9833333333	43.1266666667,22.9894444444	43.1558333333,22.9972222222	43.1113888889,23.1341666667	43.0922222222,23.2105555556	43.1227777778,23.2969444444	43.2305555556,23.0330555556	43.4294444444,22.7822222222	43.4977777778,22.5227777778	43.5666666667,22.4883333333
365	375	1504281600	1504295999	21	43.6888888889,24.2391666667	43.7244444444,24.3536111111	43.7666666667,24.5333333333	43.7558333333,24.5597222222	43.7147222222,24.7113888889	43.7,24.85	43.6955555556,25.1333333333	43.65,25.3166666667	43.6336111111,25.3630555556	43.6263888889,25.4183333333	43.6372222222,25.5466666667	43.3363888889,26.0227777778	43.3497222222,25.4208333333	43.2502777778,25.2236111111	43.2175,25.1591666667	43.2105555556,24.9741666667	43.0438888889,24.9861111111	43.0513888889,24.9425	43.2183333333,24.6758333333	43.3238888889,24.3463888889	43.6888888889,24.2391666667
365	375	1504281600	1504295999	9	42.9475,22.9597222222	42.9219444444,22.9305555556	42.9727777778,22.7975	43.0347222222,22.8927777778	43.08,22.9183333333	43.1127777778,22.9833333333	43.0516666667,22.9927777778	42.9913888889,23.2941666667	42.9475,22.9597222222
365	375	1504281600	1504295999	15	42.8172222222,25.7494444444	42.7888888889,26.0261111111	42.62,26.6	42.4775,26.7672222222	42.3333333333,26.9802777778	42.1883333333,27.1938888889	42.1222222222,27.2969444444	42.0525,27.3691666667	41.9886111111,27.4183333333	42.0666666667,27.2833333333	42.0655555556,27.2161111111	42.0833333333,27.1333333333	42.0408333333,27.0083333333	41.9711111111,26.7663888889	42.8172222222,25.7494444444
365	375	1504281600	1504295999	13	43.4977777778,22.5227777778	43.4294444444,22.7822222222	43.2305555556,23.0330555556	43.1227777778,23.2969444444	43.0922222222,23.2105555556	43.1113888889,23.1341666667	43.1558333333,22.9972222222	43.1666666667,23.0	43.3244444444,22.8280555556	43.3513888889,22.7683333333	43.3741666667,22.7683333333	43.4333333333,22.6666666667	43.4977777778,22.5227777778
365	375	1504281600	1504295999	15	42.5008333333,23.4944444444	42.4558333333,23.8366666667	42.3136111111,24.0780555556	42.3122222222,24.02	42.31,23.9369444444	42.3091666667,23.9069444444	42.2919444444,23.3191666667	42.27,22.6916666667	42.4880555556,22.6738888889	42.5044444444,22.7761111111	42.5725,23.2086111111	42.4908333333,23.2388888889	42.4908333333,23.3388888889	42.5930555556,23.3425	42.5008333333,23.4944444444
365	375	1504281600	1504295999	5	42.7888888889,26.0261111111	42.7094444444,26.7677777778	42.4775,26.7672222222	42.62,26.6	42.7888888889,26.0261111111
365	375	1504281600	1504295999	8	42.805,24.1777777778	42.7041666667,24.1625	42.7269444444,24.0419444444	42.7336111111,24.0469444444	42.7433333333,24.0280555556	42.7783333333,24.0636111111	42.8016666667,24.1102777778	42.805,24.1777777778
365	375	1504281600	1504295999	11	43.1341666667,25.165	43.2175,25.1591666667	43.2986111111,25.6669444444	43.3058333333,25.9169444444	43.2558333333,26.1452777778	43.1725,26.1519444444	43.0891666667,26.1586111111	43.0327777778,25.8222222222	43.0327777778,25.5663888889	43.0508333333,25.1708333333	43.1341666667,25.165
365	375	1504281600	1504295999	8	43.3497222222,25.4208333333	43.3363888889,26.0227777778	43.2558333333,26.1452777778	43.3058333333,25.9169444444	43.2986111111,25.6669444444	43.2175,25.1591666667	43.2502777778,25.2236111111	43.3497222222,25.4208333333
365	375	1504281600	1504295999	47	42.2341666667,24.2558333333	42.1138888889,24.4263888889	42.0388888889,24.5322222222	41.95,24.75	41.8875,24.8961111111	41.3661111111,25.0513888889	41.4,24.8766666667	41.4133333333,24.8	41.4208333333,24.7011111111	41.45,24.6	41.5336111111,24.4608333333	41.5455555556,24.4036111111	41.5233333333,24.3133333333	41.5802777778,24.2716666667	41.545,24.1686111111	41.5463888889,24.1216666667	41.4530555556,24.0391666667	41.3666666667,23.6333333333	41.3833333333,23.5083333333	41.4027777778,23.4555555556	41.3872222222,23.2819444444	41.35,22.9833333333	41.4666666667,22.9333333333	41.7166666667,23.0333333333	41.7666666667,22.9666666667	41.9666666667,22.8833333333	42.0969444444,22.6058333333	42.1166666667,22.6	42.3111111111,22.3602777778	42.4166666667,22.55	42.4730555556,22.5541666667	42.5666666667,22.4666666667	42.5983333333,22.4480555556	42.8002777778,22.4444444444	42.8463888889,22.4930555556	42.8666666667,22.5416666667	42.8941666667,22.5927777778	42.8772222222,22.6413888889	42.5938888889,22.665	42.4880555556,22.6738888889	42.27,22.6916666667	42.2919444444,23.3191666667	42.3091666667,23.9069444444	42.31,23.9369444444	42.3122222222,24.02	42.3136111111,24.0780555556	42.2341666667,24.2558333333
365	375	1504281600	1504295999	5	42.5930555556,23.3425	42.4908333333,23.3388888889	42.4908333333,23.2388888889	42.5725,23.2086111111	42.5930555556,23.3425
365	375	1504281600	1504295999	12	43.7147222222,24.7113888889	43.8044444444,24.8138888889	43.9733333333,25.0025	43.9777777778,25.3330555556	43.9783333333,25.3755555556	43.6372222222,25.5466666667	43.6263888889,25.4183333333	43.6336111111,25.3630555556	43.65,25.3166666667	43.6955555556,25.1333333333	43.7,24.85	43.7147222222,24.7113888889
365	375	1504281600	1504295999	9	43.2411111111,23.5569444444	43.1511111111,23.8077777778	43.095,24.2205555556	42.805,24.1777777778	42.8016666667,24.1102777778	42.7783333333,24.0636111111	42.7433333333,24.0280555556	42.9644444444,23.5869444444	43.2411111111,23.5569444444
365	375	1504281600	1504295999	9	42.9219444444,22.9305555556	42.7561111111,22.7533333333	42.5044444444,22.7761111111	42.4880555556,22.6738888889	42.5938888889,22.665	42.8772222222,22.6413888889	42.8916666667,22.7508333333	42.9727777778,22.7975	42.9219444444,22.9305555556
365	375	1504281600	1504295999	8	42.7269444444,24.0419444444	42.7041666667,24.1625	42.6602777778,24.1294444444	42.6572222222,24.1272222222	42.5277777778,24.0294444444	42.5675,23.9219444444	42.6897222222,24.0136111111	42.7269444444,24.0419444444
365	375	1504281600	1504295999	42	43.6888888889,24.2391666667	43.3238888889,24.3463888889	43.2183333333,24.6758333333	43.0513888889,24.9425	42.9508333333,25.0975	42.9058333333,25.2116666667	42.8538888889,24.5961111111	42.2341666667,24.7919444444	42.3758333333,24.3711111111	42.5277777778,24.0294444444	42.6572222222,24.1272222222	42.6602777778,24.1294444444	42.7041666667,24.1625	42.805,24.1777777778	43.095,24.2205555556	43.1511111111,23.8077777778	43.2411111111,23.5569444444	43.3283333333,23.3127777778	43.3922222222,23.0911111111	43.4222222222,22.9866666667	43.4786111111,22.7941666667	43.5666666667,22.4883333333	43.6333333333,22.5	43.6858333333,22.4177777778	43.7986111111,22.3644444444	43.8311111111,22.3702777778	43.9122222222,22.3922222222	44.0,22.4333333333	44.0833333333,22.6166666667	44.2,22.6666666667	44.1,23.025	43.8666666667,22.85	43.8,22.9833333333	43.8333333333,23.25	43.8111111111,23.4955555556	43.7925,23.6913888889	43.7833333333,23.8	43.7758333333,23.8294444444	43.7605555556,23.8902777778	43.7333333333,24.0	43.7169444444,24.0902777778	43.6888888889,24.2391666667
365	375	1504281600	1504295999	8	42.6994444444,26.8569444444	42.3333333333,27.3805555556	42.2105555556,27.5522222222	42.1883333333,27.1938888889	42.3333333333,26.9802777778	42.4775,26.7672222222	42.7094444444,26.7677777778	42.6994444444,26.8569444444
365	375	1504281600	1504295999	6	43.2105555556,24.9741666667	43.2175,25.1591666667	43.1341666667,25.165	43.0508333333,25.1708333333	43.0438888889,24.9861111111	43.2105555556,24.9741666667
365	375	1504281600	1504295999	9	42.4558333333,23.8366666667	42.5008333333,23.4944444444	42.5930555556,23.3425	42.5725,23.2086111111	42.5044444444,22.7761111111	42.7561111111,22.7533333333	42.9219444444,22.9305555556	42.5675,23.9219444444	42.4558333333,23.8366666667
375	385	1504281600	1504295999	4	43.1725,26.1519444444	43.0941666667,26.3205555556	43.0891666667,26.1586111111	43.1725,26.1519444444
375	385	1504281600	1504295999	12	42.2341666667,24.7919444444	42.2,24.8666666667	42.2077777778,25.0361111111	42.2166666667,25.2333333333	42.1416666667,25.4675	42.0608333333,25.4522222222	41.9958333333,25.44	41.8938888889,25.4211111111	41.7772222222,25.3994444444	41.8041666667,25.1036111111	41.8875,24.8961111111	42.2341666667,24.7919444444
375	385	1504281600	1504295999	9	42.0525,27.3691666667	42.1222222222,27.2969444444	42.1883333333,27.1938888889	42.2105555556,27.5522222222	41.9966666667,27.8513888889	41.9666666667,27.7769444444	41.9019444444,27.5694444444	41.9886111111,27.4183333333	42.0525,27.3691666667
375	385	1504281600	1504295999	4	42.7611111111,26.7680555556	42.6994444444,26.8569444444	42.7094444444,26.7677777778	42.7611111111,26.7680555556
375	385	1504281600	1504295999	15	43.0891666667,26.1586111111	42.7611111111,26.7680555556	42.7094444444,26.7677777778	42.7888888889,26.0261111111	42.8172222222,25.7494444444	42.8341666667,25.5808333333	42.9058333333,25.2116666667	42.9508333333,25.0975	43.0513888889,24.9425	43.0438888889,24.9861111111	43.0508333333,25.1708333333	43.0327777778,25.5663888889	42.9783333333,25.9	43.0502777778,26.0677777778	43.0891666667,26.1586111111
375	385	1504281600	1504295999	5	43.0941666667,26.3205555556	43.0866666667,26.3369444444	42.7611111111,26.7680555556	43.0891666667,26.1586111111	43.0941666667,26.3205555556
375	385	1504281600	1504295999	9	42.3758333333,24.3711111111	42.2341666667,24.7919444444	41.8875,24.8961111111	41.95,24.75	42.0388888889,24.5322222222	42.1138888889,24.4263888889	42.2341666667,24.2558333333	42.305,24.3133333333	42.3758333333,24.3711111111
375	385	1504281600	1504295999	42	43.6888888889,24.2391666667	43.3238888889,24.3463888889	43.2183333333,24.6758333333	43.0513888889,24.9425	42.9508333333,25.0975	42.9058333333,25.2116666667	42.8538888889,24.5961111111	42.2341666667,24.7919444444	42.3758333333,24.3711111111	42.5277777778,24.0294444444	42.6572222222,24.1272222222	42.6602777778,24.1294444444	42.7041666667,24.1625	42.805,24.1777777778	43.095,24.2205555556	43.1511111111,23.8077777778	43.2411111111,23.5569444444	43.3283333333,23.3127777778	43.3922222222,23.0911111111	43.4222222222,22.9866666667	43.4786111111,22.7941666667	43.5666666667,22.4883333333	43.6333333333,22.5	43.6858333333,22.4177777778	43.7986111111,22.3644444444	43.8311111111,22.3702777778	43.9122222222,22.3922222222	44.0,22.4333333333	44.0833333333,22.6166666667	44.2,22.6666666667	44.1,23.025	43.8666666667,22.85	43.8,22.9833333333	43.8333333333,23.25	43.8111111111,23.4955555556	43.7925,23.6913888889	43.7833333333,23.8	43.7758333333,23.8294444444	43.7605555556,23.8902777778	43.7333333333,24.0	43.7169444444,24.0902777778	43.6888888889,24.2391666667
375	385	1504281600	1504295999	6	43.0327777778,25.5663888889	43.0327777778,25.8222222222	43.0891666667,26.1586111111	43.0502777778,26.0677777778	42.9783333333,25.9	43.0327777778,25.5663888889
375	385	1504281600	1504295999	38	42.2341666667,24.7919444444	42.8538888889,24.5961111111	42.9058333333,25.2116666667	42.8341666667,25.5808333333	42.8172222222,25.7494444444	41.9711111111,26.7663888889	41.9833333333,26.6166666667	41.8716666667,26.5683333333	41.7333333333,26.3	41.7333333333,26.0666666667	41.4166666667,26.1666666667	41.3661111111,26.1352777778	41.3333333333,26.0	41.31,25.8905555556	41.3502777778,25.835	41.3222222222,25.7380555556	41.2963888889,25.7205555556	41.3166666667,25.66	41.3088888889,25.6283333333	41.3225,25.5716666667	41.2841666667,25.5363888889	41.2925,25.4836111111	41.2436111111,25.3333333333	41.2533333333,25.2405555556	41.35,25.1205555556	41.3461111111,25.0911111111	41.3661111111,25.0513888889	41.8875,24.8961111111	41.8041666667,25.1036111111	41.7772222222,25.3994444444	41.8938888889,25.4211111111	41.9958333333,25.44	42.0608333333,25.4522222222	42.1416666667,25.4675	42.2166666667,25.2333333333	42.2077777778,25.0361111111	42.2,24.8666666667	42.2341666667,24.7919444444
375	385	1504281600	1504295999	8	42.5277777778,24.0294444444	42.3758333333,24.3711111111	42.305,24.3133333333	42.2341666667,24.2558333333	42.3136111111,24.0780555556	42.4558333333,23.8366666667	42.5675,23.9219444444	42.5277777778,24.0294444444
375	385	1504281600	1504295999	21	43.5666666667,22.4883333333	43.4786111111,22.7941666667	43.4222222222,22.9866666667	43.3922222222,23.0911111111	43.3283333333,23.3127777778	43.2411111111,23.5569444444	42.9644444444,23.5869444444	42.9847222222,23.5461111111	43.0102777778,23.4375	42.9913888889,23.2941666667	43.0516666667,22.9927777778	43.1127777778,22.9833333333	43.1266666667,22.9894444444	43.1558333333,22.9972222222	43.1113888889,23.1341666667	43.0922222222,23.2105555556	43.1227777778,23.2969444444	43.2305555556,23.0330555556	43.4294444444,22.7822222222	43.4977777778,22.5227777778	43.5666666667,22.4883333333
375	385	1504281600	1504295999	21	43.6888888889,24.2391666667	43.7244444444,24.3536111111	43.7666666667,24.5333333333	43.7558333333,24.5597222222	43.7147222222,24.7113888889	43.7,24.85	43.6955555556,25.1333333333	43.65,25.3166666667	43.6336111111,25.3630555556	43.6263888889,25.4183333333	43.6372222222,25.5466666667	43.3363888889,26.0227777778	43.3497222222,25.4208333333	43.2502777778,25.2236111111	43.2175,25.1591666667	43.2105555556,24.9741666667	43.0438888889,24.9861111111	43.0513888889,24.9425	43.2183333333,24.6758333333	43.3238888889,24.3463888889	43.6888888889,24.2391666667
375	385	1504281600	1504295999	9	42.9475,22.9597222222	42.9219444444,22.9305555556	42.9727777778,22.7975	43.0347222222,22.8927777778	43.08,22.9183333333	43.1127777778,22.9833333333	43.0516666667,22.9927777778	42.9913888889,23.2941666667	42.9475,22.9597222222
375	385	1504281600	1504295999	15	42.8172222222,25.7494444444	42.7888888889,26.0261111111	42.62,26.6	42.4775,26.7672222222	42.3333333333,26.9802777778	42.1883333333,27.1938888889	42.1222222222,27.2969444444	42.0525,27.3691666667	41.9886111111,27.4183333333	42.0666666667,27.2833333333	42.0655555556,27.2161111111	42.0833333333,27.1333333333	42.0408333333,27.0083333333	41.9711111111,26.7663888889	42.8172222222,25.7494444444
375	385	1504281600	1504295999	13	43.4977777778,22.5227777778	43.4294444444,22.7822222222	43.2305555556,23.0330555556	43.1227777778,23.2969444444	43.0922222222,23.2105555556	43.1113888889,23.1341666667	43.1558333333,22.9972222222	43.1666666667,23.0	43.3244444444,22.8280555556	43.3513888889,22.7683333333	43.3741666667,22.7683333333	43.4333333333,22.6666666667	43.4977777778,22.5227777778
375	385	1504281600	1504295999	15	42.5008333333,23.4944444444	42.4558333333,23.8366666667	42.3136111111,24.0780555556	42.3122222222,24.02	42.31,23.9369444444	42.3091666667,23.9069444444	42.2919444444,23.3191666667	42.27,22.6916666667	42.4880555556,22.6738888889	42.5044444444,22.7761111111	42.5725,23.2086111111	42.4908333333,23.2388888889	42.4908333333,23.3388888889	42.5930555556,23.3425	42.5008333333,23.4944444444
375	385	1504281600	1504295999	5	42.7888888889,26.0261111111	42.7094444444,26.7677777778	42.4775,26.7672222222	42.62,26.6	42.7888888889,26.0261111111
375	385	1504281600	1504295999	8	42.805,24.1777777778	42.7041666667,24.1625	42.7269444444,24.0419444444	42.7336111111,24.0469444444	42.7433333333,24.0280555556	42.7783333333,24.0636111111	42.8016666667,24.1102777778	42.805,24.1777777778
375	385	1504281600	1504295999	11	43.1341666667,25.165	43.2175,25.1591666667	43.2986111111,25.6669444444	43.3058333333,25.9169444444	43.2558333333,26.1452777778	43.1725,26.1519444444	43.0891666667,26.1586111111	43.0327777778,25.8222222222	43.0327777778,25.5663888889	43.0508333333,25.1708333333	43.1341666667,25.165
375	385	1504281600	1504295999	8	43.3497222222,25.4208333333	43.3363888889,26.0227777778	43.2558333333,26.1452777778	43.3058333333,25.9169444444	43.2986111111,25.6669444444	43.2175,25.1591666667	43.2502777778,25.2236111111	43.3497222222,25.4208333333
375	385	1504281600	1504295999	47	42.2341666667,24.2558333333	42.1138888889,24.4263888889	42.0388888889,24.5322222222	41.95,24.75	41.8875,24.8961111111	41.3661111111,25.0513888889	41.4,24.8766666667	41.4133333333,24.8	41.4208333333,24.7011111111	41.45,24.6	41.5336111111,24.4608333333	41.5455555556,24.4036111111	41.5233333333,24.3133333333	41.5802777778,24.2716666667	41.545,24.1686111111	41.5463888889,24.1216666667	41.4530555556,24.0391666667	41.3666666667,23.6333333333	41.3833333333,23.5083333333	41.4027777778,23.4555555556	41.3872222222,23.2819444444	41.35,22.9833333333	41.4666666667,22.9333333333	41.7166666667,23.0333333333	41.7666666667,22.9666666667	41.9666666667,22.8833333333	42.0969444444,22.6058333333	42.1166666667,22.6	42.3111111111,22.3602777778	42.4166666667,22.55	42.4730555556,22.5541666667	42.5666666667,22.4666666667	42.5983333333,22.4480555556	42.8002777778,22.4444444444	42.8463888889,22.4930555556	42.8666666667,22.5416666667	42.8941666667,22.5927777778	42.8772222222,22.6413888889	42.5938888889,22.665	42.4880555556,22.6738888889	42.27,22.6916666667	42.2919444444,23.3191666667	42.3091666667,23.9069444444	42.31,23.9369444444	42.3122222222,24.02	42.3136111111,24.0780555556	42.2341666667,24.2558333333
375	385	1504281600	1504295999	5	42.5930555556,23.3425	42.4908333333,23.3388888889	42.4908333333,23.2388888889	42.5725,23.2086111111	42.5930555556,23.3425
375	385	1504281600	1504295999	12	43.7147222222,24.7113888889	43.8044444444,24.8138888889	43.9733333333,25.0025	43.9777777778,25.3330555556	43.9783333333,25.3755555556	43.6372222222,25.5466666667	43.6263888889,25.4183333333	43.6336111111,25.3630555556	43.65,25.3166666667	43.6955555556,25.1333333333	43.7,24.85	43.7147222222,24.7113888889
375	385	1504281600	1504295999	9	43.2411111111,23.5569444444	43.1511111111,23.8077777778	43.095,24.2205555556	42.805,24.1777777778	42.8016666667,24.1102777778	42.7783333333,24.0636111111	42.7433333333,24.0280555556	42.9644444444,23.5869444444	43.2411111111,23.5569444444
375	385	1504281600	1504295999	9	42.9219444444,22.9305555556	42.7561111111,22.7533333333	42.5044444444,22.7761111111	42.4880555556,22.6738888889	42.5938888889,22.665	42.8772222222,22.6413888889	42.8916666667,22.7508333333	42.9727777778,22.7975	42.9219444444,22.9305555556
375	385	1504281600	1504295999	8	42.7269444444,24.0419444444	42.7041666667,24.1625	42.6602777778,24.1294444444	42.6572222222,24.1272222222	42.5277777778,24.0294444444	42.5675,23.9219444444	42.6897222222,24.0136111111	42.7269444444,24.0419444444
375	385	1504281600	1504295999	8	42.6994444444,26.8569444444	42.3333333333,27.3805555556	42.2105555556,27.5522222222	42.1883333333,27.1938888889	42.3333333333,26.9802777778	42.4775,26.7672222222	42.7094444444,26.7677777778	42.6994444444,26.8569444444
375	385	1504281600	1504295999	6	43.2105555556,24.9741666667	43.2175,25.1591666667	43.1341666667,25.165	43.0508333333,25.1708333333	43.0438888889,24.9861111111	43.2105555556,24.9741666667
375	385	1504281600	1504295999	12	43.0102777778,23.4375	42.9847222222,23.5461111111	42.9644444444,23.5869444444	42.7433333333,24.0280555556	42.7336111111,24.0469444444	42.7269444444,24.0419444444	42.6897222222,24.0136111111	42.5675,23.9219444444	42.9219444444,22.9305555556	42.9475,22.9597222222	42.9913888889,23.2941666667	43.0102777778,23.4375
375	385	1504281600	1504295999	9	42.4558333333,23.8366666667	42.5008333333,23.4944444444	42.5930555556,23.3425	42.5725,23.2086111111	42.5044444444,22.7761111111	42.7561111111,22.7533333333	42.9219444444,22.9305555556	42.5675,23.9219444444	42.4558333333,23.8366666667
