90
105	315	1504242000	1504270799	47	42.2341666667,24.2558333333	42.1138888889,24.4263888889	42.0388888889,24.5322222222	41.95,24.75	41.8875,24.8961111111	41.3661111111,25.0513888889	41.4,24.8766666667	41.4133333333,24.8	41.4208333333,24.7011111111	41.45,24.6	41.5336111111,24.4608333333	41.5455555556,24.4036111111	41.5233333333,24.3133333333	41.5802777778,24.2716666667	41.545,24.1686111111	41.5463888889,24.1216666667	41.4530555556,24.0391666667	41.3666666667,23.6333333333	41.3833333333,23.5083333333	41.4027777778,23.4555555556	41.3872222222,23.2819444444	41.35,22.9833333333	41.4666666667,22.9333333333	41.7166666667,23.0333333333	41.7666666667,22.9666666667	41.9666666667,22.8833333333	42.0969444444,22.6058333333	42.1166666667,22.6	42.3111111111,22.3602777778	42.4166666667,22.55	42.4730555556,22.5541666667	42.5666666667,22.4666666667	42.5983333333,22.4480555556	42.8002777778,22.4444444444	42.8463888889,22.4930555556	42.8666666667,22.5416666667	42.8941666667,22.5927777778	42.8772222222,22.6413888889	42.5938888889,22.665	42.4880555556,22.6738888889	42.27,22.6916666667	42.2919444444,23.3191666667	42.3091666667,23.9069444444	42.31,23.9369444444	42.3122222222,24.02	42.3136111111,24.0780555556	42.2341666667,24.2558333333
105	315	1504242000	1504270799	42	43.6888888889,24.2391666667	43.3238888889,24.3463888889	43.2183333333,24.6758333333	43.0513888889,24.9425	42.9508333333,25.0975	42.9058333333,25.2116666667	42.8538888889,24.5961111111	42.2341666667,24.7919444444	42.3758333333,24.3711111111	42.5277777778,24.0294444444	42.6572222222,24.1272222222	42.6602777778,24.1294444444	42.7041666667,24.1625	42.805,24.1777777778	43.095,24.2205555556	43.1511111111,23.8077777778	43.2411111111,23.5569444444	43.3283333333,23.3127777778	43.3922222222,23.0911111111	43.4222222222,22.9866666667	43.4786111111,22.7941666667	43.5666666667,22.4883333333	43.6333333333,22.5	43.6858333333,22.4177777778	43.7986111111,22.3644444444	43.8311111111,22.3702777778	43.9122222222,22.3922222222	44.0,22.4333333333	44.0833333333,22.6166666667	44.2,22.6666666667	44.1,23.025	43.8666666667,22.85	43.8,22.9833333333	43.8333333333,23.25	43.8111111111,23.4955555556	43.7925,23.6913888889	43.7833333333,23.8	43.7758333333,23.8294444444	43.7605555556,23.8902777778	43.7333333333,24.0	43.7169444444,24.0902777778	43.6888888889,24.2391666667
245	315	1504242000	1504270799	8	42.805,24.1777777778	42.7041666667,24.1625	42.7269444444,24.0419444444	42.7336111111,24.0469444444	42.7433333333,24.0280555556	42.7783333333,24.0636111111	42.8016666667,24.1102777778	42.805,24.1777777778
245	315	1504242000	1504270799	12	43.0102777778,23.4375	42.9847222222,23.5461111111	42.9644444444,23.5869444444	42.7433333333,24.0280555556	42.7336111111,24.0469444444	42.7269444444,24.0419444444	42.6897222222,24.0136111111	42.5675,23.9219444444	42.9219444444,22.9305555556	42.9475,22.9597222222	42.9913888889,23.2941666667	43.0102777778,23.4375
245	315	1504242000	1504270799	5	42.5930555556,23.3425	42.4908333333,23.3388888889	42.4908333333,23.2388888889	42.5725,23.2086111111	42.5930555556,23.3425
245	315	1504242000	1504270799	8	42.5277777778,24.0294444444	42.3758333333,24.3711111111	42.305,24.3133333333	42.2341666667,24.2558333333	42.3136111111,24.0780555556	42.4558333333,23.8366666667	42.5675,23.9219444444	42.5277777778,24.0294444444
245	315	1504242000	1504270799	9	42.4558333333,23.8366666667	42.5008333333,23.4944444444	42.5930555556,23.3425	42.5725,23.2086111111	42.5044444444,22.7761111111	42.7561111111,22.7533333333	42.9219444444,22.9305555556	42.5675,23.9219444444	42.4558333333,23.8366666667
245	315	1504242000	1504270799	21	43.5666666667,22.4883333333	43.4786111111,22.7941666667	43.4222222222,22.9866666667	43.3922222222,23.0911111111	43.3283333333,23.3127777778	43.2411111111,23.5569444444	42.9644444444,23.5869444444	42.9847222222,23.5461111111	43.0102777778,23.4375	42.9913888889,23.2941666667	43.0516666667,22.9927777778	43.1127777778,22.9833333333	43.1266666667,22.9894444444	43.1558333333,22.9972222222	43.1113888889,23.1341666667	43.0922222222,23.2105555556	43.1227777778,23.2969444444	43.2305555556,23.0330555556	43.4294444444,22.7822222222	43.4977777778,22.5227777778	43.5666666667,22.4883333333
245	315	1504242000	1504270799	9	42.9475,22.9597222222	42.9219444444,22.9305555556	42.9727777778,22.7975	43.0347222222,22.8927777778	43.08,22.9183333333	43.1127777778,22.9833333333	43.0516666667,22.9927777778	42.9913888889,23.2941666667	42.9475,22.9597222222
245	315	1504242000	1504270799	13	43.4977777778,22.5227777778	43.4294444444,22.7822222222	43.2305555556,23.0330555556	43.1227777778,23.2969444444	43.0922222222,23.2105555556	43.1113888889,23.1341666667	43.1558333333,22.9972222222	43.1666666667,23.0	43.3244444444,22.8280555556	43.3513888889,22.7683333333	43.3741666667,22.7683333333	43.4333333333,22.6666666667	43.4977777778,22.5227777778
245	315	1504242000	1504270799	15	42.5008333333,23.4944444444	42.4558333333,23.8366666667	42.3136111111,24.0780555556	42.3122222222,24.02	42.31,23.9369444444	42.3091666667,23.9069444444	42.2919444444,23.3191666667	42.27,22.6916666667	42.4880555556,22.6738888889	42.5044444444,22.7761111111	42.5725,23.2086111111	42.4908333333,23.2388888889	42.4908333333,23.3388888889	42.5930555556,23.3425	42.5008333333,23.4944444444
245	315	1504242000	1504270799	9	43.2411111111,23.5569444444	43.1511111111,23.8077777778	43.095,24.2205555556	42.805,24.1777777778	42.8016666667,24.1102777778	42.7783333333,24.0636111111	42.7433333333,24.0280555556	42.9644444444,23.5869444444	43.2411111111,23.5569444444
245	315	1504242000	1504270799	9	42.9219444444,22.9305555556	42.7561111111,22.7533333333	42.5044444444,22.7761111111	42.4880555556,22.6738888889	42.5938888889,22.665	42.8772222222,22.6413888889	42.8916666667,22.7508333333	42.9727777778,22.7975	42.9219444444,22.9305555556
245	315	1504242000	1504270799	8	42.7269444444,24.0419444444	42.7041666667,24.1625	42.6602777778,24.1294444444	42.6572222222,24.1272222222	42.5277777778,24.0294444444	42.5675,23.9219444444	42.6897222222,24.0136111111	42.7269444444,24.0419444444
335	345	1504242000	1504270799	8	42.805,24.1777777778	42.7041666667,24.1625	42.7269444444,24.0419444444	42.7336111111,24.0469444444	42.7433333333,24.0280555556	42.7783333333,24.0636111111	42.8016666667,24.1102777778	42.805,24.1777777778
335	345	1504242000	1504270799	12	43.0102777778,23.4375	42.9847222222,23.5461111111	42.9644444444,23.5869444444	42.7433333333,24.0280555556	42.7336111111,24.0469444444	42.7269444444,24.0419444444	42.6897222222,24.0136111111	42.5675,23.9219444444	42.9219444444,22.9305555556	42.9475,22.9597222222	42.9913888889,23.2941666667	43.0102777778,23.4375
335	345	1504242000	1504270799	47	42.2341666667,24.2558333333	42.1138888889,24.4263888889	42.0388888889,24.5322222222	41.95,24.75	41.8875,24.8961111111	41.3661111111,25.0513888889	41.4,24.8766666667	41.4133333333,24.8	41.4208333333,24.7011111111	41.45,24.6	41.5336111111,24.4608333333	41.5455555556,24.4036111111	41.5233333333,24.3133333333	41.5802777778,24.2716666667	41.545,24.1686111111	41.5463888889,24.1216666667	41.4530555556,24.0391666667	41.3666666667,23.6333333333	41.3833333333,23.5083333333	41.4027777778,23.4555555556	41.3872222222,23.2819444444	41.35,22.9833333333	41.4666666667,22.9333333333	41.7166666667,23.0333333333	41.7666666667,22.9666666667	41.9666666667,22.8833333333	42.0969444444,22.6058333333	42.1166666667,22.6	42.3111111111,22.3602777778	42.4166666667,22.55	42.4730555556,22.5541666667	42.5666666667,22.4666666667	42.5983333333,22.4480555556	42.8002777778,22.4444444444	42.8463888889,22.4930555556	42.8666666667,22.5416666667	42.8941666667,22.5927777778	42.8772222222,22.6413888889	42.5938888889,22.665	42.4880555556,22.6738888889	42.27,22.6916666667	42.2919444444,23.3191666667	42.3091666667,23.9069444444	42.31,23.9369444444	42.3122222222,24.02	42.3136111111,24.0780555556	42.2341666667,24.2558333333
335	345	1504242000	1504270799	5	42.5930555556,23.3425	42.4908333333,23.3388888889	42.4908333333,23.2388888889	42.5725,23.2086111111	42.5930555556,23.3425
335	345	1504242000	1504270799	8	42.5277777778,24.0294444444	42.3758333333,24.3711111111	42.305,24.3133333333	42.2341666667,24.2558333333	42.3136111111,24.0780555556	42.4558333333,23.8366666667	42.5675,23.9219444444	42.5277777778,24.0294444444
335	345	1504242000	1504270799	13	43.4977777778,22.5227777778	43.4294444444,22.7822222222	43.2305555556,23.0330555556	43.1227777778,23.2969444444	43.0922222222,23.2105555556	43.1113888889,23.1341666667	43.1558333333,22.9972222222	43.1666666667,23.0	43.3244444444,22.8280555556	43.3513888889,22.7683333333	43.3741666667,22.7683333333	43.4333333333,22.6666666667	43.4977777778,22.5227777778
335	345	1504242000	1504270799	9	42.9475,22.9597222222	42.9219444444,22.9305555556	42.9727777778,22.7975	43.0347222222,22.8927777778	43.08,22.9183333333	43.1127777778,22.9833333333	43.0516666667,22.9927777778	42.9913888889,23.2941666667	42.9475,22.9597222222
335	345	1504242000	1504270799	9	42.3758333333,24.3711111111	42.2341666667,24.7919444444	41.8875,24.8961111111	41.95,24.75	42.0388888889,24.5322222222	42.1138888889,24.4263888889	42.2341666667,24.2558333333	42.305,24.3133333333	42.3758333333,24.3711111111
335	345	1504242000	1504270799	21	43.5666666667,22.4883333333	43.4786111111,22.7941666667	43.4222222222,22.9866666667	43.3922222222,23.0911111111	43.3283333333,23.3127777778	43.2411111111,23.5569444444	42.9644444444,23.5869444444	42.9847222222,23.5461111111	43.0102777778,23.4375	42.9913888889,23.2941666667	43.0516666667,22.9927777778	43.1127777778,22.9833333333	43.1266666667,22.9894444444	43.1558333333,22.9972222222	43.1113888889,23.1341666667	43.0922222222,23.2105555556	43.1227777778,23.2969444444	43.2305555556,23.0330555556	43.4294444444,22.7822222222	43.4977777778,22.5227777778	43.5666666667,22.4883333333
335	345	1504242000	1504270799	9	43.2411111111,23.5569444444	43.1511111111,23.8077777778	43.095,24.2205555556	42.805,24.1777777778	42.8016666667,24.1102777778	42.7783333333,24.0636111111	42.7433333333,24.0280555556	42.9644444444,23.5869444444	43.2411111111,23.5569444444
335	345	1504242000	1504270799	9	42.4558333333,23.8366666667	42.5008333333,23.4944444444	42.5930555556,23.3425	42.5725,23.2086111111	42.5044444444,22.7761111111	42.7561111111,22.7533333333	42.9219444444,22.9305555556	42.5675,23.9219444444	42.4558333333,23.8366666667
335	345	1504242000	1504270799	15	42.5008333333,23.4944444444	42.4558333333,23.8366666667	42.3136111111,24.0780555556	42.3122222222,24.02	42.31,23.9369444444	42.3091666667,23.9069444444	42.2919444444,23.3191666667	42.27,22.6916666667	42.4880555556,22.6738888889	42.5044444444,22.7761111111	42.5725,23.2086111111	42.4908333333,23.2388888889	42.4908333333,23.3388888889	42.5930555556,23.3425	42.5008333333,23.4944444444
335	345	1504242000	1504270799	42	43.6888888889,24.2391666667	43.3238888889,24.3463888889	43.2183333333,24.6758333333	43.0513888889,24.9425	42.9508333333,25.0975	42.9058333333,25.2116666667	42.8538888889,24.5961111111	42.2341666667,24.7919444444	42.3758333333,24.3711111111	42.5277777778,24.0294444444	42.6572222222,24.1272222222	42.6602777778,24.1294444444	42.7041666667,24.1625	42.805,24.1777777778	43.095,24.2205555556	43.1511111111,23.8077777778	43.2411111111,23.5569444444	43.3283333333,23.3127777778	43.3922222222,23.0911111111	43.4222222222,22.9866666667	43.4786111111,22.7941666667	43.5666666667,22.4883333333	43.6333333333,22.5	43.6858333333,22.4177777778	43.7986111111,22.3644444444	43.8311111111,22.3702777778	43.9122222222,22.3922222222	44.0,22.4333333333	44.0833333333,22.6166666667	44.2,22.6666666667	44.1,23.025	43.8666666667,22.85	43.8,22.9833333333	43.8333333333,23.25	43.8111111111,23.4955555556	43.7925,23.6913888889	43.7833333333,23.8	43.7758333333,23.8294444444	43.7605555556,23.8902777778	43.7333333333,24.0	43.7169444444,24.0902777778	43.6888888889,24.2391666667
335	345	1504242000	1504270799	9	42.9219444444,22.9305555556	42.7561111111,22.7533333333	42.5044444444,22.7761111111	42.4880555556,22.6738888889	42.5938888889,22.665	42.8772222222,22.6413888889	42.8916666667,22.7508333333	42.9727777778,22.7975	42.9219444444,22.9305555556
335	345	1504242000	1504270799	8	42.7269444444,24.0419444444	42.7041666667,24.1625	42.6602777778,24.1294444444	42.6572222222,24.1272222222	42.5277777778,24.0294444444	42.5675,23.9219444444	42.6897222222,24.0136111111	42.7269444444,24.0419444444
115	315	1504242000	1504270799	9	42.3758333333,24.3711111111	42.2341666667,24.7919444444	41.8875,24.8961111111	41.95,24.75	42.0388888889,24.5322222222	42.1138888889,24.4263888889	42.2341666667,24.2558333333	42.305,24.3133333333	42.3758333333,24.3711111111
325	335	1504242000	1504270799	8	42.805,24.1777777778	42.7041666667,24.1625	42.7269444444,24.0419444444	42.7336111111,24.0469444444	42.7433333333,24.0280555556	42.7783333333,24.0636111111	42.8016666667,24.1102777778	42.805,24.1777777778
325	335	1504242000	1504270799	42	43.6888888889,24.2391666667	43.3238888889,24.3463888889	43.2183333333,24.6758333333	43.0513888889,24.9425	42.9508333333,25.0975	42.9058333333,25.2116666667	42.8538888889,24.5961111111	42.2341666667,24.7919444444	42.3758333333,24.3711111111	42.5277777778,24.0294444444	42.6572222222,24.1272222222	42.6602777778,24.1294444444	42.7041666667,24.1625	42.805,24.1777777778	43.095,24.2205555556	43.1511111111,23.8077777778	43.2411111111,23.5569444444	43.3283333333,23.3127777778	43.3922222222,23.0911111111	43.4222222222,22.9866666667	43.4786111111,22.7941666667	43.5666666667,22.4883333333	43.6333333333,22.5	43.6858333333,22.4177777778	43.7986111111,22.3644444444	43.8311111111,22.3702777778	43.9122222222,22.3922222222	44.0,22.4333333333	44.0833333333,22.6166666667	44.2,22.6666666667	44.1,23.025	43.8666666667,22.85	43.8,22.9833333333	43.8333333333,23.25	43.8111111111,23.4955555556	43.7925,23.6913888889	43.7833333333,23.8	43.7758333333,23.8294444444	43.7605555556,23.8902777778	43.7333333333,24.0	43.7169444444,24.0902777778	43.6888888889,24.2391666667
325	335	1504242000	1504270799	12	43.0102777778,23.4375	42.9847222222,23.5461111111	42.9644444444,23.5869444444	42.7433333333,24.0280555556	42.7336111111,24.0469444444	42.7269444444,24.0419444444	42.6897222222,24.0136111111	42.5675,23.9219444444	42.9219444444,22.9305555556	42.9475,22.9597222222	42.9913888889,23.2941666667	43.0102777778,23.4375
325	335	1504242000	1504270799	47	42.2341666667,24.2558333333	42.1138888889,24.4263888889	42.0388888889,24.5322222222	41.95,24.75	41.8875,24.8961111111	41.3661111111,25.0513888889	41.4,24.8766666667	41.4133333333,24.8	41.4208333333,24.7011111111	41.45,24.6	41.5336111111,24.4608333333	41.5455555556,24.4036111111	41.5233333333,24.3133333333	41.5802777778,24.2716666667	41.545,24.1686111111	41.5463888889,24.1216666667	41.4530555556,24.0391666667	41.3666666667,23.6333333333	41.3833333333,23.5083333333	41.4027777778,23.4555555556	41.3872222222,23.2819444444	41.35,22.9833333333	41.4666666667,22.9333333333	41.7166666667,23.0333333333	41.7666666667,22.9666666667	41.9666666667,22.8833333333	42.0969444444,22.6058333333	42.1166666667,22.6	42.3111111111,22.3602777778	42.4166666667,22.55	42.4730555556,22.5541666667	42.5666666667,22.4666666667	42.5983333333,22.4480555556	42.8002777778,22.4444444444	42.8463888889,22.4930555556	42.8666666667,22.5416666667	42.8941666667,22.5927777778	42.8772222222,22.6413888889	42.5938888889,22.665	42.4880555556,22.6738888889	42.27,22.6916666667	42.2919444444,23.3191666667	42.3091666667,23.9069444444	42.31,23.9369444444	42.3122222222,24.02	42.3136111111,24.0780555556	42.2341666667,24.2558333333
325	335	1504242000	1504270799	5	42.5930555556,23.3425	42.4908333333,23.3388888889	42.4908333333,23.2388888889	42.5725,23.2086111111	42.5930555556,23.3425
325	335	1504242000	1504270799	8	42.5277777778,24.0294444444	42.3758333333,24.3711111111	42.305,24.3133333333	42.2341666667,24.2558333333	42.3136111111,24.0780555556	42.4558333333,23.8366666667	42.5675,23.9219444444	42.5277777778,24.0294444444
325	335	1504242000	1504270799	13	43.4977777778,22.5227777778	43.4294444444,22.7822222222	43.2305555556,23.0330555556	43.1227777778,23.2969444444	43.0922222222,23.2105555556	43.1113888889,23.1341666667	43.1558333333,22.9972222222	43.1666666667,23.0	43.3244444444,22.8280555556	43.3513888889,22.7683333333	43.3741666667,22.7683333333	43.4333333333,22.6666666667	43.4977777778,22.5227777778
325	335	1504242000	1504270799	21	43.5666666667,22.4883333333	43.4786111111,22.7941666667	43.4222222222,22.9866666667	43.3922222222,23.0911111111	43.3283333333,23.3127777778	43.2411111111,23.5569444444	42.9644444444,23.5869444444	42.9847222222,23.5461111111	43.0102777778,23.4375	42.9913888889,23.2941666667	43.0516666667,22.9927777778	43.1127777778,22.9833333333	43.1266666667,22.9894444444	43.1558333333,22.9972222222	43.1113888889,23.1341666667	43.0922222222,23.2105555556	43.1227777778,23.2969444444	43.2305555556,23.0330555556	43.4294444444,22.7822222222	43.4977777778,22.5227777778	43.5666666667,22.4883333333
325	335	1504242000	1504270799	9	42.9475,22.9597222222	42.9219444444,22.9305555556	42.9727777778,22.7975	43.0347222222,22.8927777778	43.08,22.9183333333	43.1127777778,22.9833333333	43.0516666667,22.9927777778	42.9913888889,23.2941666667	42.9475,22.9597222222
325	335	1504242000	1504270799	9	42.3758333333,24.3711111111	42.2341666667,24.7919444444	41.8875,24.8961111111	41.95,24.75	42.0388888889,24.5322222222	42.1138888889,24.4263888889	42.2341666667,24.2558333333	42.305,24.3133333333	42.3758333333,24.3711111111
325	335	1504242000	1504270799	9	42.4558333333,23.8366666667	42.5008333333,23.4944444444	42.5930555556,23.3425	42.5725,23.2086111111	42.5044444444,22.7761111111	42.7561111111,22.7533333333	42.9219444444,22.9305555556	42.5675,23.9219444444	42.4558333333,23.8366666667
325	335	1504242000	1504270799	15	42.5008333333,23.4944444444	42.4558333333,23.8366666667	42.3136111111,24.0780555556	42.3122222222,24.02	42.31,23.9369444444	42.3091666667,23.9069444444	42.2919444444,23.3191666667	42.27,22.6916666667	42.4880555556,22.6738888889	42.5044444444,22.7761111111	42.5725,23.2086111111	42.4908333333,23.2388888889	42.4908333333,23.3388888889	42.5930555556,23.3425	42.5008333333,23.4944444444
325	335	1504242000	1504270799	9	43.2411111111,23.5569444444	43.1511111111,23.8077777778	43.095,24.2205555556	42.805,24.1777777778	42.8016666667,24.1102777778	42.7783333333,24.0636111111	42.7433333333,24.0280555556	42.9644444444,23.5869444444	43.2411111111,23.5569444444
325	335	1504242000	1504270799	9	42.9219444444,22.9305555556	42.7561111111,22.7533333333	42.5044444444,22.7761111111	42.4880555556,22.6738888889	42.5938888889,22.665	42.8772222222,22.6413888889	42.8916666667,22.7508333333	42.9727777778,22.7975	42.9219444444,22.9305555556
325	335	1504242000	1504270799	8	42.7269444444,24.0419444444	42.7041666667,24.1625	42.6602777778,24.1294444444	42.6572222222,24.1272222222	42.5277777778,24.0294444444	42.5675,23.9219444444	42.6897222222,24.0136111111	42.7269444444,24.0419444444
315	325	1504242000	1504270799	8	42.805,24.1777777778	42.7041666667,24.1625	42.7269444444,24.0419444444	42.7336111111,24.0469444444	42.7433333333,24.0280555556	42.7783333333,24.0636111111	42.8016666667,24.1102777778	42.805,24.1777777778
315	325	1504242000	1504270799	42	43.6888888889,24.2391666667	43.3238888889,24.3463888889	43.2183333333,24.6758333333	43.0513888889,24.9425	42.9508333333,25.0975	42.9058333333,25.2116666667	42.8538888889,24.5961111111	42.2341666667,24.7919444444	42.3758333333,24.3711111111	42.5277777778,24.0294444444	42.6572222222,24.1272222222	42.6602777778,24.1294444444	42.7041666667,24.1625	42.805,24.1777777778	43.095,24.2205555556	43.1511111111,23.8077777778	43.2411111111,23.5569444444	43.3283333333,23.3127777778	43.3922222222,23.0911111111	43.4222222222,22.9866666667	43.4786111111,22.7941666667	43.5666666667,22.4883333333	43.6333333333,22.5	43.6858333333,22.4177777778	43.7986111111,22.3644444444	43.8311111111,22.3702777778	43.9122222222,22.3922222222	44.0,22.4333333333	44.0833333333,22.6166666667	44.2,22.6666666667	44.1,23.025	43.8666666667,22.85	43.8,22.9833333333	43.8333333333,23.25	43.8111111111,23.4955555556	43.7925,23.6913888889	43.7833333333,23.8	43.7758333333,23.8294444444	43.7605555556,23.8902777778	43.7333333333,24.0	43.7169444444,24.0902777778	43.6888888889,24.2391666667
315	325	1504242000	1504270799	12	43.0102777778,23.4375	42.9847222222,23.5461111111	42.9644444444,23.5869444444	42.7433333333,24.0280555556	42.7336111111,24.0469444444	42.7269444444,24.0419444444	42.6897222222,24.0136111111	42.5675,23.9219444444	42.9219444444,22.9305555556	42.9475,22.9597222222	42.9913888889,23.2941666667	43.0102777778,23.4375
315	325	1504242000	1504270799	47	42.2341666667,24.2558333333	42.1138888889,24.4263888889	42.0388888889,24.5322222222	41.95,24.75	41.8875,24.8961111111	41.3661111111,25.0513888889	41.4,24.8766666667	41.4133333333,24.8	41.4208333333,24.7011111111	41.45,24.6	41.5336111111,24.4608333333	41.5455555556,24.4036111111	41.5233333333,24.3133333333	41.5802777778,24.2716666667	41.545,24.1686111111	41.5463888889,24.1216666667	41.4530555556,24.0391666667	41.3666666667,23.6333333333	41.3833333333,23.5083333333	41.4027777778,23.4555555556	41.3872222222,23.2819444444	41.35,22.9833333333	41.4666666667,22.9333333333	41.7166666667,23.0333333333	41.7666666667,22.9666666667	41.9666666667,22.8833333333	42.0969444444,22.6058333333	42.1166666667,22.6	42.3111111111,22.3602777778	42.4166666667,22.55	42.4730555556,22.5541666667	42.5666666667,22.4666666667	42.5983333333,22.4480555556	42.8002777778,22.4444444444	42.8463888889,22.4930555556	42.8666666667,22.5416666667	42.8941666667,22.5927777778	42.8772222222,22.6413888889	42.5938888889,22.665	42.4880555556,22.6738888889	42.27,22.6916666667	42.2919444444,23.3191666667	42.3091666667,23.9069444444	42.31,23.9369444444	42.3122222222,24.02	42.3136111111,24.0780555556	42.2341666667,24.2558333333
315	325	1504242000	1504270799	5	42.5930555556,23.3425	42.4908333333,23.3388888889	42.4908333333,23.2388888889	42.5725,23.2086111111	42.5930555556,23.3425
315	325	1504242000	1504270799	8	42.5277777778,24.0294444444	42.3758333333,24.3711111111	42.305,24.3133333333	42.2341666667,24.2558333333	42.3136111111,24.0780555556	42.4558333333,23.8366666667	42.5675,23.9219444444	42.5277777778,24.0294444444
315	325	1504242000	1504270799	13	43.4977777778,22.5227777778	43.4294444444,22.7822222222	43.2305555556,23.0330555556	43.1227777778,23.2969444444	43.0922222222,23.2105555556	43.1113888889,23.1341666667	43.1558333333,22.9972222222	43.1666666667,23.0	43.3244444444,22.8280555556	43.3513888889,22.7683333333	43.3741666667,22.7683333333	43.4333333333,22.6666666667	43.4977777778,22.5227777778
315	325	1504242000	1504270799	21	43.5666666667,22.4883333333	43.4786111111,22.7941666667	43.4222222222,22.9866666667	43.3922222222,23.0911111111	43.3283333333,23.3127777778	43.2411111111,23.5569444444	42.9644444444,23.5869444444	42.9847222222,23.5461111111	43.0102777778,23.4375	42.9913888889,23.2941666667	43.0516666667,22.9927777778	43.1127777778,22.9833333333	43.1266666667,22.9894444444	43.1558333333,22.9972222222	43.1113888889,23.1341666667	43.0922222222,23.2105555556	43.1227777778,23.2969444444	43.2305555556,23.0330555556	43.4294444444,22.7822222222	43.4977777778,22.5227777778	43.5666666667,22.4883333333
315	325	1504242000	1504270799	9	42.9475,22.9597222222	42.9219444444,22.9305555556	42.9727777778,22.7975	43.0347222222,22.8927777778	43.08,22.9183333333	43.1127777778,22.9833333333	43.0516666667,22.9927777778	42.9913888889,23.2941666667	42.9475,22.9597222222
315	325	1504242000	1504270799	9	42.3758333333,24.3711111111	42.2341666667,24.7919444444	41.8875,24.8961111111	41.95,24.75	42.0388888889,24.5322222222	42.1138888889,24.4263888889	42.2341666667,24.2558333333	42.305,24.3133333333	42.3758333333,24.3711111111
315	325	1504242000	1504270799	9	42.4558333333,23.8366666667	42.5008333333,23.4944444444	42.5930555556,23.3425	42.5725,23.2086111111	42.5044444444,22.7761111111	42.7561111111,22.7533333333	42.9219444444,22.9305555556	42.5675,23.9219444444	42.4558333333,23.8366666667
315	325	1504242000	1504270799	15	42.5008333333,23.4944444444	42.4558333333,23.8366666667	42.3136111111,24.0780555556	42.3122222222,24.02	42.31,23.9369444444	42.3091666667,23.9069444444	42.2919444444,23.3191666667	42.27,22.6916666667	42.4880555556,22.6738888889	42.5044444444,22.7761111111	42.5725,23.2086111111	42.4908333333,23.2388888889	42.4908333333,23.3388888889	42.5930555556,23.3425	42.5008333333,23.4944444444
315	325	1504242000	1504270799	9	43.2411111111,23.5569444444	43.1511111111,23.8077777778	43.095,24.2205555556	42.805,24.1777777778	42.8016666667,24.1102777778	42.7783333333,24.0636111111	42.7433333333,24.0280555556	42.9644444444,23.5869444444	43.2411111111,23.5569444444
315	325	1504242000	1504270799	9	42.9219444444,22.9305555556	42.7561111111,22.7533333333	42.5044444444,22.7761111111	42.4880555556,22.6738888889	42.5938888889,22.665	42.8772222222,22.6413888889	42.8916666667,22.7508333333	42.9727777778,22.7975	42.9219444444,22.9305555556
315	325	1504242000	1504270799	8	42.7269444444,24.0419444444	42.7041666667,24.1625	42.6602777778,24.1294444444	42.6572222222,24.1272222222	42.5277777778,24.0294444444	42.5675,23.9219444444	42.6897222222,24.0136111111	42.7269444444,24.0419444444
355	365	1504242000	1504270799	8	42.805,24.1777777778	42.7041666667,24.1625	42.7269444444,24.0419444444	42.7336111111,24.0469444444	42.7433333333,24.0280555556	42.7783333333,24.0636111111	42.8016666667,24.1102777778	42.805,24.1777777778
355	365	1504242000	1504270799	42	43.6888888889,24.2391666667	43.3238888889,24.3463888889	43.2183333333,24.6758333333	43.0513888889,24.9425	42.9508333333,25.0975	42.9058333333,25.2116666667	42.8538888889,24.5961111111	42.2341666667,24.7919444444	42.3758333333,24.3711111111	42.5277777778,24.0294444444	42.6572222222,24.1272222222	42.6602777778,24.1294444444	42.7041666667,24.1625	42.805,24.1777777778	43.095,24.2205555556	43.1511111111,23.8077777778	43.2411111111,23.5569444444	43.3283333333,23.3127777778	43.3922222222,23.0911111111	43.4222222222,22.9866666667	43.4786111111,22.7941666667	43.5666666667,22.4883333333	43.6333333333,22.5	43.6858333333,22.4177777778	43.7986111111,22.3644444444	43.8311111111,22.3702777778	43.9122222222,22.3922222222	44.0,22.4333333333	44.0833333333,22.6166666667	44.2,22.6666666667	44.1,23.025	43.8666666667,22.85	43.8,22.9833333333	43.8333333333,23.25	43.8111111111,23.4955555556	43.7925,23.6913888889	43.7833333333,23.8	43.7758333333,23.8294444444	43.7605555556,23.8902777778	43.7333333333,24.0	43.7169444444,24.0902777778	43.6888888889,24.2391666667
355	365	1504242000	1504270799	47	42.2341666667,24.2558333333	42.1138888889,24.4263888889	42.0388888889,24.5322222222	41.95,24.75	41.8875,24.8961111111	41.3661111111,25.0513888889	41.4,24.8766666667	41.4133333333,24.8	41.4208333333,24.7011111111	41.45,24.6	41.5336111111,24.4608333333	41.5455555556,24.4036111111	41.5233333333,24.3133333333	41.5802777778,24.2716666667	41.545,24.1686111111	41.5463888889,24.1216666667	41.4530555556,24.0391666667	41.3666666667,23.6333333333	41.3833333333,23.5083333333	41.4027777778,23.4555555556	41.3872222222,23.2819444444	41.35,22.9833333333	41.4666666667,22.9333333333	41.7166666667,23.0333333333	41.7666666667,22.9666666667	41.9666666667,22.8833333333	42.0969444444,22.6058333333	42.1166666667,22.6	42.3111111111,22.3602777778	42.4166666667,22.55	42.4730555556,22.5541666667	42.5666666667,22.4666666667	42.5983333333,22.4480555556	42.8002777778,22.4444444444	42.8463888889,22.4930555556	42.8666666667,22.5416666667	42.8941666667,22.5927777778	42.8772222222,22.6413888889	42.5938888889,22.665	42.4880555556,22.6738888889	42.27,22.6916666667	42.2919444444,23.3191666667	42.3091666667,23.9069444444	42.31,23.9369444444	42.3122222222,24.02	42.3136111111,24.0780555556	42.2341666667,24.2558333333
355	365	1504242000	1504270799	5	42.5930555556,23.3425	42.4908333333,23.3388888889	42.4908333333,23.2388888889	42.5725,23.2086111111	42.5930555556,23.3425
355	365	1504242000	1504270799	8	42.5277777778,24.0294444444	42.3758333333,24.3711111111	42.305,24.3133333333	42.2341666667,24.2558333333	42.3136111111,24.0780555556	42.4558333333,23.8366666667	42.5675,23.9219444444	42.5277777778,24.0294444444
355	365	1504242000	1504270799	9	42.9219444444,22.9305555556	42.7561111111,22.7533333333	42.5044444444,22.7761111111	42.4880555556,22.6738888889	42.5938888889,22.665	42.8772222222,22.6413888889	42.8916666667,22.7508333333	42.9727777778,22.7975	42.9219444444,22.9305555556
355	365	1504242000	1504270799	21	43.5666666667,22.4883333333	43.4786111111,22.7941666667	43.4222222222,22.9866666667	43.3922222222,23.0911111111	43.3283333333,23.3127777778	43.2411111111,23.5569444444	42.9644444444,23.5869444444	42.9847222222,23.5461111111	43.0102777778,23.4375	42.9913888889,23.2941666667	43.0516666667,22.9927777778	43.1127777778,22.9833333333	43.1266666667,22.9894444444	43.1558333333,22.9972222222	43.1113888889,23.1341666667	43.0922222222,23.2105555556	43.1227777778,23.2969444444	43.2305555556,23.0330555556	43.4294444444,22.7822222222	43.4977777778,22.5227777778	43.5666666667,22.4883333333
355	365	1504242000	1504270799	9	42.9475,22.9597222222	42.9219444444,22.9305555556	42.9727777778,22.7975	43.0347222222,22.8927777778	43.08,22.9183333333	43.1127777778,22.9833333333	43.0516666667,22.9927777778	42.9913888889,23.2941666667	42.9475,22.9597222222
355	365	1504242000	1504270799	9	42.3758333333,24.3711111111	42.2341666667,24.7919444444	41.8875,24.8961111111	41.95,24.75	42.0388888889,24.5322222222	42.1138888889,24.4263888889	42.2341666667,24.2558333333	42.305,24.3133333333	42.3758333333,24.3711111111
355	365	1504242000	1504270799	12	43.0102777778,23.4375	42.9847222222,23.5461111111	42.9644444444,23.5869444444	42.7433333333,24.0280555556	42.7336111111,24.0469444444	42.7269444444,24.0419444444	42.6897222222,24.0136111111	42.5675,23.9219444444	42.9219444444,22.9305555556	42.9475,22.9597222222	42.9913888889,23.2941666667	43.0102777778,23.4375
355	365	1504242000	1504270799	9	42.4558333333,23.8366666667	42.5008333333,23.4944444444	42.5930555556,23.3425	42.5725,23.2086111111	42.5044444444,22.7761111111	42.7561111111,22.7533333333	42.9219444444,22.9305555556	42.5675,23.9219444444	42.4558333333,23.8366666667
355	365	1504242000	1504270799	15	42.5008333333,23.4944444444	42.4558333333,23.8366666667	42.3136111111,24.0780555556	42.3122222222,24.02	42.31,23.9369444444	42.3091666667,23.9069444444	42.2919444444,23.3191666667	42.27,22.6916666667	42.4880555556,22.6738888889	42.5044444444,22.7761111111	42.5725,23.2086111111	42.4908333333,23.2388888889	42.4908333333,23.3388888889	42.5930555556,23.3425	42.5008333333,23.4944444444
355	365	1504242000	1504270799	9	43.2411111111,23.5569444444	43.1511111111,23.8077777778	43.095,24.2205555556	42.805,24.1777777778	42.8016666667,24.1102777778	42.7783333333,24.0636111111	42.7433333333,24.0280555556	42.9644444444,23.5869444444	43.2411111111,23.5569444444
355	365	1504242000	1504270799	13	43.4977777778,22.5227777778	43.4294444444,22.7822222222	43.2305555556,23.0330555556	43.1227777778,23.2969444444	43.0922222222,23.2105555556	43.1113888889,23.1341666667	43.1558333333,22.9972222222	43.1666666667,23.0	43.3244444444,22.8280555556	43.3513888889,22.7683333333	43.3741666667,22.7683333333	43.4333333333,22.6666666667	43.4977777778,22.5227777778
355	365	1504242000	1504270799	8	42.7269444444,24.0419444444	42.7041666667,24.1625	42.6602777778,24.1294444444	42.6572222222,24.1272222222	42.5277777778,24.0294444444	42.5675,23.9219444444	42.6897222222,24.0136111111	42.7269444444,24.0419444444
345	355	1504242000	1504270799	8	42.805,24.1777777778	42.7041666667,24.1625	42.7269444444,24.0419444444	42.7336111111,24.0469444444	42.7433333333,24.0280555556	42.7783333333,24.0636111111	42.8016666667,24.1102777778	42.805,24.1777777778
345	355	1504242000	1504270799	9	43.2411111111,23.5569444444	43.1511111111,23.8077777778	43.095,24.2205555556	42.805,24.1777777778	42.8016666667,24.1102777778	42.7783333333,24.0636111111	42.7433333333,24.0280555556	42.9644444444,23.5869444444	43.2411111111,23.5569444444
345	355	1504242000	1504270799	47	42.2341666667,24.2558333333	42.1138888889,24.4263888889	42.0388888889,24.5322222222	41.95,24.75	41.8875,24.8961111111	41.3661111111,25.0513888889	41.4,24.8766666667	41.4133333333,24.8	41.4208333333,24.7011111111	41.45,24.6	41.5336111111,24.4608333333	41.5455555556,24.4036111111	41.5233333333,24.3133333333	41.5802777778,24.2716666667	41.545,24.1686111111	41.5463888889,24.1216666667	41.4530555556,24.0391666667	41.3666666667,23.6333333333	41.3833333333,23.5083333333	41.4027777778,23.4555555556	41.3872222222,23.2819444444	41.35,22.9833333333	41.4666666667,22.9333333333	41.7166666667,23.0333333333	41.7666666667,22.9666666667	41.9666666667,22.8833333333	42.0969444444,22.6058333333	42.1166666667,22.6	42.3111111111,22.3602777778	42.4166666667,22.55	42.4730555556,22.5541666667	42.5666666667,22.4666666667	42.5983333333,22.4480555556	42.8002777778,22.4444444444	42.8463888889,22.4930555556	42.8666666667,22.5416666667	42.8941666667,22.5927777778	42.8772222222,22.6413888889	42.5938888889,22.665	42.4880555556,22.6738888889	42.27,22.6916666667	42.2919444444,23.3191666667	42.3091666667,23.9069444444	42.31,23.9369444444	42.3122222222,24.02	42.3136111111,24.0780555556	42.2341666667,24.2558333333
345	355	1504242000	1504270799	5	42.5930555556,23.3425	42.4908333333,23.3388888889	42.4908333333,23.2388888889	42.5725,23.2086111111	42.5930555556,23.3425
345	355	1504242000	1504270799	8	42.5277777778,24.0294444444	42.3758333333,24.3711111111	42.305,24.3133333333	42.2341666667,24.2558333333	42.3136111111,24.0780555556	42.4558333333,23.8366666667	42.5675,23.9219444444	42.5277777778,24.0294444444
345	355	1504242000	1504270799	9	42.9219444444,22.9305555556	42.7561111111,22.7533333333	42.5044444444,22.7761111111	42.4880555556,22.6738888889	42.5938888889,22.665	42.8772222222,22.6413888889	42.8916666667,22.7508333333	42.9727777778,22.7975	42.9219444444,22.9305555556
345	355	1504242000	1504270799	21	43.5666666667,22.4883333333	43.4786111111,22.7941666667	43.4222222222,22.9866666667	43.3922222222,23.0911111111	43.3283333333,23.3127777778	43.2411111111,23.5569444444	42.9644444444,23.5869444444	42.9847222222,23.5461111111	43.0102777778,23.4375	42.9913888889,23.2941666667	43.0516666667,22.9927777778	43.1127777778,22.9833333333	43.1266666667,22.9894444444	43.1558333333,22.9972222222	43.1113888889,23.1341666667	43.0922222222,23.2105555556	43.1227777778,23.2969444444	43.2305555556,23.0330555556	43.4294444444,22.7822222222	43.4977777778,22.5227777778	43.5666666667,22.4883333333
345	355	1504242000	1504270799	9	42.9475,22.9597222222	42.9219444444,22.9305555556	42.9727777778,22.7975	43.0347222222,22.8927777778	43.08,22.9183333333	43.1127777778,22.9833333333	43.0516666667,22.9927777778	42.9913888889,23.2941666667	42.9475,22.9597222222
345	355	1504242000	1504270799	9	42.3758333333,24.3711111111	42.2341666667,24.7919444444	41.8875,24.8961111111	41.95,24.75	42.0388888889,24.5322222222	42.1138888889,24.4263888889	42.2341666667,24.2558333333	42.305,24.3133333333	42.3758333333,24.3711111111
345	355	1504242000	1504270799	12	43.0102777778,23.4375	42.9847222222,23.5461111111	42.9644444444,23.5869444444	42.7433333333,24.0280555556	42.7336111111,24.0469444444	42.7269444444,24.0419444444	42.6897222222,24.0136111111	42.5675,23.9219444444	42.9219444444,22.9305555556	42.9475,22.9597222222	42.9913888889,23.2941666667	43.0102777778,23.4375
345	355	1504242000	1504270799	13	43.4977777778,22.5227777778	43.4294444444,22.7822222222	43.2305555556,23.0330555556	43.1227777778,23.2969444444	43.0922222222,23.2105555556	43.1113888889,23.1341666667	43.1558333333,22.9972222222	43.1666666667,23.0	43.3244444444,22.8280555556	43.3513888889,22.7683333333	43.3741666667,22.7683333333	43.4333333333,22.6666666667	43.4977777778,22.5227777778
345	355	1504242000	1504270799	15	42.5008333333,23.4944444444	42.4558333333,23.8366666667	42.3136111111,24.0780555556	42.3122222222,24.02	42.31,23.9369444444	42.3091666667,23.9069444444	42.2919444444,23.3191666667	42.27,22.6916666667	42.4880555556,22.6738888889	42.5044444444,22.7761111111	42.5725,23.2086111111	42.4908333333,23.2388888889	42.4908333333,23.3388888889	42.5930555556,23.3425	42.5008333333,23.4944444444
345	355	1504242000	1504270799	42	43.6888888889,24.2391666667	43.3238888889,24.3463888889	43.2183333333,24.6758333333	43.0513888889,24.9425	42.9508333333,25.0975	42.9058333333,25.2116666667	42.8538888889,24.5961111111	42.2341666667,24.7919444444	42.3758333333,24.3711111111	42.5277777778,24.0294444444	42.6572222222,24.1272222222	42.6602777778,24.1294444444	42.7041666667,24.1625	42.805,24.1777777778	43.095,24.2205555556	43.1511111111,23.8077777778	43.2411111111,23.5569444444	43.3283333333,23.3127777778	43.3922222222,23.0911111111	43.4222222222,22.9866666667	43.4786111111,22.7941666667	43.5666666667,22.4883333333	43.6333333333,22.5	43.6858333333,22.4177777778	43.7986111111,22.3644444444	43.8311111111,22.3702777778	43.9122222222,22.3922222222	44.0,22.4333333333	44.0833333333,22.6166666667	44.2,22.6666666667	44.1,23.025	43.8666666667,22.85	43.8,22.9833333333	43.8333333333,23.25	43.8111111111,23.4955555556	43.7925,23.6913888889	43.7833333333,23.8	43.7758333333,23.8294444444	43.7605555556,23.8902777778	43.7333333333,24.0	43.7169444444,24.0902777778	43.6888888889,24.2391666667
345	355	1504242000	1504270799	9	42.4558333333,23.8366666667	42.5008333333,23.4944444444	42.5930555556,23.3425	42.5725,23.2086111111	42.5044444444,22.7761111111	42.7561111111,22.7533333333	42.9219444444,22.9305555556	42.5675,23.9219444444	42.4558333333,23.8366666667
345	355	1504242000	1504270799	8	42.7269444444,24.0419444444	42.7041666667,24.1625	42.6602777778,24.1294444444	42.6572222222,24.1272222222	42.5277777778,24.0294444444	42.5675,23.9219444444	42.6897222222,24.0136111111	42.7269444444,24.0419444444
