144
175	315	1504296000	1504303199	8	42.6994444444,26.8569444444	42.3333333333,27.3805555556	42.2105555556,27.5522222222	42.1883333333,27.1938888889	42.3333333333,26.9802777778	42.4775,26.7672222222	42.7094444444,26.7677777778	42.6994444444,26.8569444444
365	375	1504296000	1504303199	12	42.2341666667,24.7919444444	42.2,24.8666666667	42.2077777778,25.0361111111	42.2166666667,25.2333333333	42.1416666667,25.4675	42.0608333333,25.4522222222	41.9958333333,25.44	41.8938888889,25.4211111111	41.7772222222,25.3994444444	41.8041666667,25.1036111111	41.8875,24.8961111111	42.2341666667,24.7919444444
365	375	1504296000	1504303199	4	43.1725,26.1519444444	43.0941666667,26.3205555556	43.0891666667,26.1586111111	43.1725,26.1519444444
365	375	1504296000	1504303199	6	43.0327777778,25.5663888889	43.0327777778,25.8222222222	43.0891666667,26.1586111111	43.0502777778,26.0677777778	42.9783333333,25.9	43.0327777778,25.5663888889
365	375	1504296000	1504303199	11	43.1341666667,25.165	43.2175,25.1591666667	43.2986111111,25.6669444444	43.3058333333,25.9169444444	43.2558333333,26.1452777778	43.1725,26.1519444444	43.0891666667,26.1586111111	43.0327777778,25.8222222222	43.0327777778,25.5663888889	43.0508333333,25.1708333333	43.1341666667,25.165
365	375	1504296000	1504303199	8	43.3497222222,25.4208333333	43.3363888889,26.0227777778	43.2558333333,26.1452777778	43.3058333333,25.9169444444	43.2986111111,25.6669444444	43.2175,25.1591666667	43.2502777778,25.2236111111	43.3497222222,25.4208333333
365	375	1504296000	1504303199	9	42.0525,27.3691666667	42.1222222222,27.2969444444	42.1883333333,27.1938888889	42.2105555556,27.5522222222	41.9966666667,27.8513888889	41.9666666667,27.7769444444	41.9019444444,27.5694444444	41.9886111111,27.4183333333	42.0525,27.3691666667
365	375	1504296000	1504303199	4	42.7611111111,26.7680555556	42.6994444444,26.8569444444	42.7094444444,26.7677777778	42.7611111111,26.7680555556
365	375	1504296000	1504303199	15	43.0891666667,26.1586111111	42.7611111111,26.7680555556	42.7094444444,26.7677777778	42.7888888889,26.0261111111	42.8172222222,25.7494444444	42.8341666667,25.5808333333	42.9058333333,25.2116666667	42.9508333333,25.0975	43.0513888889,24.9425	43.0438888889,24.9861111111	43.0508333333,25.1708333333	43.0327777778,25.5663888889	42.9783333333,25.9	43.0502777778,26.0677777778	43.0891666667,26.1586111111
365	375	1504296000	1504303199	6	43.2105555556,24.9741666667	43.2175,25.1591666667	43.1341666667,25.165	43.0508333333,25.1708333333	43.0438888889,24.9861111111	43.2105555556,24.9741666667
365	375	1504296000	1504303199	5	43.0941666667,26.3205555556	43.0866666667,26.3369444444	42.7611111111,26.7680555556	43.0891666667,26.1586111111	43.0941666667,26.3205555556
365	375	1504296000	1504303199	21	43.6888888889,24.2391666667	43.7244444444,24.3536111111	43.7666666667,24.5333333333	43.7558333333,24.5597222222	43.7147222222,24.7113888889	43.7,24.85	43.6955555556,25.1333333333	43.65,25.3166666667	43.6336111111,25.3630555556	43.6263888889,25.4183333333	43.6372222222,25.5466666667	43.3363888889,26.0227777778	43.3497222222,25.4208333333	43.2502777778,25.2236111111	43.2175,25.1591666667	43.2105555556,24.9741666667	43.0438888889,24.9861111111	43.0513888889,24.9425	43.2183333333,24.6758333333	43.3238888889,24.3463888889	43.6888888889,24.2391666667
365	375	1504296000	1504303199	15	42.8172222222,25.7494444444	42.7888888889,26.0261111111	42.62,26.6	42.4775,26.7672222222	42.3333333333,26.9802777778	42.1883333333,27.1938888889	42.1222222222,27.2969444444	42.0525,27.3691666667	41.9886111111,27.4183333333	42.0666666667,27.2833333333	42.0655555556,27.2161111111	42.0833333333,27.1333333333	42.0408333333,27.0083333333	41.9711111111,26.7663888889	42.8172222222,25.7494444444
365	375	1504296000	1504303199	12	43.7147222222,24.7113888889	43.8044444444,24.8138888889	43.9733333333,25.0025	43.9777777778,25.3330555556	43.9783333333,25.3755555556	43.6372222222,25.5466666667	43.6263888889,25.4183333333	43.6336111111,25.3630555556	43.65,25.3166666667	43.6955555556,25.1333333333	43.7,24.85	43.7147222222,24.7113888889
365	375	1504296000	1504303199	38	42.2341666667,24.7919444444	42.8538888889,24.5961111111	42.9058333333,25.2116666667	42.8341666667,25.5808333333	42.8172222222,25.7494444444	41.9711111111,26.7663888889	41.9833333333,26.6166666667	41.8716666667,26.5683333333	41.7333333333,26.3	41.7333333333,26.0666666667	41.4166666667,26.1666666667	41.3661111111,26.1352777778	41.3333333333,26.0	41.31,25.8905555556	41.3502777778,25.835	41.3222222222,25.7380555556	41.2963888889,25.7205555556	41.3166666667,25.66	41.3088888889,25.6283333333	41.3225,25.5716666667	41.2841666667,25.5363888889	41.2925,25.4836111111	41.2436111111,25.3333333333	41.2533333333,25.2405555556	41.35,25.1205555556	41.3461111111,25.0911111111	41.3661111111,25.0513888889	41.8875,24.8961111111	41.8041666667,25.1036111111	41.7772222222,25.3994444444	41.8938888889,25.4211111111	41.9958333333,25.44	42.0608333333,25.4522222222	42.1416666667,25.4675	42.2166666667,25.2333333333	42.2077777778,25.0361111111	42.2,24.8666666667	42.2341666667,24.7919444444
365	375	1504296000	1504303199	5	42.7888888889,26.0261111111	42.7094444444,26.7677777778	42.4775,26.7672222222	42.62,26.6	42.7888888889,26.0261111111
365	375	1504296000	1504303199	8	42.6994444444,26.8569444444	42.3333333333,27.3805555556	42.2105555556,27.5522222222	42.1883333333,27.1938888889	42.3333333333,26.9802777778	42.4775,26.7672222222	42.7094444444,26.7677777778	42.6994444444,26.8569444444
325	335	1504296000	1504303199	12	42.2341666667,24.7919444444	42.2,24.8666666667	42.2077777778,25.0361111111	42.2166666667,25.2333333333	42.1416666667,25.4675	42.0608333333,25.4522222222	41.9958333333,25.44	41.8938888889,25.4211111111	41.7772222222,25.3994444444	41.8041666667,25.1036111111	41.8875,24.8961111111	42.2341666667,24.7919444444
325	335	1504296000	1504303199	4	43.1725,26.1519444444	43.0941666667,26.3205555556	43.0891666667,26.1586111111	43.1725,26.1519444444
325	335	1504296000	1504303199	6	43.0327777778,25.5663888889	43.0327777778,25.8222222222	43.0891666667,26.1586111111	43.0502777778,26.0677777778	42.9783333333,25.9	43.0327777778,25.5663888889
325	335	1504296000	1504303199	11	43.1341666667,25.165	43.2175,25.1591666667	43.2986111111,25.6669444444	43.3058333333,25.9169444444	43.2558333333,26.1452777778	43.1725,26.1519444444	43.0891666667,26.1586111111	43.0327777778,25.8222222222	43.0327777778,25.5663888889	43.0508333333,25.1708333333	43.1341666667,25.165
325	335	1504296000	1504303199	8	43.3497222222,25.4208333333	43.3363888889,26.0227777778	43.2558333333,26.1452777778	43.3058333333,25.9169444444	43.2986111111,25.6669444444	43.2175,25.1591666667	43.2502777778,25.2236111111	43.3497222222,25.4208333333
325	335	1504296000	1504303199	9	42.0525,27.3691666667	42.1222222222,27.2969444444	42.1883333333,27.1938888889	42.2105555556,27.5522222222	41.9966666667,27.8513888889	41.9666666667,27.7769444444	41.9019444444,27.5694444444	41.9886111111,27.4183333333	42.0525,27.3691666667
325	335	1504296000	1504303199	8	42.6994444444,26.8569444444	42.3333333333,27.3805555556	42.2105555556,27.5522222222	42.1883333333,27.1938888889	42.3333333333,26.9802777778	42.4775,26.7672222222	42.7094444444,26.7677777778	42.6994444444,26.8569444444
325	335	1504296000	1504303199	4	42.7611111111,26.7680555556	42.6994444444,26.8569444444	42.7094444444,26.7677777778	42.7611111111,26.7680555556
325	335	1504296000	1504303199	15	43.0891666667,26.1586111111	42.7611111111,26.7680555556	42.7094444444,26.7677777778	42.7888888889,26.0261111111	42.8172222222,25.7494444444	42.8341666667,25.5808333333	42.9058333333,25.2116666667	42.9508333333,25.0975	43.0513888889,24.9425	43.0438888889,24.9861111111	43.0508333333,25.1708333333	43.0327777778,25.5663888889	42.9783333333,25.9	43.0502777778,26.0677777778	43.0891666667,26.1586111111
325	335	1504296000	1504303199	6	43.2105555556,24.9741666667	43.2175,25.1591666667	43.1341666667,25.165	43.0508333333,25.1708333333	43.0438888889,24.9861111111	43.2105555556,24.9741666667
325	335	1504296000	1504303199	5	43.0941666667,26.3205555556	43.0866666667,26.3369444444	42.7611111111,26.7680555556	43.0891666667,26.1586111111	43.0941666667,26.3205555556
325	335	1504296000	1504303199	21	43.6888888889,24.2391666667	43.7244444444,24.3536111111	43.7666666667,24.5333333333	43.7558333333,24.5597222222	43.7147222222,24.7113888889	43.7,24.85	43.6955555556,25.1333333333	43.65,25.3166666667	43.6336111111,25.3630555556	43.6263888889,25.4183333333	43.6372222222,25.5466666667	43.3363888889,26.0227777778	43.3497222222,25.4208333333	43.2502777778,25.2236111111	43.2175,25.1591666667	43.2105555556,24.9741666667	43.0438888889,24.9861111111	43.0513888889,24.9425	43.2183333333,24.6758333333	43.3238888889,24.3463888889	43.6888888889,24.2391666667
325	335	1504296000	1504303199	15	42.8172222222,25.7494444444	42.7888888889,26.0261111111	42.62,26.6	42.4775,26.7672222222	42.3333333333,26.9802777778	42.1883333333,27.1938888889	42.1222222222,27.2969444444	42.0525,27.3691666667	41.9886111111,27.4183333333	42.0666666667,27.2833333333	42.0655555556,27.2161111111	42.0833333333,27.1333333333	42.0408333333,27.0083333333	41.9711111111,26.7663888889	42.8172222222,25.7494444444
325	335	1504296000	1504303199	12	43.7147222222,24.7113888889	43.8044444444,24.8138888889	43.9733333333,25.0025	43.9777777778,25.3330555556	43.9783333333,25.3755555556	43.6372222222,25.5466666667	43.6263888889,25.4183333333	43.6336111111,25.3630555556	43.65,25.3166666667	43.6955555556,25.1333333333	43.7,24.85	43.7147222222,24.7113888889
325	335	1504296000	1504303199	38	42.2341666667,24.7919444444	42.8538888889,24.5961111111	42.9058333333,25.2116666667	42.8341666667,25.5808333333	42.8172222222,25.7494444444	41.9711111111,26.7663888889	41.9833333333,26.6166666667	41.8716666667,26.5683333333	41.7333333333,26.3	41.7333333333,26.0666666667	41.4166666667,26.1666666667	41.3661111111,26.1352777778	41.3333333333,26.0	41.31,25.8905555556	41.3502777778,25.835	41.3222222222,25.7380555556	41.2963888889,25.7205555556	41.3166666667,25.66	41.3088888889,25.6283333333	41.3225,25.5716666667	41.2841666667,25.5363888889	41.2925,25.4836111111	41.2436111111,25.3333333333	41.2533333333,25.2405555556	41.35,25.1205555556	41.3461111111,25.0911111111	41.3661111111,25.0513888889	41.8875,24.8961111111	41.8041666667,25.1036111111	41.7772222222,25.3994444444	41.8938888889,25.4211111111	41.9958333333,25.44	42.0608333333,25.4522222222	42.1416666667,25.4675	42.2166666667,25.2333333333	42.2077777778,25.0361111111	42.2,24.8666666667	42.2341666667,24.7919444444
325	335	1504296000	1504303199	5	42.7888888889,26.0261111111	42.7094444444,26.7677777778	42.4775,26.7672222222	42.62,26.6	42.7888888889,26.0261111111
355	365	1504296000	1504303199	15	43.0891666667,26.1586111111	42.7611111111,26.7680555556	42.7094444444,26.7677777778	42.7888888889,26.0261111111	42.8172222222,25.7494444444	42.8341666667,25.5808333333	42.9058333333,25.2116666667	42.9508333333,25.0975	43.0513888889,24.9425	43.0438888889,24.9861111111	43.0508333333,25.1708333333	43.0327777778,25.5663888889	42.9783333333,25.9	43.0502777778,26.0677777778	43.0891666667,26.1586111111
355	365	1504296000	1504303199	4	43.1725,26.1519444444	43.0941666667,26.3205555556	43.0891666667,26.1586111111	43.1725,26.1519444444
355	365	1504296000	1504303199	6	43.0327777778,25.5663888889	43.0327777778,25.8222222222	43.0891666667,26.1586111111	43.0502777778,26.0677777778	42.9783333333,25.9	43.0327777778,25.5663888889
355	365	1504296000	1504303199	11	43.1341666667,25.165	43.2175,25.1591666667	43.2986111111,25.6669444444	43.3058333333,25.9169444444	43.2558333333,26.1452777778	43.1725,26.1519444444	43.0891666667,26.1586111111	43.0327777778,25.8222222222	43.0327777778,25.5663888889	43.0508333333,25.1708333333	43.1341666667,25.165
355	365	1504296000	1504303199	8	43.3497222222,25.4208333333	43.3363888889,26.0227777778	43.2558333333,26.1452777778	43.3058333333,25.9169444444	43.2986111111,25.6669444444	43.2175,25.1591666667	43.2502777778,25.2236111111	43.3497222222,25.4208333333
355	365	1504296000	1504303199	12	42.2341666667,24.7919444444	42.2,24.8666666667	42.2077777778,25.0361111111	42.2166666667,25.2333333333	42.1416666667,25.4675	42.0608333333,25.4522222222	41.9958333333,25.44	41.8938888889,25.4211111111	41.7772222222,25.3994444444	41.8041666667,25.1036111111	41.8875,24.8961111111	42.2341666667,24.7919444444
355	365	1504296000	1504303199	8	42.6994444444,26.8569444444	42.3333333333,27.3805555556	42.2105555556,27.5522222222	42.1883333333,27.1938888889	42.3333333333,26.9802777778	42.4775,26.7672222222	42.7094444444,26.7677777778	42.6994444444,26.8569444444
355	365	1504296000	1504303199	4	42.7611111111,26.7680555556	42.6994444444,26.8569444444	42.7094444444,26.7677777778	42.7611111111,26.7680555556
355	365	1504296000	1504303199	9	42.0525,27.3691666667	42.1222222222,27.2969444444	42.1883333333,27.1938888889	42.2105555556,27.5522222222	41.9966666667,27.8513888889	41.9666666667,27.7769444444	41.9019444444,27.5694444444	41.9886111111,27.4183333333	42.0525,27.3691666667
355	365	1504296000	1504303199	6	43.2105555556,24.9741666667	43.2175,25.1591666667	43.1341666667,25.165	43.0508333333,25.1708333333	43.0438888889,24.9861111111	43.2105555556,24.9741666667
355	365	1504296000	1504303199	5	43.0941666667,26.3205555556	43.0866666667,26.3369444444	42.7611111111,26.7680555556	43.0891666667,26.1586111111	43.0941666667,26.3205555556
355	365	1504296000	1504303199	21	43.6888888889,24.2391666667	43.7244444444,24.3536111111	43.7666666667,24.5333333333	43.7558333333,24.5597222222	43.7147222222,24.7113888889	43.7,24.85	43.6955555556,25.1333333333	43.65,25.3166666667	43.6336111111,25.3630555556	43.6263888889,25.4183333333	43.6372222222,25.5466666667	43.3363888889,26.0227777778	43.3497222222,25.4208333333	43.2502777778,25.2236111111	43.2175,25.1591666667	43.2105555556,24.9741666667	43.0438888889,24.9861111111	43.0513888889,24.9425	43.2183333333,24.6758333333	43.3238888889,24.3463888889	43.6888888889,24.2391666667
355	365	1504296000	1504303199	15	42.8172222222,25.7494444444	42.7888888889,26.0261111111	42.62,26.6	42.4775,26.7672222222	42.3333333333,26.9802777778	42.1883333333,27.1938888889	42.1222222222,27.2969444444	42.0525,27.3691666667	41.9886111111,27.4183333333	42.0666666667,27.2833333333	42.0655555556,27.2161111111	42.0833333333,27.1333333333	42.0408333333,27.0083333333	41.9711111111,26.7663888889	42.8172222222,25.7494444444
355	365	1504296000	1504303199	12	43.7147222222,24.7113888889	43.8044444444,24.8138888889	43.9733333333,25.0025	43.9777777778,25.3330555556	43.9783333333,25.3755555556	43.6372222222,25.5466666667	43.6263888889,25.4183333333	43.6336111111,25.3630555556	43.65,25.3166666667	43.6955555556,25.1333333333	43.7,24.85	43.7147222222,24.7113888889
355	365	1504296000	1504303199	38	42.2341666667,24.7919444444	42.8538888889,24.5961111111	42.9058333333,25.2116666667	42.8341666667,25.5808333333	42.8172222222,25.7494444444	41.9711111111,26.7663888889	41.9833333333,26.6166666667	41.8716666667,26.5683333333	41.7333333333,26.3	41.7333333333,26.0666666667	41.4166666667,26.1666666667	41.3661111111,26.1352777778	41.3333333333,26.0	41.31,25.8905555556	41.3502777778,25.835	41.3222222222,25.7380555556	41.2963888889,25.7205555556	41.3166666667,25.66	41.3088888889,25.6283333333	41.3225,25.5716666667	41.2841666667,25.5363888889	41.2925,25.4836111111	41.2436111111,25.3333333333	41.2533333333,25.2405555556	41.35,25.1205555556	41.3461111111,25.0911111111	41.3661111111,25.0513888889	41.8875,24.8961111111	41.8041666667,25.1036111111	41.7772222222,25.3994444444	41.8938888889,25.4211111111	41.9958333333,25.44	42.0608333333,25.4522222222	42.1416666667,25.4675	42.2166666667,25.2333333333	42.2077777778,25.0361111111	42.2,24.8666666667	42.2341666667,24.7919444444
355	365	1504296000	1504303199	5	42.7888888889,26.0261111111	42.7094444444,26.7677777778	42.4775,26.7672222222	42.62,26.6	42.7888888889,26.0261111111
375	385	1504296000	1504303199	12	42.2341666667,24.7919444444	42.2,24.8666666667	42.2077777778,25.0361111111	42.2166666667,25.2333333333	42.1416666667,25.4675	42.0608333333,25.4522222222	41.9958333333,25.44	41.8938888889,25.4211111111	41.7772222222,25.3994444444	41.8041666667,25.1036111111	41.8875,24.8961111111	42.2341666667,24.7919444444
375	385	1504296000	1504303199	4	43.1725,26.1519444444	43.0941666667,26.3205555556	43.0891666667,26.1586111111	43.1725,26.1519444444
375	385	1504296000	1504303199	6	43.0327777778,25.5663888889	43.0327777778,25.8222222222	43.0891666667,26.1586111111	43.0502777778,26.0677777778	42.9783333333,25.9	43.0327777778,25.5663888889
375	385	1504296000	1504303199	11	43.1341666667,25.165	43.2175,25.1591666667	43.2986111111,25.6669444444	43.3058333333,25.9169444444	43.2558333333,26.1452777778	43.1725,26.1519444444	43.0891666667,26.1586111111	43.0327777778,25.8222222222	43.0327777778,25.5663888889	43.0508333333,25.1708333333	43.1341666667,25.165
375	385	1504296000	1504303199	8	43.3497222222,25.4208333333	43.3363888889,26.0227777778	43.2558333333,26.1452777778	43.3058333333,25.9169444444	43.2986111111,25.6669444444	43.2175,25.1591666667	43.2502777778,25.2236111111	43.3497222222,25.4208333333
375	385	1504296000	1504303199	9	42.0525,27.3691666667	42.1222222222,27.2969444444	42.1883333333,27.1938888889	42.2105555556,27.5522222222	41.9966666667,27.8513888889	41.9666666667,27.7769444444	41.9019444444,27.5694444444	41.9886111111,27.4183333333	42.0525,27.3691666667
375	385	1504296000	1504303199	4	42.7611111111,26.7680555556	42.6994444444,26.8569444444	42.7094444444,26.7677777778	42.7611111111,26.7680555556
375	385	1504296000	1504303199	15	43.0891666667,26.1586111111	42.7611111111,26.7680555556	42.7094444444,26.7677777778	42.7888888889,26.0261111111	42.8172222222,25.7494444444	42.8341666667,25.5808333333	42.9058333333,25.2116666667	42.9508333333,25.0975	43.0513888889,24.9425	43.0438888889,24.9861111111	43.0508333333,25.1708333333	43.0327777778,25.5663888889	42.9783333333,25.9	43.0502777778,26.0677777778	43.0891666667,26.1586111111
375	385	1504296000	1504303199	6	43.2105555556,24.9741666667	43.2175,25.1591666667	43.1341666667,25.165	43.0508333333,25.1708333333	43.0438888889,24.9861111111	43.2105555556,24.9741666667
375	385	1504296000	1504303199	5	43.0941666667,26.3205555556	43.0866666667,26.3369444444	42.7611111111,26.7680555556	43.0891666667,26.1586111111	43.0941666667,26.3205555556
375	385	1504296000	1504303199	21	43.6888888889,24.2391666667	43.7244444444,24.3536111111	43.7666666667,24.5333333333	43.7558333333,24.5597222222	43.7147222222,24.7113888889	43.7,24.85	43.6955555556,25.1333333333	43.65,25.3166666667	43.6336111111,25.3630555556	43.6263888889,25.4183333333	43.6372222222,25.5466666667	43.3363888889,26.0227777778	43.3497222222,25.4208333333	43.2502777778,25.2236111111	43.2175,25.1591666667	43.2105555556,24.9741666667	43.0438888889,24.9861111111	43.0513888889,24.9425	43.2183333333,24.6758333333	43.3238888889,24.3463888889	43.6888888889,24.2391666667
375	385	1504296000	1504303199	15	42.8172222222,25.7494444444	42.7888888889,26.0261111111	42.62,26.6	42.4775,26.7672222222	42.3333333333,26.9802777778	42.1883333333,27.1938888889	42.1222222222,27.2969444444	42.0525,27.3691666667	41.9886111111,27.4183333333	42.0666666667,27.2833333333	42.0655555556,27.2161111111	42.0833333333,27.1333333333	42.0408333333,27.0083333333	41.9711111111,26.7663888889	42.8172222222,25.7494444444
375	385	1504296000	1504303199	12	43.7147222222,24.7113888889	43.8044444444,24.8138888889	43.9733333333,25.0025	43.9777777778,25.3330555556	43.9783333333,25.3755555556	43.6372222222,25.5466666667	43.6263888889,25.4183333333	43.6336111111,25.3630555556	43.65,25.3166666667	43.6955555556,25.1333333333	43.7,24.85	43.7147222222,24.7113888889
375	385	1504296000	1504303199	38	42.2341666667,24.7919444444	42.8538888889,24.5961111111	42.9058333333,25.2116666667	42.8341666667,25.5808333333	42.8172222222,25.7494444444	41.9711111111,26.7663888889	41.9833333333,26.6166666667	41.8716666667,26.5683333333	41.7333333333,26.3	41.7333333333,26.0666666667	41.4166666667,26.1666666667	41.3661111111,26.1352777778	41.3333333333,26.0	41.31,25.8905555556	41.3502777778,25.835	41.3222222222,25.7380555556	41.2963888889,25.7205555556	41.3166666667,25.66	41.3088888889,25.6283333333	41.3225,25.5716666667	41.2841666667,25.5363888889	41.2925,25.4836111111	41.2436111111,25.3333333333	41.2533333333,25.2405555556	41.35,25.1205555556	41.3461111111,25.0911111111	41.3661111111,25.0513888889	41.8875,24.8961111111	41.8041666667,25.1036111111	41.7772222222,25.3994444444	41.8938888889,25.4211111111	41.9958333333,25.44	42.0608333333,25.4522222222	42.1416666667,25.4675	42.2166666667,25.2333333333	42.2077777778,25.0361111111	42.2,24.8666666667	42.2341666667,24.7919444444
375	385	1504296000	1504303199	5	42.7888888889,26.0261111111	42.7094444444,26.7677777778	42.4775,26.7672222222	42.62,26.6	42.7888888889,26.0261111111
375	385	1504296000	1504303199	8	42.6994444444,26.8569444444	42.3333333333,27.3805555556	42.2105555556,27.5522222222	42.1883333333,27.1938888889	42.3333333333,26.9802777778	42.4775,26.7672222222	42.7094444444,26.7677777778	42.6994444444,26.8569444444
335	345	1504296000	1504303199	12	42.2341666667,24.7919444444	42.2,24.8666666667	42.2077777778,25.0361111111	42.2166666667,25.2333333333	42.1416666667,25.4675	42.0608333333,25.4522222222	41.9958333333,25.44	41.8938888889,25.4211111111	41.7772222222,25.3994444444	41.8041666667,25.1036111111	41.8875,24.8961111111	42.2341666667,24.7919444444
335	345	1504296000	1504303199	4	43.1725,26.1519444444	43.0941666667,26.3205555556	43.0891666667,26.1586111111	43.1725,26.1519444444
335	345	1504296000	1504303199	6	43.0327777778,25.5663888889	43.0327777778,25.8222222222	43.0891666667,26.1586111111	43.0502777778,26.0677777778	42.9783333333,25.9	43.0327777778,25.5663888889
335	345	1504296000	1504303199	11	43.1341666667,25.165	43.2175,25.1591666667	43.2986111111,25.6669444444	43.3058333333,25.9169444444	43.2558333333,26.1452777778	43.1725,26.1519444444	43.0891666667,26.1586111111	43.0327777778,25.8222222222	43.0327777778,25.5663888889	43.0508333333,25.1708333333	43.1341666667,25.165
335	345	1504296000	1504303199	8	43.3497222222,25.4208333333	43.3363888889,26.0227777778	43.2558333333,26.1452777778	43.3058333333,25.9169444444	43.2986111111,25.6669444444	43.2175,25.1591666667	43.2502777778,25.2236111111	43.3497222222,25.4208333333
335	345	1504296000	1504303199	9	42.0525,27.3691666667	42.1222222222,27.2969444444	42.1883333333,27.1938888889	42.2105555556,27.5522222222	41.9966666667,27.8513888889	41.9666666667,27.7769444444	41.9019444444,27.5694444444	41.9886111111,27.4183333333	42.0525,27.3691666667
335	345	1504296000	1504303199	4	42.7611111111,26.7680555556	42.6994444444,26.8569444444	42.7094444444,26.7677777778	42.7611111111,26.7680555556
335	345	1504296000	1504303199	15	43.0891666667,26.1586111111	42.7611111111,26.7680555556	42.7094444444,26.7677777778	42.7888888889,26.0261111111	42.8172222222,25.7494444444	42.8341666667,25.5808333333	42.9058333333,25.2116666667	42.9508333333,25.0975	43.0513888889,24.9425	43.0438888889,24.9861111111	43.0508333333,25.1708333333	43.0327777778,25.5663888889	42.9783333333,25.9	43.0502777778,26.0677777778	43.0891666667,26.1586111111
335	345	1504296000	1504303199	6	43.2105555556,24.9741666667	43.2175,25.1591666667	43.1341666667,25.165	43.0508333333,25.1708333333	43.0438888889,24.9861111111	43.2105555556,24.9741666667
335	345	1504296000	1504303199	5	43.0941666667,26.3205555556	43.0866666667,26.3369444444	42.7611111111,26.7680555556	43.0891666667,26.1586111111	43.0941666667,26.3205555556
335	345	1504296000	1504303199	21	43.6888888889,24.2391666667	43.7244444444,24.3536111111	43.7666666667,24.5333333333	43.7558333333,24.5597222222	43.7147222222,24.7113888889	43.7,24.85	43.6955555556,25.1333333333	43.65,25.3166666667	43.6336111111,25.3630555556	43.6263888889,25.4183333333	43.6372222222,25.5466666667	43.3363888889,26.0227777778	43.3497222222,25.4208333333	43.2502777778,25.2236111111	43.2175,25.1591666667	43.2105555556,24.9741666667	43.0438888889,24.9861111111	43.0513888889,24.9425	43.2183333333,24.6758333333	43.3238888889,24.3463888889	43.6888888889,24.2391666667
335	345	1504296000	1504303199	15	42.8172222222,25.7494444444	42.7888888889,26.0261111111	42.62,26.6	42.4775,26.7672222222	42.3333333333,26.9802777778	42.1883333333,27.1938888889	42.1222222222,27.2969444444	42.0525,27.3691666667	41.9886111111,27.4183333333	42.0666666667,27.2833333333	42.0655555556,27.2161111111	42.0833333333,27.1333333333	42.0408333333,27.0083333333	41.9711111111,26.7663888889	42.8172222222,25.7494444444
335	345	1504296000	1504303199	12	43.7147222222,24.7113888889	43.8044444444,24.8138888889	43.9733333333,25.0025	43.9777777778,25.3330555556	43.9783333333,25.3755555556	43.6372222222,25.5466666667	43.6263888889,25.4183333333	43.6336111111,25.3630555556	43.65,25.3166666667	43.6955555556,25.1333333333	43.7,24.85	43.7147222222,24.7113888889
335	345	1504296000	1504303199	38	42.2341666667,24.7919444444	42.8538888889,24.5961111111	42.9058333333,25.2116666667	42.8341666667,25.5808333333	42.8172222222,25.7494444444	41.9711111111,26.7663888889	41.9833333333,26.6166666667	41.8716666667,26.5683333333	41.7333333333,26.3	41.7333333333,26.0666666667	41.4166666667,26.1666666667	41.3661111111,26.1352777778	41.3333333333,26.0	41.31,25.8905555556	41.3502777778,25.835	41.3222222222,25.7380555556	41.2963888889,25.7205555556	41.3166666667,25.66	41.3088888889,25.6283333333	41.3225,25.5716666667	41.2841666667,25.5363888889	41.2925,25.4836111111	41.2436111111,25.3333333333	41.2533333333,25.2405555556	41.35,25.1205555556	41.3461111111,25.0911111111	41.3661111111,25.0513888889	41.8875,24.8961111111	41.8041666667,25.1036111111	41.7772222222,25.3994444444	41.8938888889,25.4211111111	41.9958333333,25.44	42.0608333333,25.4522222222	42.1416666667,25.4675	42.2166666667,25.2333333333	42.2077777778,25.0361111111	42.2,24.8666666667	42.2341666667,24.7919444444
335	345	1504296000	1504303199	5	42.7888888889,26.0261111111	42.7094444444,26.7677777778	42.4775,26.7672222222	42.62,26.6	42.7888888889,26.0261111111
335	345	1504296000	1504303199	8	42.6994444444,26.8569444444	42.3333333333,27.3805555556	42.2105555556,27.5522222222	42.1883333333,27.1938888889	42.3333333333,26.9802777778	42.4775,26.7672222222	42.7094444444,26.7677777778	42.6994444444,26.8569444444
115	315	1504296000	1504303199	12	42.2341666667,24.7919444444	42.2,24.8666666667	42.2077777778,25.0361111111	42.2166666667,25.2333333333	42.1416666667,25.4675	42.0608333333,25.4522222222	41.9958333333,25.44	41.8938888889,25.4211111111	41.7772222222,25.3994444444	41.8041666667,25.1036111111	41.8875,24.8961111111	42.2341666667,24.7919444444
315	325	1504296000	1504303199	12	42.2341666667,24.7919444444	42.2,24.8666666667	42.2077777778,25.0361111111	42.2166666667,25.2333333333	42.1416666667,25.4675	42.0608333333,25.4522222222	41.9958333333,25.44	41.8938888889,25.4211111111	41.7772222222,25.3994444444	41.8041666667,25.1036111111	41.8875,24.8961111111	42.2341666667,24.7919444444
315	325	1504296000	1504303199	4	43.1725,26.1519444444	43.0941666667,26.3205555556	43.0891666667,26.1586111111	43.1725,26.1519444444
315	325	1504296000	1504303199	6	43.0327777778,25.5663888889	43.0327777778,25.8222222222	43.0891666667,26.1586111111	43.0502777778,26.0677777778	42.9783333333,25.9	43.0327777778,25.5663888889
315	325	1504296000	1504303199	11	43.1341666667,25.165	43.2175,25.1591666667	43.2986111111,25.6669444444	43.3058333333,25.9169444444	43.2558333333,26.1452777778	43.1725,26.1519444444	43.0891666667,26.1586111111	43.0327777778,25.8222222222	43.0327777778,25.5663888889	43.0508333333,25.1708333333	43.1341666667,25.165
315	325	1504296000	1504303199	8	43.3497222222,25.4208333333	43.3363888889,26.0227777778	43.2558333333,26.1452777778	43.3058333333,25.9169444444	43.2986111111,25.6669444444	43.2175,25.1591666667	43.2502777778,25.2236111111	43.3497222222,25.4208333333
315	325	1504296000	1504303199	9	42.0525,27.3691666667	42.1222222222,27.2969444444	42.1883333333,27.1938888889	42.2105555556,27.5522222222	41.9966666667,27.8513888889	41.9666666667,27.7769444444	41.9019444444,27.5694444444	41.9886111111,27.4183333333	42.0525,27.3691666667
315	325	1504296000	1504303199	8	42.6994444444,26.8569444444	42.3333333333,27.3805555556	42.2105555556,27.5522222222	42.1883333333,27.1938888889	42.3333333333,26.9802777778	42.4775,26.7672222222	42.7094444444,26.7677777778	42.6994444444,26.8569444444
315	325	1504296000	1504303199	4	42.7611111111,26.7680555556	42.6994444444,26.8569444444	42.7094444444,26.7677777778	42.7611111111,26.7680555556
315	325	1504296000	1504303199	15	43.0891666667,26.1586111111	42.7611111111,26.7680555556	42.7094444444,26.7677777778	42.7888888889,26.0261111111	42.8172222222,25.7494444444	42.8341666667,25.5808333333	42.9058333333,25.2116666667	42.9508333333,25.0975	43.0513888889,24.9425	43.0438888889,24.9861111111	43.0508333333,25.1708333333	43.0327777778,25.5663888889	42.9783333333,25.9	43.0502777778,26.0677777778	43.0891666667,26.1586111111
315	325	1504296000	1504303199	6	43.2105555556,24.9741666667	43.2175,25.1591666667	43.1341666667,25.165	43.0508333333,25.1708333333	43.0438888889,24.9861111111	43.2105555556,24.9741666667
315	325	1504296000	1504303199	5	43.0941666667,26.3205555556	43.0866666667,26.3369444444	42.7611111111,26.7680555556	43.0891666667,26.1586111111	43.0941666667,26.3205555556
315	325	1504296000	1504303199	21	43.6888888889,24.2391666667	43.7244444444,24.3536111111	43.7666666667,24.5333333333	43.7558333333,24.5597222222	43.7147222222,24.7113888889	43.7,24.85	43.6955555556,25.1333333333	43.65,25.3166666667	43.6336111111,25.3630555556	43.6263888889,25.4183333333	43.6372222222,25.5466666667	43.3363888889,26.0227777778	43.3497222222,25.4208333333	43.2502777778,25.2236111111	43.2175,25.1591666667	43.2105555556,24.9741666667	43.0438888889,24.9861111111	43.0513888889,24.9425	43.2183333333,24.6758333333	43.3238888889,24.3463888889	43.6888888889,24.2391666667
315	325	1504296000	1504303199	15	42.8172222222,25.7494444444	42.7888888889,26.0261111111	42.62,26.6	42.4775,26.7672222222	42.3333333333,26.9802777778	42.1883333333,27.1938888889	42.1222222222,27.2969444444	42.0525,27.3691666667	41.9886111111,27.4183333333	42.0666666667,27.2833333333	42.0655555556,27.2161111111	42.0833333333,27.1333333333	42.0408333333,27.0083333333	41.9711111111,26.7663888889	42.8172222222,25.7494444444
315	325	1504296000	1504303199	12	43.7147222222,24.7113888889	43.8044444444,24.8138888889	43.9733333333,25.0025	43.9777777778,25.3330555556	43.9783333333,25.3755555556	43.6372222222,25.5466666667	43.6263888889,25.4183333333	43.6336111111,25.3630555556	43.65,25.3166666667	43.6955555556,25.1333333333	43.7,24.85	43.7147222222,24.7113888889
315	325	1504296000	1504303199	38	42.2341666667,24.7919444444	42.8538888889,24.5961111111	42.9058333333,25.2116666667	42.8341666667,25.5808333333	42.8172222222,25.7494444444	41.9711111111,26.7663888889	41.9833333333,26.6166666667	41.8716666667,26.5683333333	41.7333333333,26.3	41.7333333333,26.0666666667	41.4166666667,26.1666666667	41.3661111111,26.1352777778	41.3333333333,26.0	41.31,25.8905555556	41.3502777778,25.835	41.3222222222,25.7380555556	41.2963888889,25.7205555556	41.3166666667,25.66	41.3088888889,25.6283333333	41.3225,25.5716666667	41.2841666667,25.5363888889	41.2925,25.4836111111	41.2436111111,25.3333333333	41.2533333333,25.2405555556	41.35,25.1205555556	41.3461111111,25.0911111111	41.3661111111,25.0513888889	41.8875,24.8961111111	41.8041666667,25.1036111111	41.7772222222,25.3994444444	41.8938888889,25.4211111111	41.9958333333,25.44	42.0608333333,25.4522222222	42.1416666667,25.4675	42.2166666667,25.2333333333	42.2077777778,25.0361111111	42.2,24.8666666667	42.2341666667,24.7919444444
315	325	1504296000	1504303199	5	42.7888888889,26.0261111111	42.7094444444,26.7677777778	42.4775,26.7672222222	42.62,26.6	42.7888888889,26.0261111111
105	315	1504296000	1504303199	38	42.2341666667,24.7919444444	42.8538888889,24.5961111111	42.9058333333,25.2116666667	42.8341666667,25.5808333333	42.8172222222,25.7494444444	41.9711111111,26.7663888889	41.9833333333,26.6166666667	41.8716666667,26.5683333333	41.7333333333,26.3	41.7333333333,26.0666666667	41.4166666667,26.1666666667	41.3661111111,26.1352777778	41.3333333333,26.0	41.31,25.8905555556	41.3502777778,25.835	41.3222222222,25.7380555556	41.2963888889,25.7205555556	41.3166666667,25.66	41.3088888889,25.6283333333	41.3225,25.5716666667	41.2841666667,25.5363888889	41.2925,25.4836111111	41.2436111111,25.3333333333	41.2533333333,25.2405555556	41.35,25.1205555556	41.3461111111,25.0911111111	41.3661111111,25.0513888889	41.8875,24.8961111111	41.8041666667,25.1036111111	41.7772222222,25.3994444444	41.8938888889,25.4211111111	41.9958333333,25.44	42.0608333333,25.4522222222	42.1416666667,25.4675	42.2166666667,25.2333333333	42.2077777778,25.0361111111	42.2,24.8666666667	42.2341666667,24.7919444444
105	315	1504296000	1504303199	9	42.0525,27.3691666667	42.1222222222,27.2969444444	42.1883333333,27.1938888889	42.2105555556,27.5522222222	41.9966666667,27.8513888889	41.9666666667,27.7769444444	41.9019444444,27.5694444444	41.9886111111,27.4183333333	42.0525,27.3691666667
105	315	1504296000	1504303199	5	42.7888888889,26.0261111111	42.7094444444,26.7677777778	42.4775,26.7672222222	42.62,26.6	42.7888888889,26.0261111111
105	315	1504296000	1504303199	15	42.8172222222,25.7494444444	42.7888888889,26.0261111111	42.62,26.6	42.4775,26.7672222222	42.3333333333,26.9802777778	42.1883333333,27.1938888889	42.1222222222,27.2969444444	42.0525,27.3691666667	41.9886111111,27.4183333333	42.0666666667,27.2833333333	42.0655555556,27.2161111111	42.0833333333,27.1333333333	42.0408333333,27.0083333333	41.9711111111,26.7663888889	42.8172222222,25.7494444444
385	999	1504296000	1504303199	12	42.2341666667,24.7919444444	42.2,24.8666666667	42.2077777778,25.0361111111	42.2166666667,25.2333333333	42.1416666667,25.4675	42.0608333333,25.4522222222	41.9958333333,25.44	41.8938888889,25.4211111111	41.7772222222,25.3994444444	41.8041666667,25.1036111111	41.8875,24.8961111111	42.2341666667,24.7919444444
385	999	1504296000	1504303199	4	43.1725,26.1519444444	43.0941666667,26.3205555556	43.0891666667,26.1586111111	43.1725,26.1519444444
385	999	1504296000	1504303199	6	43.0327777778,25.5663888889	43.0327777778,25.8222222222	43.0891666667,26.1586111111	43.0502777778,26.0677777778	42.9783333333,25.9	43.0327777778,25.5663888889
385	999	1504296000	1504303199	11	43.1341666667,25.165	43.2175,25.1591666667	43.2986111111,25.6669444444	43.3058333333,25.9169444444	43.2558333333,26.1452777778	43.1725,26.1519444444	43.0891666667,26.1586111111	43.0327777778,25.8222222222	43.0327777778,25.5663888889	43.0508333333,25.1708333333	43.1341666667,25.165
385	999	1504296000	1504303199	8	43.3497222222,25.4208333333	43.3363888889,26.0227777778	43.2558333333,26.1452777778	43.3058333333,25.9169444444	43.2986111111,25.6669444444	43.2175,25.1591666667	43.2502777778,25.2236111111	43.3497222222,25.4208333333
385	999	1504296000	1504303199	9	42.0525,27.3691666667	42.1222222222,27.2969444444	42.1883333333,27.1938888889	42.2105555556,27.5522222222	41.9966666667,27.8513888889	41.9666666667,27.7769444444	41.9019444444,27.5694444444	41.9886111111,27.4183333333	42.0525,27.3691666667
385	999	1504296000	1504303199	4	42.7611111111,26.7680555556	42.6994444444,26.8569444444	42.7094444444,26.7677777778	42.7611111111,26.7680555556
385	999	1504296000	1504303199	15	43.0891666667,26.1586111111	42.7611111111,26.7680555556	42.7094444444,26.7677777778	42.7888888889,26.0261111111	42.8172222222,25.7494444444	42.8341666667,25.5808333333	42.9058333333,25.2116666667	42.9508333333,25.0975	43.0513888889,24.9425	43.0438888889,24.9861111111	43.0508333333,25.1708333333	43.0327777778,25.5663888889	42.9783333333,25.9	43.0502777778,26.0677777778	43.0891666667,26.1586111111
385	999	1504296000	1504303199	6	43.2105555556,24.9741666667	43.2175,25.1591666667	43.1341666667,25.165	43.0508333333,25.1708333333	43.0438888889,24.9861111111	43.2105555556,24.9741666667
385	999	1504296000	1504303199	5	43.0941666667,26.3205555556	43.0866666667,26.3369444444	42.7611111111,26.7680555556	43.0891666667,26.1586111111	43.0941666667,26.3205555556
385	999	1504296000	1504303199	21	43.6888888889,24.2391666667	43.7244444444,24.3536111111	43.7666666667,24.5333333333	43.7558333333,24.5597222222	43.7147222222,24.7113888889	43.7,24.85	43.6955555556,25.1333333333	43.65,25.3166666667	43.6336111111,25.3630555556	43.6263888889,25.4183333333	43.6372222222,25.5466666667	43.3363888889,26.0227777778	43.3497222222,25.4208333333	43.2502777778,25.2236111111	43.2175,25.1591666667	43.2105555556,24.9741666667	43.0438888889,24.9861111111	43.0513888889,24.9425	43.2183333333,24.6758333333	43.3238888889,24.3463888889	43.6888888889,24.2391666667
385	999	1504296000	1504303199	15	42.8172222222,25.7494444444	42.7888888889,26.0261111111	42.62,26.6	42.4775,26.7672222222	42.3333333333,26.9802777778	42.1883333333,27.1938888889	42.1222222222,27.2969444444	42.0525,27.3691666667	41.9886111111,27.4183333333	42.0666666667,27.2833333333	42.0655555556,27.2161111111	42.0833333333,27.1333333333	42.0408333333,27.0083333333	41.9711111111,26.7663888889	42.8172222222,25.7494444444
385	999	1504296000	1504303199	12	43.7147222222,24.7113888889	43.8044444444,24.8138888889	43.9733333333,25.0025	43.9777777778,25.3330555556	43.9783333333,25.3755555556	43.6372222222,25.5466666667	43.6263888889,25.4183333333	43.6336111111,25.3630555556	43.65,25.3166666667	43.6955555556,25.1333333333	43.7,24.85	43.7147222222,24.7113888889
385	999	1504296000	1504303199	38	42.2341666667,24.7919444444	42.8538888889,24.5961111111	42.9058333333,25.2116666667	42.8341666667,25.5808333333	42.8172222222,25.7494444444	41.9711111111,26.7663888889	41.9833333333,26.6166666667	41.8716666667,26.5683333333	41.7333333333,26.3	41.7333333333,26.0666666667	41.4166666667,26.1666666667	41.3661111111,26.1352777778	41.3333333333,26.0	41.31,25.8905555556	41.3502777778,25.835	41.3222222222,25.7380555556	41.2963888889,25.7205555556	41.3166666667,25.66	41.3088888889,25.6283333333	41.3225,25.5716666667	41.2841666667,25.5363888889	41.2925,25.4836111111	41.2436111111,25.3333333333	41.2533333333,25.2405555556	41.35,25.1205555556	41.3461111111,25.0911111111	41.3661111111,25.0513888889	41.8875,24.8961111111	41.8041666667,25.1036111111	41.7772222222,25.3994444444	41.8938888889,25.4211111111	41.9958333333,25.44	42.0608333333,25.4522222222	42.1416666667,25.4675	42.2166666667,25.2333333333	42.2077777778,25.0361111111	42.2,24.8666666667	42.2341666667,24.7919444444
385	999	1504296000	1504303199	5	42.7888888889,26.0261111111	42.7094444444,26.7677777778	42.4775,26.7672222222	42.62,26.6	42.7888888889,26.0261111111
385	999	1504296000	1504303199	8	42.6994444444,26.8569444444	42.3333333333,27.3805555556	42.2105555556,27.5522222222	42.1883333333,27.1938888889	42.3333333333,26.9802777778	42.4775,26.7672222222	42.7094444444,26.7677777778	42.6994444444,26.8569444444
345	355	1504296000	1504303199	12	42.2341666667,24.7919444444	42.2,24.8666666667	42.2077777778,25.0361111111	42.2166666667,25.2333333333	42.1416666667,25.4675	42.0608333333,25.4522222222	41.9958333333,25.44	41.8938888889,25.4211111111	41.7772222222,25.3994444444	41.8041666667,25.1036111111	41.8875,24.8961111111	42.2341666667,24.7919444444
345	355	1504296000	1504303199	4	43.1725,26.1519444444	43.0941666667,26.3205555556	43.0891666667,26.1586111111	43.1725,26.1519444444
345	355	1504296000	1504303199	6	43.0327777778,25.5663888889	43.0327777778,25.8222222222	43.0891666667,26.1586111111	43.0502777778,26.0677777778	42.9783333333,25.9	43.0327777778,25.5663888889
345	355	1504296000	1504303199	11	43.1341666667,25.165	43.2175,25.1591666667	43.2986111111,25.6669444444	43.3058333333,25.9169444444	43.2558333333,26.1452777778	43.1725,26.1519444444	43.0891666667,26.1586111111	43.0327777778,25.8222222222	43.0327777778,25.5663888889	43.0508333333,25.1708333333	43.1341666667,25.165
345	355	1504296000	1504303199	8	43.3497222222,25.4208333333	43.3363888889,26.0227777778	43.2558333333,26.1452777778	43.3058333333,25.9169444444	43.2986111111,25.6669444444	43.2175,25.1591666667	43.2502777778,25.2236111111	43.3497222222,25.4208333333
345	355	1504296000	1504303199	9	42.0525,27.3691666667	42.1222222222,27.2969444444	42.1883333333,27.1938888889	42.2105555556,27.5522222222	41.9966666667,27.8513888889	41.9666666667,27.7769444444	41.9019444444,27.5694444444	41.9886111111,27.4183333333	42.0525,27.3691666667
345	355	1504296000	1504303199	8	42.6994444444,26.8569444444	42.3333333333,27.3805555556	42.2105555556,27.5522222222	42.1883333333,27.1938888889	42.3333333333,26.9802777778	42.4775,26.7672222222	42.7094444444,26.7677777778	42.6994444444,26.8569444444
345	355	1504296000	1504303199	15	43.0891666667,26.1586111111	42.7611111111,26.7680555556	42.7094444444,26.7677777778	42.7888888889,26.0261111111	42.8172222222,25.7494444444	42.8341666667,25.5808333333	42.9058333333,25.2116666667	42.9508333333,25.0975	43.0513888889,24.9425	43.0438888889,24.9861111111	43.0508333333,25.1708333333	43.0327777778,25.5663888889	42.9783333333,25.9	43.0502777778,26.0677777778	43.0891666667,26.1586111111
345	355	1504296000	1504303199	6	43.2105555556,24.9741666667	43.2175,25.1591666667	43.1341666667,25.165	43.0508333333,25.1708333333	43.0438888889,24.9861111111	43.2105555556,24.9741666667
345	355	1504296000	1504303199	5	43.0941666667,26.3205555556	43.0866666667,26.3369444444	42.7611111111,26.7680555556	43.0891666667,26.1586111111	43.0941666667,26.3205555556
345	355	1504296000	1504303199	21	43.6888888889,24.2391666667	43.7244444444,24.3536111111	43.7666666667,24.5333333333	43.7558333333,24.5597222222	43.7147222222,24.7113888889	43.7,24.85	43.6955555556,25.1333333333	43.65,25.3166666667	43.6336111111,25.3630555556	43.6263888889,25.4183333333	43.6372222222,25.5466666667	43.3363888889,26.0227777778	43.3497222222,25.4208333333	43.2502777778,25.2236111111	43.2175,25.1591666667	43.2105555556,24.9741666667	43.0438888889,24.9861111111	43.0513888889,24.9425	43.2183333333,24.6758333333	43.3238888889,24.3463888889	43.6888888889,24.2391666667
345	355	1504296000	1504303199	15	42.8172222222,25.7494444444	42.7888888889,26.0261111111	42.62,26.6	42.4775,26.7672222222	42.3333333333,26.9802777778	42.1883333333,27.1938888889	42.1222222222,27.2969444444	42.0525,27.3691666667	41.9886111111,27.4183333333	42.0666666667,27.2833333333	42.0655555556,27.2161111111	42.0833333333,27.1333333333	42.0408333333,27.0083333333	41.9711111111,26.7663888889	42.8172222222,25.7494444444
345	355	1504296000	1504303199	12	43.7147222222,24.7113888889	43.8044444444,24.8138888889	43.9733333333,25.0025	43.9777777778,25.3330555556	43.9783333333,25.3755555556	43.6372222222,25.5466666667	43.6263888889,25.4183333333	43.6336111111,25.3630555556	43.65,25.3166666667	43.6955555556,25.1333333333	43.7,24.85	43.7147222222,24.7113888889
345	355	1504296000	1504303199	4	42.7611111111,26.7680555556	42.6994444444,26.8569444444	42.7094444444,26.7677777778	42.7611111111,26.7680555556
345	355	1504296000	1504303199	38	42.2341666667,24.7919444444	42.8538888889,24.5961111111	42.9058333333,25.2116666667	42.8341666667,25.5808333333	42.8172222222,25.7494444444	41.9711111111,26.7663888889	41.9833333333,26.6166666667	41.8716666667,26.5683333333	41.7333333333,26.3	41.7333333333,26.0666666667	41.4166666667,26.1666666667	41.3661111111,26.1352777778	41.3333333333,26.0	41.31,25.8905555556	41.3502777778,25.835	41.3222222222,25.7380555556	41.2963888889,25.7205555556	41.3166666667,25.66	41.3088888889,25.6283333333	41.3225,25.5716666667	41.2841666667,25.5363888889	41.2925,25.4836111111	41.2436111111,25.3333333333	41.2533333333,25.2405555556	41.35,25.1205555556	41.3461111111,25.0911111111	41.3661111111,25.0513888889	41.8875,24.8961111111	41.8041666667,25.1036111111	41.7772222222,25.3994444444	41.8938888889,25.4211111111	41.9958333333,25.44	42.0608333333,25.4522222222	42.1416666667,25.4675	42.2166666667,25.2333333333	42.2077777778,25.0361111111	42.2,24.8666666667	42.2341666667,24.7919444444
345	355	1504296000	1504303199	5	42.7888888889,26.0261111111	42.7094444444,26.7677777778	42.4775,26.7672222222	42.62,26.6	42.7888888889,26.0261111111
245	315	1504296000	1504303199	4	43.1725,26.1519444444	43.0941666667,26.3205555556	43.0891666667,26.1586111111	43.1725,26.1519444444
245	315	1504296000	1504303199	6	43.0327777778,25.5663888889	43.0327777778,25.8222222222	43.0891666667,26.1586111111	43.0502777778,26.0677777778	42.9783333333,25.9	43.0327777778,25.5663888889
245	315	1504296000	1504303199	11	43.1341666667,25.165	43.2175,25.1591666667	43.2986111111,25.6669444444	43.3058333333,25.9169444444	43.2558333333,26.1452777778	43.1725,26.1519444444	43.0891666667,26.1586111111	43.0327777778,25.8222222222	43.0327777778,25.5663888889	43.0508333333,25.1708333333	43.1341666667,25.165
245	315	1504296000	1504303199	8	43.3497222222,25.4208333333	43.3363888889,26.0227777778	43.2558333333,26.1452777778	43.3058333333,25.9169444444	43.2986111111,25.6669444444	43.2175,25.1591666667	43.2502777778,25.2236111111	43.3497222222,25.4208333333
245	315	1504296000	1504303199	4	42.7611111111,26.7680555556	42.6994444444,26.8569444444	42.7094444444,26.7677777778	42.7611111111,26.7680555556
245	315	1504296000	1504303199	15	43.0891666667,26.1586111111	42.7611111111,26.7680555556	42.7094444444,26.7677777778	42.7888888889,26.0261111111	42.8172222222,25.7494444444	42.8341666667,25.5808333333	42.9058333333,25.2116666667	42.9508333333,25.0975	43.0513888889,24.9425	43.0438888889,24.9861111111	43.0508333333,25.1708333333	43.0327777778,25.5663888889	42.9783333333,25.9	43.0502777778,26.0677777778	43.0891666667,26.1586111111
245	315	1504296000	1504303199	6	43.2105555556,24.9741666667	43.2175,25.1591666667	43.1341666667,25.165	43.0508333333,25.1708333333	43.0438888889,24.9861111111	43.2105555556,24.9741666667
245	315	1504296000	1504303199	5	43.0941666667,26.3205555556	43.0866666667,26.3369444444	42.7611111111,26.7680555556	43.0891666667,26.1586111111	43.0941666667,26.3205555556
245	315	1504296000	1504303199	21	43.6888888889,24.2391666667	43.7244444444,24.3536111111	43.7666666667,24.5333333333	43.7558333333,24.5597222222	43.7147222222,24.7113888889	43.7,24.85	43.6955555556,25.1333333333	43.65,25.3166666667	43.6336111111,25.3630555556	43.6263888889,25.4183333333	43.6372222222,25.5466666667	43.3363888889,26.0227777778	43.3497222222,25.4208333333	43.2502777778,25.2236111111	43.2175,25.1591666667	43.2105555556,24.9741666667	43.0438888889,24.9861111111	43.0513888889,24.9425	43.2183333333,24.6758333333	43.3238888889,24.3463888889	43.6888888889,24.2391666667
245	315	1504296000	1504303199	12	43.7147222222,24.7113888889	43.8044444444,24.8138888889	43.9733333333,25.0025	43.9777777778,25.3330555556	43.9783333333,25.3755555556	43.6372222222,25.5466666667	43.6263888889,25.4183333333	43.6336111111,25.3630555556	43.65,25.3166666667	43.6955555556,25.1333333333	43.7,24.85	43.7147222222,24.7113888889
