36
365	375	1504278000	1504281299	10	43.6869444444,28.0922222222	43.5855555556,27.9	43.4275,27.5905555556	43.3044444444,27.4338888889	43.2725,27.1111111111	43.3972222222,26.8477777778	43.5558333333,26.9311111111	43.635,27.2263888889	43.7213888889,27.3794444444	43.6869444444,28.0922222222
365	375	1504278000	1504281299	12	43.9783333333,25.3755555556	43.9788888889,25.4180555556	43.9794444444,25.4716666667	43.9463888889,25.7422222222	43.8702777778,25.9758333333	43.8636111111,25.9530555556	43.75,25.8166666667	43.6955555556,25.6463888889	43.6833333333,25.64	43.645,25.5694444444	43.6372222222,25.5466666667	43.9783333333,25.3755555556
365	375	1504278000	1504281299	6	43.2558333333,26.1452777778	43.2641666667,26.4166666667	43.0975,26.4258333333	43.0941666667,26.3205555556	43.1725,26.1519444444	43.2558333333,26.1452777778
365	375	1504278000	1504281299	33	43.6372222222,25.5466666667	43.645,25.5694444444	43.6833333333,25.64	43.6955555556,25.6463888889	43.75,25.8166666667	43.8636111111,25.9530555556	43.8702777778,25.9758333333	43.8833333333,26.0	43.9833333333,26.2166666667	44.0516666667,26.4983333333	44.0566666667,26.575	44.0638888889,26.6625	44.0822222222,26.8266666667	44.1333333333,26.9916666667	44.1405555556,27.0169444444	43.8833333333,27.7541666667	43.7872222222,28.0286111111	43.735,28.1841666667	43.6869444444,28.0922222222	43.7213888889,27.3794444444	43.635,27.2263888889	43.5558333333,26.9311111111	43.3972222222,26.8477777778	43.2725,27.1111111111	43.1380555556,27.1230555556	43.0105555556,26.8347222222	43.0866666667,26.3369444444	43.0941666667,26.3205555556	43.0975,26.4258333333	43.2641666667,26.4166666667	43.2558333333,26.1452777778	43.3363888889,26.0227777778	43.6372222222,25.5466666667
375	385	1504278000	1504281299	10	43.6869444444,28.0922222222	43.5855555556,27.9	43.4275,27.5905555556	43.3044444444,27.4338888889	43.2725,27.1111111111	43.3972222222,26.8477777778	43.5558333333,26.9311111111	43.635,27.2263888889	43.7213888889,27.3794444444	43.6869444444,28.0922222222
375	385	1504278000	1504281299	33	43.6372222222,25.5466666667	43.645,25.5694444444	43.6833333333,25.64	43.6955555556,25.6463888889	43.75,25.8166666667	43.8636111111,25.9530555556	43.8702777778,25.9758333333	43.8833333333,26.0	43.9833333333,26.2166666667	44.0516666667,26.4983333333	44.0566666667,26.575	44.0638888889,26.6625	44.0822222222,26.8266666667	44.1333333333,26.9916666667	44.1405555556,27.0169444444	43.8833333333,27.7541666667	43.7872222222,28.0286111111	43.735,28.1841666667	43.6869444444,28.0922222222	43.7213888889,27.3794444444	43.635,27.2263888889	43.5558333333,26.9311111111	43.3972222222,26.8477777778	43.2725,27.1111111111	43.1380555556,27.1230555556	43.0105555556,26.8347222222	43.0866666667,26.3369444444	43.0941666667,26.3205555556	43.0975,26.4258333333	43.2641666667,26.4166666667	43.2558333333,26.1452777778	43.3363888889,26.0227777778	43.6372222222,25.5466666667
375	385	1504278000	1504281299	6	43.2558333333,26.1452777778	43.2641666667,26.4166666667	43.0975,26.4258333333	43.0941666667,26.3205555556	43.1725,26.1519444444	43.2558333333,26.1452777778
375	385	1504278000	1504281299	12	43.9783333333,25.3755555556	43.9788888889,25.4180555556	43.9794444444,25.4716666667	43.9463888889,25.7422222222	43.8702777778,25.9758333333	43.8636111111,25.9530555556	43.75,25.8166666667	43.6955555556,25.6463888889	43.6833333333,25.64	43.645,25.5694444444	43.6372222222,25.5466666667	43.9783333333,25.3755555556
335	345	1504278000	1504281299	6	43.2558333333,26.1452777778	43.2641666667,26.4166666667	43.0975,26.4258333333	43.0941666667,26.3205555556	43.1725,26.1519444444	43.2558333333,26.1452777778
335	345	1504278000	1504281299	12	43.9783333333,25.3755555556	43.9788888889,25.4180555556	43.9794444444,25.4716666667	43.9463888889,25.7422222222	43.8702777778,25.9758333333	43.8636111111,25.9530555556	43.75,25.8166666667	43.6955555556,25.6463888889	43.6833333333,25.64	43.645,25.5694444444	43.6372222222,25.5466666667	43.9783333333,25.3755555556
335	345	1504278000	1504281299	10	43.6869444444,28.0922222222	43.5855555556,27.9	43.4275,27.5905555556	43.3044444444,27.4338888889	43.2725,27.1111111111	43.3972222222,26.8477777778	43.5558333333,26.9311111111	43.635,27.2263888889	43.7213888889,27.3794444444	43.6869444444,28.0922222222
335	345	1504278000	1504281299	33	43.6372222222,25.5466666667	43.645,25.5694444444	43.6833333333,25.64	43.6955555556,25.6463888889	43.75,25.8166666667	43.8636111111,25.9530555556	43.8702777778,25.9758333333	43.8833333333,26.0	43.9833333333,26.2166666667	44.0516666667,26.4983333333	44.0566666667,26.575	44.0638888889,26.6625	44.0822222222,26.8266666667	44.1333333333,26.9916666667	44.1405555556,27.0169444444	43.8833333333,27.7541666667	43.7872222222,28.0286111111	43.735,28.1841666667	43.6869444444,28.0922222222	43.7213888889,27.3794444444	43.635,27.2263888889	43.5558333333,26.9311111111	43.3972222222,26.8477777778	43.2725,27.1111111111	43.1380555556,27.1230555556	43.0105555556,26.8347222222	43.0866666667,26.3369444444	43.0941666667,26.3205555556	43.0975,26.4258333333	43.2641666667,26.4166666667	43.2558333333,26.1452777778	43.3363888889,26.0227777778	43.6372222222,25.5466666667
245	315	1504278000	1504281299	6	43.2558333333,26.1452777778	43.2641666667,26.4166666667	43.0975,26.4258333333	43.0941666667,26.3205555556	43.1725,26.1519444444	43.2558333333,26.1452777778
245	315	1504278000	1504281299	33	43.6372222222,25.5466666667	43.645,25.5694444444	43.6833333333,25.64	43.6955555556,25.6463888889	43.75,25.8166666667	43.8636111111,25.9530555556	43.8702777778,25.9758333333	43.8833333333,26.0	43.9833333333,26.2166666667	44.0516666667,26.4983333333	44.0566666667,26.575	44.0638888889,26.6625	44.0822222222,26.8266666667	44.1333333333,26.9916666667	44.1405555556,27.0169444444	43.8833333333,27.7541666667	43.7872222222,28.0286111111	43.735,28.1841666667	43.6869444444,28.0922222222	43.7213888889,27.3794444444	43.635,27.2263888889	43.5558333333,26.9311111111	43.3972222222,26.8477777778	43.2725,27.1111111111	43.1380555556,27.1230555556	43.0105555556,26.8347222222	43.0866666667,26.3369444444	43.0941666667,26.3205555556	43.0975,26.4258333333	43.2641666667,26.4166666667	43.2558333333,26.1452777778	43.3363888889,26.0227777778	43.6372222222,25.5466666667
245	315	1504278000	1504281299	10	43.6869444444,28.0922222222	43.5855555556,27.9	43.4275,27.5905555556	43.3044444444,27.4338888889	43.2725,27.1111111111	43.3972222222,26.8477777778	43.5558333333,26.9311111111	43.635,27.2263888889	43.7213888889,27.3794444444	43.6869444444,28.0922222222
245	315	1504278000	1504281299	12	43.9783333333,25.3755555556	43.9788888889,25.4180555556	43.9794444444,25.4716666667	43.9463888889,25.7422222222	43.8702777778,25.9758333333	43.8636111111,25.9530555556	43.75,25.8166666667	43.6955555556,25.6463888889	43.6833333333,25.64	43.645,25.5694444444	43.6372222222,25.5466666667	43.9783333333,25.3755555556
315	325	1504278000	1504281299	10	43.6869444444,28.0922222222	43.5855555556,27.9	43.4275,27.5905555556	43.3044444444,27.4338888889	43.2725,27.1111111111	43.3972222222,26.8477777778	43.5558333333,26.9311111111	43.635,27.2263888889	43.7213888889,27.3794444444	43.6869444444,28.0922222222
315	325	1504278000	1504281299	12	43.9783333333,25.3755555556	43.9788888889,25.4180555556	43.9794444444,25.4716666667	43.9463888889,25.7422222222	43.8702777778,25.9758333333	43.8636111111,25.9530555556	43.75,25.8166666667	43.6955555556,25.6463888889	43.6833333333,25.64	43.645,25.5694444444	43.6372222222,25.5466666667	43.9783333333,25.3755555556
315	325	1504278000	1504281299	6	43.2558333333,26.1452777778	43.2641666667,26.4166666667	43.0975,26.4258333333	43.0941666667,26.3205555556	43.1725,26.1519444444	43.2558333333,26.1452777778
315	325	1504278000	1504281299	33	43.6372222222,25.5466666667	43.645,25.5694444444	43.6833333333,25.64	43.6955555556,25.6463888889	43.75,25.8166666667	43.8636111111,25.9530555556	43.8702777778,25.9758333333	43.8833333333,26.0	43.9833333333,26.2166666667	44.0516666667,26.4983333333	44.0566666667,26.575	44.0638888889,26.6625	44.0822222222,26.8266666667	44.1333333333,26.9916666667	44.1405555556,27.0169444444	43.8833333333,27.7541666667	43.7872222222,28.0286111111	43.735,28.1841666667	43.6869444444,28.0922222222	43.7213888889,27.3794444444	43.635,27.2263888889	43.5558333333,26.9311111111	43.3972222222,26.8477777778	43.2725,27.1111111111	43.1380555556,27.1230555556	43.0105555556,26.8347222222	43.0866666667,26.3369444444	43.0941666667,26.3205555556	43.0975,26.4258333333	43.2641666667,26.4166666667	43.2558333333,26.1452777778	43.3363888889,26.0227777778	43.6372222222,25.5466666667
325	335	1504278000	1504281299	12	43.9783333333,25.3755555556	43.9788888889,25.4180555556	43.9794444444,25.4716666667	43.9463888889,25.7422222222	43.8702777778,25.9758333333	43.8636111111,25.9530555556	43.75,25.8166666667	43.6955555556,25.6463888889	43.6833333333,25.64	43.645,25.5694444444	43.6372222222,25.5466666667	43.9783333333,25.3755555556
325	335	1504278000	1504281299	33	43.6372222222,25.5466666667	43.645,25.5694444444	43.6833333333,25.64	43.6955555556,25.6463888889	43.75,25.8166666667	43.8636111111,25.9530555556	43.8702777778,25.9758333333	43.8833333333,26.0	43.9833333333,26.2166666667	44.0516666667,26.4983333333	44.0566666667,26.575	44.0638888889,26.6625	44.0822222222,26.8266666667	44.1333333333,26.9916666667	44.1405555556,27.0169444444	43.8833333333,27.7541666667	43.7872222222,28.0286111111	43.735,28.1841666667	43.6869444444,28.0922222222	43.7213888889,27.3794444444	43.635,27.2263888889	43.5558333333,26.9311111111	43.3972222222,26.8477777778	43.2725,27.1111111111	43.1380555556,27.1230555556	43.0105555556,26.8347222222	43.0866666667,26.3369444444	43.0941666667,26.3205555556	43.0975,26.4258333333	43.2641666667,26.4166666667	43.2558333333,26.1452777778	43.3363888889,26.0227777778	43.6372222222,25.5466666667
325	335	1504278000	1504281299	10	43.6869444444,28.0922222222	43.5855555556,27.9	43.4275,27.5905555556	43.3044444444,27.4338888889	43.2725,27.1111111111	43.3972222222,26.8477777778	43.5558333333,26.9311111111	43.635,27.2263888889	43.7213888889,27.3794444444	43.6869444444,28.0922222222
325	335	1504278000	1504281299	6	43.2558333333,26.1452777778	43.2641666667,26.4166666667	43.0975,26.4258333333	43.0941666667,26.3205555556	43.1725,26.1519444444	43.2558333333,26.1452777778
385	999	1504278000	1504281299	10	43.6869444444,28.0922222222	43.5855555556,27.9	43.4275,27.5905555556	43.3044444444,27.4338888889	43.2725,27.1111111111	43.3972222222,26.8477777778	43.5558333333,26.9311111111	43.635,27.2263888889	43.7213888889,27.3794444444	43.6869444444,28.0922222222
385	999	1504278000	1504281299	33	43.6372222222,25.5466666667	43.645,25.5694444444	43.6833333333,25.64	43.6955555556,25.6463888889	43.75,25.8166666667	43.8636111111,25.9530555556	43.8702777778,25.9758333333	43.8833333333,26.0	43.9833333333,26.2166666667	44.0516666667,26.4983333333	44.0566666667,26.575	44.0638888889,26.6625	44.0822222222,26.8266666667	44.1333333333,26.9916666667	44.1405555556,27.0169444444	43.8833333333,27.7541666667	43.7872222222,28.0286111111	43.735,28.1841666667	43.6869444444,28.0922222222	43.7213888889,27.3794444444	43.635,27.2263888889	43.5558333333,26.9311111111	43.3972222222,26.8477777778	43.2725,27.1111111111	43.1380555556,27.1230555556	43.0105555556,26.8347222222	43.0866666667,26.3369444444	43.0941666667,26.3205555556	43.0975,26.4258333333	43.2641666667,26.4166666667	43.2558333333,26.1452777778	43.3363888889,26.0227777778	43.6372222222,25.5466666667
385	999	1504278000	1504281299	6	43.2558333333,26.1452777778	43.2641666667,26.4166666667	43.0975,26.4258333333	43.0941666667,26.3205555556	43.1725,26.1519444444	43.2558333333,26.1452777778
385	999	1504278000	1504281299	12	43.9783333333,25.3755555556	43.9788888889,25.4180555556	43.9794444444,25.4716666667	43.9463888889,25.7422222222	43.8702777778,25.9758333333	43.8636111111,25.9530555556	43.75,25.8166666667	43.6955555556,25.6463888889	43.6833333333,25.64	43.645,25.5694444444	43.6372222222,25.5466666667	43.9783333333,25.3755555556
355	365	1504278000	1504281299	10	43.6869444444,28.0922222222	43.5855555556,27.9	43.4275,27.5905555556	43.3044444444,27.4338888889	43.2725,27.1111111111	43.3972222222,26.8477777778	43.5558333333,26.9311111111	43.635,27.2263888889	43.7213888889,27.3794444444	43.6869444444,28.0922222222
355	365	1504278000	1504281299	12	43.9783333333,25.3755555556	43.9788888889,25.4180555556	43.9794444444,25.4716666667	43.9463888889,25.7422222222	43.8702777778,25.9758333333	43.8636111111,25.9530555556	43.75,25.8166666667	43.6955555556,25.6463888889	43.6833333333,25.64	43.645,25.5694444444	43.6372222222,25.5466666667	43.9783333333,25.3755555556
355	365	1504278000	1504281299	6	43.2558333333,26.1452777778	43.2641666667,26.4166666667	43.0975,26.4258333333	43.0941666667,26.3205555556	43.1725,26.1519444444	43.2558333333,26.1452777778
355	365	1504278000	1504281299	33	43.6372222222,25.5466666667	43.645,25.5694444444	43.6833333333,25.64	43.6955555556,25.6463888889	43.75,25.8166666667	43.8636111111,25.9530555556	43.8702777778,25.9758333333	43.8833333333,26.0	43.9833333333,26.2166666667	44.0516666667,26.4983333333	44.0566666667,26.575	44.0638888889,26.6625	44.0822222222,26.8266666667	44.1333333333,26.9916666667	44.1405555556,27.0169444444	43.8833333333,27.7541666667	43.7872222222,28.0286111111	43.735,28.1841666667	43.6869444444,28.0922222222	43.7213888889,27.3794444444	43.635,27.2263888889	43.5558333333,26.9311111111	43.3972222222,26.8477777778	43.2725,27.1111111111	43.1380555556,27.1230555556	43.0105555556,26.8347222222	43.0866666667,26.3369444444	43.0941666667,26.3205555556	43.0975,26.4258333333	43.2641666667,26.4166666667	43.2558333333,26.1452777778	43.3363888889,26.0227777778	43.6372222222,25.5466666667
345	355	1504278000	1504281299	10	43.6869444444,28.0922222222	43.5855555556,27.9	43.4275,27.5905555556	43.3044444444,27.4338888889	43.2725,27.1111111111	43.3972222222,26.8477777778	43.5558333333,26.9311111111	43.635,27.2263888889	43.7213888889,27.3794444444	43.6869444444,28.0922222222
345	355	1504278000	1504281299	33	43.6372222222,25.5466666667	43.645,25.5694444444	43.6833333333,25.64	43.6955555556,25.6463888889	43.75,25.8166666667	43.8636111111,25.9530555556	43.8702777778,25.9758333333	43.8833333333,26.0	43.9833333333,26.2166666667	44.0516666667,26.4983333333	44.0566666667,26.575	44.0638888889,26.6625	44.0822222222,26.8266666667	44.1333333333,26.9916666667	44.1405555556,27.0169444444	43.8833333333,27.7541666667	43.7872222222,28.0286111111	43.735,28.1841666667	43.6869444444,28.0922222222	43.7213888889,27.3794444444	43.635,27.2263888889	43.5558333333,26.9311111111	43.3972222222,26.8477777778	43.2725,27.1111111111	43.1380555556,27.1230555556	43.0105555556,26.8347222222	43.0866666667,26.3369444444	43.0941666667,26.3205555556	43.0975,26.4258333333	43.2641666667,26.4166666667	43.2558333333,26.1452777778	43.3363888889,26.0227777778	43.6372222222,25.5466666667
345	355	1504278000	1504281299	6	43.2558333333,26.1452777778	43.2641666667,26.4166666667	43.0975,26.4258333333	43.0941666667,26.3205555556	43.1725,26.1519444444	43.2558333333,26.1452777778
345	355	1504278000	1504281299	12	43.9783333333,25.3755555556	43.9788888889,25.4180555556	43.9794444444,25.4716666667	43.9463888889,25.7422222222	43.8702777778,25.9758333333	43.8636111111,25.9530555556	43.75,25.8166666667	43.6955555556,25.6463888889	43.6833333333,25.64	43.645,25.5694444444	43.6372222222,25.5466666667	43.9783333333,25.3755555556
