40
175	315	1504252800	1504256399	10	43.5855555556,27.9	43.4152777778,28.3072222222	43.1763888889,28.1736111111	42.8836111111,27.9005555556	42.9252777778,27.6533333333	42.9991666667,27.5811111111	43.1616666667,27.7405555556	43.3044444444,27.4338888889	43.4275,27.5905555556	43.5855555556,27.9
175	315	1504252800	1504256399	12	42.9252777778,27.6533333333	42.8836111111,27.9005555556	42.8833333333,28.0336111111	42.8833333333,28.0888888889	42.8833333333,28.1416666667	42.8097222222,28.1416666667	42.6625,28.1416666667	42.6133333333,28.1416666667	42.3333333333,27.925	42.5730555556,27.7605555556	42.6844444444,27.8875	42.9252777778,27.6533333333
175	315	1504252800	1504256399	10	43.4152777778,28.3072222222	43.3102777778,28.5575	43.1861111111,28.5627777778	43.0491666667,28.5180555556	42.8833333333,28.1416666667	42.8833333333,28.0888888889	42.8833333333,28.0336111111	42.8836111111,27.9005555556	43.1763888889,28.1736111111	43.4152777778,28.3072222222
105	315	1504252800	1504256399	20	42.8833333333,28.1416666667	43.0491666667,28.5180555556	43.1861111111,28.5627777778	43.3102777778,28.5575	42.5405555556,30.0727777778	42.5166666667,30.0166666667	42.4616666667,29.8702777778	42.3638888889,29.6241666667	42.3202777778,29.5347222222	42.21,29.265	42.1705555556,29.1427777778	42.1166666667,29.0	42.0822222222,28.7661111111	42.0166666667,28.4833333333	41.9833333333,28.3166666667	42.3333333333,27.925	42.6133333333,28.1416666667	42.6625,28.1416666667	42.8097222222,28.1416666667	42.8833333333,28.1416666667
335	345	1504252800	1504256399	10	43.5855555556,27.9	43.4152777778,28.3072222222	43.1763888889,28.1736111111	42.8836111111,27.9005555556	42.9252777778,27.6533333333	42.9991666667,27.5811111111	43.1616666667,27.7405555556	43.3044444444,27.4338888889	43.4275,27.5905555556	43.5855555556,27.9
335	345	1504252800	1504256399	5	43.5725,28.3952777778	43.4241666667,28.5525	43.3102777778,28.5575	43.4152777778,28.3072222222	43.5725,28.3952777778
335	345	1504252800	1504256399	20	43.7355555556,28.5011111111	43.7416666667,28.63	43.7,28.8083333333	43.6666666667,29.0	43.7333333333,29.0333333333	43.7333333333,29.1433333333	43.7333333333,29.15	43.7213888889,29.4430555556	43.7183333333,29.6355555556	43.6833333333,30.5333333333	43.2533333333,30.64	42.8,30.75	42.7388888889,30.5961111111	42.6105555556,30.2644444444	42.5405555556,30.0727777778	43.3102777778,28.5575	43.4241666667,28.5525	43.5725,28.3952777778	43.6486111111,28.4263888889	43.7355555556,28.5011111111
335	345	1504252800	1504256399	6	43.6869444444,28.0922222222	43.6769444444,28.2841666667	43.5725,28.3952777778	43.4152777778,28.3072222222	43.5855555556,27.9	43.6869444444,28.0922222222
335	345	1504252800	1504256399	20	42.8833333333,28.1416666667	43.0491666667,28.5180555556	43.1861111111,28.5627777778	43.3102777778,28.5575	42.5405555556,30.0727777778	42.5166666667,30.0166666667	42.4616666667,29.8702777778	42.3638888889,29.6241666667	42.3202777778,29.5347222222	42.21,29.265	42.1705555556,29.1427777778	42.1166666667,29.0	42.0822222222,28.7661111111	42.0166666667,28.4833333333	41.9833333333,28.3166666667	42.3333333333,27.925	42.6133333333,28.1416666667	42.6625,28.1416666667	42.8097222222,28.1416666667	42.8833333333,28.1416666667
335	345	1504252800	1504256399	10	43.4152777778,28.3072222222	43.3102777778,28.5575	43.1861111111,28.5627777778	43.0491666667,28.5180555556	42.8833333333,28.1416666667	42.8833333333,28.0888888889	42.8833333333,28.0336111111	42.8836111111,27.9005555556	43.1763888889,28.1736111111	43.4152777778,28.3072222222
335	345	1504252800	1504256399	6	43.735,28.1841666667	43.6486111111,28.4263888889	43.5725,28.3952777778	43.6769444444,28.2841666667	43.6869444444,28.0922222222	43.735,28.1841666667
335	345	1504252800	1504256399	12	42.9252777778,27.6533333333	42.8836111111,27.9005555556	42.8833333333,28.0336111111	42.8833333333,28.0888888889	42.8833333333,28.1416666667	42.8097222222,28.1416666667	42.6625,28.1416666667	42.6133333333,28.1416666667	42.3333333333,27.925	42.5730555556,27.7605555556	42.6844444444,27.8875	42.9252777778,27.6533333333
325	335	1504252800	1504256399	10	43.5855555556,27.9	43.4152777778,28.3072222222	43.1763888889,28.1736111111	42.8836111111,27.9005555556	42.9252777778,27.6533333333	42.9991666667,27.5811111111	43.1616666667,27.7405555556	43.3044444444,27.4338888889	43.4275,27.5905555556	43.5855555556,27.9
325	335	1504252800	1504256399	5	43.5725,28.3952777778	43.4241666667,28.5525	43.3102777778,28.5575	43.4152777778,28.3072222222	43.5725,28.3952777778
325	335	1504252800	1504256399	6	43.6869444444,28.0922222222	43.6769444444,28.2841666667	43.5725,28.3952777778	43.4152777778,28.3072222222	43.5855555556,27.9	43.6869444444,28.0922222222
325	335	1504252800	1504256399	20	42.8833333333,28.1416666667	43.0491666667,28.5180555556	43.1861111111,28.5627777778	43.3102777778,28.5575	42.5405555556,30.0727777778	42.5166666667,30.0166666667	42.4616666667,29.8702777778	42.3638888889,29.6241666667	42.3202777778,29.5347222222	42.21,29.265	42.1705555556,29.1427777778	42.1166666667,29.0	42.0822222222,28.7661111111	42.0166666667,28.4833333333	41.9833333333,28.3166666667	42.3333333333,27.925	42.6133333333,28.1416666667	42.6625,28.1416666667	42.8097222222,28.1416666667	42.8833333333,28.1416666667
325	335	1504252800	1504256399	10	43.4152777778,28.3072222222	43.3102777778,28.5575	43.1861111111,28.5627777778	43.0491666667,28.5180555556	42.8833333333,28.1416666667	42.8833333333,28.0888888889	42.8833333333,28.0336111111	42.8836111111,27.9005555556	43.1763888889,28.1736111111	43.4152777778,28.3072222222
325	335	1504252800	1504256399	12	42.9252777778,27.6533333333	42.8836111111,27.9005555556	42.8833333333,28.0336111111	42.8833333333,28.0888888889	42.8833333333,28.1416666667	42.8097222222,28.1416666667	42.6625,28.1416666667	42.6133333333,28.1416666667	42.3333333333,27.925	42.5730555556,27.7605555556	42.6844444444,27.8875	42.9252777778,27.6533333333
325	335	1504252800	1504256399	6	43.735,28.1841666667	43.6486111111,28.4263888889	43.5725,28.3952777778	43.6769444444,28.2841666667	43.6869444444,28.0922222222	43.735,28.1841666667
325	335	1504252800	1504256399	20	43.7355555556,28.5011111111	43.7416666667,28.63	43.7,28.8083333333	43.6666666667,29.0	43.7333333333,29.0333333333	43.7333333333,29.1433333333	43.7333333333,29.15	43.7213888889,29.4430555556	43.7183333333,29.6355555556	43.6833333333,30.5333333333	43.2533333333,30.64	42.8,30.75	42.7388888889,30.5961111111	42.6105555556,30.2644444444	42.5405555556,30.0727777778	43.3102777778,28.5575	43.4241666667,28.5525	43.5725,28.3952777778	43.6486111111,28.4263888889	43.7355555556,28.5011111111
315	325	1504252800	1504256399	10	43.5855555556,27.9	43.4152777778,28.3072222222	43.1763888889,28.1736111111	42.8836111111,27.9005555556	42.9252777778,27.6533333333	42.9991666667,27.5811111111	43.1616666667,27.7405555556	43.3044444444,27.4338888889	43.4275,27.5905555556	43.5855555556,27.9
315	325	1504252800	1504256399	12	42.9252777778,27.6533333333	42.8836111111,27.9005555556	42.8833333333,28.0336111111	42.8833333333,28.0888888889	42.8833333333,28.1416666667	42.8097222222,28.1416666667	42.6625,28.1416666667	42.6133333333,28.1416666667	42.3333333333,27.925	42.5730555556,27.7605555556	42.6844444444,27.8875	42.9252777778,27.6533333333
315	325	1504252800	1504256399	5	43.5725,28.3952777778	43.4241666667,28.5525	43.3102777778,28.5575	43.4152777778,28.3072222222	43.5725,28.3952777778
315	325	1504252800	1504256399	6	43.6869444444,28.0922222222	43.6769444444,28.2841666667	43.5725,28.3952777778	43.4152777778,28.3072222222	43.5855555556,27.9	43.6869444444,28.0922222222
315	325	1504252800	1504256399	20	42.8833333333,28.1416666667	43.0491666667,28.5180555556	43.1861111111,28.5627777778	43.3102777778,28.5575	42.5405555556,30.0727777778	42.5166666667,30.0166666667	42.4616666667,29.8702777778	42.3638888889,29.6241666667	42.3202777778,29.5347222222	42.21,29.265	42.1705555556,29.1427777778	42.1166666667,29.0	42.0822222222,28.7661111111	42.0166666667,28.4833333333	41.9833333333,28.3166666667	42.3333333333,27.925	42.6133333333,28.1416666667	42.6625,28.1416666667	42.8097222222,28.1416666667	42.8833333333,28.1416666667
315	325	1504252800	1504256399	10	43.4152777778,28.3072222222	43.3102777778,28.5575	43.1861111111,28.5627777778	43.0491666667,28.5180555556	42.8833333333,28.1416666667	42.8833333333,28.0888888889	42.8833333333,28.0336111111	42.8836111111,27.9005555556	43.1763888889,28.1736111111	43.4152777778,28.3072222222
315	325	1504252800	1504256399	6	43.735,28.1841666667	43.6486111111,28.4263888889	43.5725,28.3952777778	43.6769444444,28.2841666667	43.6869444444,28.0922222222	43.735,28.1841666667
315	325	1504252800	1504256399	20	43.7355555556,28.5011111111	43.7416666667,28.63	43.7,28.8083333333	43.6666666667,29.0	43.7333333333,29.0333333333	43.7333333333,29.1433333333	43.7333333333,29.15	43.7213888889,29.4430555556	43.7183333333,29.6355555556	43.6833333333,30.5333333333	43.2533333333,30.64	42.8,30.75	42.7388888889,30.5961111111	42.6105555556,30.2644444444	42.5405555556,30.0727777778	43.3102777778,28.5575	43.4241666667,28.5525	43.5725,28.3952777778	43.6486111111,28.4263888889	43.7355555556,28.5011111111
345	355	1504252800	1504256399	10	43.5855555556,27.9	43.4152777778,28.3072222222	43.1763888889,28.1736111111	42.8836111111,27.9005555556	42.9252777778,27.6533333333	42.9991666667,27.5811111111	43.1616666667,27.7405555556	43.3044444444,27.4338888889	43.4275,27.5905555556	43.5855555556,27.9
345	355	1504252800	1504256399	5	43.5725,28.3952777778	43.4241666667,28.5525	43.3102777778,28.5575	43.4152777778,28.3072222222	43.5725,28.3952777778
345	355	1504252800	1504256399	6	43.6869444444,28.0922222222	43.6769444444,28.2841666667	43.5725,28.3952777778	43.4152777778,28.3072222222	43.5855555556,27.9	43.6869444444,28.0922222222
345	355	1504252800	1504256399	20	42.8833333333,28.1416666667	43.0491666667,28.5180555556	43.1861111111,28.5627777778	43.3102777778,28.5575	42.5405555556,30.0727777778	42.5166666667,30.0166666667	42.4616666667,29.8702777778	42.3638888889,29.6241666667	42.3202777778,29.5347222222	42.21,29.265	42.1705555556,29.1427777778	42.1166666667,29.0	42.0822222222,28.7661111111	42.0166666667,28.4833333333	41.9833333333,28.3166666667	42.3333333333,27.925	42.6133333333,28.1416666667	42.6625,28.1416666667	42.8097222222,28.1416666667	42.8833333333,28.1416666667
345	355	1504252800	1504256399	10	43.4152777778,28.3072222222	43.3102777778,28.5575	43.1861111111,28.5627777778	43.0491666667,28.5180555556	42.8833333333,28.1416666667	42.8833333333,28.0888888889	42.8833333333,28.0336111111	42.8836111111,27.9005555556	43.1763888889,28.1736111111	43.4152777778,28.3072222222
345	355	1504252800	1504256399	12	42.9252777778,27.6533333333	42.8836111111,27.9005555556	42.8833333333,28.0336111111	42.8833333333,28.0888888889	42.8833333333,28.1416666667	42.8097222222,28.1416666667	42.6625,28.1416666667	42.6133333333,28.1416666667	42.3333333333,27.925	42.5730555556,27.7605555556	42.6844444444,27.8875	42.9252777778,27.6533333333
345	355	1504252800	1504256399	6	43.735,28.1841666667	43.6486111111,28.4263888889	43.5725,28.3952777778	43.6769444444,28.2841666667	43.6869444444,28.0922222222	43.735,28.1841666667
345	355	1504252800	1504256399	20	43.7355555556,28.5011111111	43.7416666667,28.63	43.7,28.8083333333	43.6666666667,29.0	43.7333333333,29.0333333333	43.7333333333,29.1433333333	43.7333333333,29.15	43.7213888889,29.4430555556	43.7183333333,29.6355555556	43.6833333333,30.5333333333	43.2533333333,30.64	42.8,30.75	42.7388888889,30.5961111111	42.6105555556,30.2644444444	42.5405555556,30.0727777778	43.3102777778,28.5575	43.4241666667,28.5525	43.5725,28.3952777778	43.6486111111,28.4263888889	43.7355555556,28.5011111111
245	315	1504252800	1504256399	6	43.6869444444,28.0922222222	43.6769444444,28.2841666667	43.5725,28.3952777778	43.4152777778,28.3072222222	43.5855555556,27.9	43.6869444444,28.0922222222
245	315	1504252800	1504256399	5	43.5725,28.3952777778	43.4241666667,28.5525	43.3102777778,28.5575	43.4152777778,28.3072222222	43.5725,28.3952777778
245	315	1504252800	1504256399	20	43.7355555556,28.5011111111	43.7416666667,28.63	43.7,28.8083333333	43.6666666667,29.0	43.7333333333,29.0333333333	43.7333333333,29.1433333333	43.7333333333,29.15	43.7213888889,29.4430555556	43.7183333333,29.6355555556	43.6833333333,30.5333333333	43.2533333333,30.64	42.8,30.75	42.7388888889,30.5961111111	42.6105555556,30.2644444444	42.5405555556,30.0727777778	43.3102777778,28.5575	43.4241666667,28.5525	43.5725,28.3952777778	43.6486111111,28.4263888889	43.7355555556,28.5011111111
245	315	1504252800	1504256399	6	43.735,28.1841666667	43.6486111111,28.4263888889	43.5725,28.3952777778	43.6769444444,28.2841666667	43.6869444444,28.0922222222	43.735,28.1841666667
