17
385	999	1504227600	1504238399	10	43.5855555556,27.9	43.4152777778,28.3072222222	43.1763888889,28.1736111111	42.8836111111,27.9005555556	42.9252777778,27.6533333333	42.9991666667,27.5811111111	43.1616666667,27.7405555556	43.3044444444,27.4338888889	43.4275,27.5905555556	43.5855555556,27.9
385	999	1504227600	1504238399	12	42.9252777778,27.6533333333	42.8836111111,27.9005555556	42.8833333333,28.0336111111	42.8833333333,28.0888888889	42.8833333333,28.1416666667	42.8097222222,28.1416666667	42.6625,28.1416666667	42.6133333333,28.1416666667	42.3333333333,27.925	42.5730555556,27.7605555556	42.6844444444,27.8875	42.9252777778,27.6533333333
385	999	1504227600	1504238399	5	43.5725,28.3952777778	43.4241666667,28.5525	43.3102777778,28.5575	43.4152777778,28.3072222222	43.5725,28.3952777778
385	999	1504227600	1504238399	17	42.3333333333,27.925	42.2272222222,27.8352777778	42.2225,27.7538888889	42.2105555556,27.5522222222	42.3333333333,27.3805555556	42.6994444444,26.8569444444	42.7611111111,26.7680555556	43.0361111111,27.3333333333	43.0377777778,27.3369444444	43.0202777778,27.3741666667	42.9905555556,27.4375	42.9452777778,27.5330555556	42.9372222222,27.5813888889	42.9252777778,27.6533333333	42.6844444444,27.8875	42.5730555556,27.7605555556	42.3333333333,27.925
385	999	1504227600	1504238399	12	43.9783333333,25.3755555556	43.9788888889,25.4180555556	43.9794444444,25.4716666667	43.9463888889,25.7422222222	43.8702777778,25.9758333333	43.8636111111,25.9530555556	43.75,25.8166666667	43.6955555556,25.6463888889	43.6833333333,25.64	43.645,25.5694444444	43.6372222222,25.5466666667	43.9783333333,25.3755555556
385	999	1504227600	1504238399	6	43.6869444444,28.0922222222	43.6769444444,28.2841666667	43.5725,28.3952777778	43.4152777778,28.3072222222	43.5855555556,27.9	43.6869444444,28.0922222222
385	999	1504227600	1504238399	10	43.6869444444,28.0922222222	43.5855555556,27.9	43.4275,27.5905555556	43.3044444444,27.4338888889	43.2725,27.1111111111	43.3972222222,26.8477777778	43.5558333333,26.9311111111	43.635,27.2263888889	43.7213888889,27.3794444444	43.6869444444,28.0922222222
385	999	1504227600	1504238399	20	42.8833333333,28.1416666667	43.0491666667,28.5180555556	43.1861111111,28.5627777778	43.3102777778,28.5575	42.5405555556,30.0727777778	42.5166666667,30.0166666667	42.4616666667,29.8702777778	42.3638888889,29.6241666667	42.3202777778,29.5347222222	42.21,29.265	42.1705555556,29.1427777778	42.1166666667,29.0	42.0822222222,28.7661111111	42.0166666667,28.4833333333	41.9833333333,28.3166666667	42.3333333333,27.925	42.6133333333,28.1416666667	42.6625,28.1416666667	42.8097222222,28.1416666667	42.8833333333,28.1416666667
385	999	1504227600	1504238399	10	43.4152777778,28.3072222222	43.3102777778,28.5575	43.1861111111,28.5627777778	43.0491666667,28.5180555556	42.8833333333,28.1416666667	42.8833333333,28.0888888889	42.8833333333,28.0336111111	42.8836111111,27.9005555556	43.1763888889,28.1736111111	43.4152777778,28.3072222222
385	999	1504227600	1504238399	6	43.735,28.1841666667	43.6486111111,28.4263888889	43.5725,28.3952777778	43.6769444444,28.2841666667	43.6869444444,28.0922222222	43.735,28.1841666667
385	999	1504227600	1504238399	12	43.2725,27.1111111111	43.3044444444,27.4338888889	43.1616666667,27.7405555556	42.9991666667,27.5811111111	42.9252777778,27.6533333333	42.9372222222,27.5813888889	42.9452777778,27.5330555556	42.9905555556,27.4375	43.0202777778,27.3741666667	43.0377777778,27.3369444444	43.1380555556,27.1230555556	43.2725,27.1111111111
385	999	1504227600	1504238399	6	43.0866666667,26.3369444444	43.0105555556,26.8347222222	42.9808333333,26.7697222222	42.85,26.7666666667	42.7611111111,26.7680555556	43.0866666667,26.3369444444
385	999	1504227600	1504238399	8	43.1380555556,27.1230555556	43.0377777778,27.3369444444	43.0361111111,27.3333333333	42.7611111111,26.7680555556	42.85,26.7666666667	42.9808333333,26.7697222222	43.0105555556,26.8347222222	43.1380555556,27.1230555556
385	999	1504227600	1504238399	33	43.6372222222,25.5466666667	43.645,25.5694444444	43.6833333333,25.64	43.6955555556,25.6463888889	43.75,25.8166666667	43.8636111111,25.9530555556	43.8702777778,25.9758333333	43.8833333333,26.0	43.9833333333,26.2166666667	44.0516666667,26.4983333333	44.0566666667,26.575	44.0638888889,26.6625	44.0822222222,26.8266666667	44.1333333333,26.9916666667	44.1405555556,27.0169444444	43.8833333333,27.7541666667	43.7872222222,28.0286111111	43.735,28.1841666667	43.6869444444,28.0922222222	43.7213888889,27.3794444444	43.635,27.2263888889	43.5558333333,26.9311111111	43.3972222222,26.8477777778	43.2725,27.1111111111	43.1380555556,27.1230555556	43.0105555556,26.8347222222	43.0866666667,26.3369444444	43.0941666667,26.3205555556	43.0975,26.4258333333	43.2641666667,26.4166666667	43.2558333333,26.1452777778	43.3363888889,26.0227777778	43.6372222222,25.5466666667
385	999	1504227600	1504238399	6	43.2558333333,26.1452777778	43.2641666667,26.4166666667	43.0975,26.4258333333	43.0941666667,26.3205555556	43.1725,26.1519444444	43.2558333333,26.1452777778
385	999	1504227600	1504238399	20	43.7355555556,28.5011111111	43.7416666667,28.63	43.7,28.8083333333	43.6666666667,29.0	43.7333333333,29.0333333333	43.7333333333,29.1433333333	43.7333333333,29.15	43.7213888889,29.4430555556	43.7183333333,29.6355555556	43.6833333333,30.5333333333	43.2533333333,30.64	42.8,30.75	42.7388888889,30.5961111111	42.6105555556,30.2644444444	42.5405555556,30.0727777778	43.3102777778,28.5575	43.4241666667,28.5525	43.5725,28.3952777778	43.6486111111,28.4263888889	43.7355555556,28.5011111111
385	999	1504227600	1504238399	8	41.9833333333,28.3166666667	41.9822222222,28.0011111111	41.9966666667,27.8513888889	42.2105555556,27.5522222222	42.2225,27.7538888889	42.2272222222,27.8352777778	42.3333333333,27.925	41.9833333333,28.3166666667
