12
325	345	1504303200	1504310399	10	35.0097222222,33.5491666667	35.0127777778,33.6266666667	35.03,33.8666666667	35.045,34.0933333333	34.8833333333,34.1422222222	34.7166666667,34.1083333333	34.5333333333,33.94	34.4688888889,33.7191666667	34.8727777778,33.6255555556	35.0097222222,33.5491666667
325	345	1504303200	1504310399	33	35.9488888889,33.0	35.9333333333,33.2833333333	35.9,33.2666666667	35.1611111111,33.475	35.1583333333,33.4919444444	35.1611111111,33.5	35.9,33.3166666667	35.93,33.3166666667	35.9233333333,33.4416666667	35.9155555556,33.5494444444	35.9166666667,34.0166666667	35.9172222222,34.1352777778	35.9191666667,34.6638888889	35.9166666667,35.6666666667	35.55,35.5333333333	35.1933333333,35.7166666667	34.5833333333,35.75	34.5383333333,35.2866666667	34.4833333333,35.05	34.3666666667,34.8744444444	34.245,34.7466666667	34.0316666667,34.6213888889	33.9455555556,34.6038888889	33.9313888889,33.8430555556	34.4688888889,33.7191666667	34.5333333333,33.94	34.7166666667,34.1083333333	34.8833333333,34.1422222222	35.045,34.0933333333	35.03,33.8666666667	35.0127777778,33.6266666667	35.0097222222,33.5491666667	35.9488888889,33.0
325	345	1504303200	1504310399	8	35.9333333333,33.2833333333	35.93,33.3166666667	35.9,33.3166666667	35.1611111111,33.5	35.1583333333,33.4919444444	35.1611111111,33.475	35.9,33.2666666667	35.9333333333,33.2833333333
325	345	1504303200	1504310399	18	33.9313888889,33.8430555556	33.9455555556,34.6038888889	33.8916666667,34.5916666667	33.8319444444,34.5833333333	33.6488888889,34.6330555556	33.1666666667,34.9333333333	33.1,34.8666666667	33.1,34.7166666667	33.0908333333,34.6030555556	32.8575,34.5536111111	32.7816666667,34.5438888889	32.7166666667,34.5333333333	32.6805555556,34.4275	32.6138888889,34.3544444444	32.5058333333,34.1880555556	32.8166666667,34.0636111111	32.8355555556,34.0563888889	33.9313888889,33.8430555556
0	325	1504303200	1504310399	33	35.9488888889,33.0	35.9333333333,33.2833333333	35.9,33.2666666667	35.1611111111,33.475	35.1583333333,33.4919444444	35.1611111111,33.5	35.9,33.3166666667	35.93,33.3166666667	35.9233333333,33.4416666667	35.9155555556,33.5494444444	35.9166666667,34.0166666667	35.9172222222,34.1352777778	35.9191666667,34.6638888889	35.9166666667,35.6666666667	35.55,35.5333333333	35.1933333333,35.7166666667	34.5833333333,35.75	34.5383333333,35.2866666667	34.4833333333,35.05	34.3666666667,34.8744444444	34.245,34.7466666667	34.0316666667,34.6213888889	33.9455555556,34.6038888889	33.9313888889,33.8430555556	34.4688888889,33.7191666667	34.5333333333,33.94	34.7166666667,34.1083333333	34.8833333333,34.1422222222	35.045,34.0933333333	35.03,33.8666666667	35.0127777778,33.6266666667	35.0097222222,33.5491666667	35.9488888889,33.0
0	325	1504303200	1504310399	8	35.9333333333,33.2833333333	35.93,33.3166666667	35.9,33.3166666667	35.1611111111,33.5	35.1583333333,33.4919444444	35.1611111111,33.475	35.9,33.2666666667	35.9333333333,33.2833333333
0	325	1504303200	1504310399	18	33.9313888889,33.8430555556	33.9455555556,34.6038888889	33.8916666667,34.5916666667	33.8319444444,34.5833333333	33.6488888889,34.6330555556	33.1666666667,34.9333333333	33.1,34.8666666667	33.1,34.7166666667	33.0908333333,34.6030555556	32.8575,34.5536111111	32.7816666667,34.5438888889	32.7166666667,34.5333333333	32.6805555556,34.4275	32.6138888889,34.3544444444	32.5058333333,34.1880555556	32.8166666667,34.0636111111	32.8355555556,34.0563888889	33.9313888889,33.8430555556
205	325	1504303200	1504310399	10	35.0097222222,33.5491666667	35.0127777778,33.6266666667	35.03,33.8666666667	35.045,34.0933333333	34.8833333333,34.1422222222	34.7166666667,34.1083333333	34.5333333333,33.94	34.4688888889,33.7191666667	34.8727777778,33.6255555556	35.0097222222,33.5491666667
345	999	1504303200	1504310399	10	35.0097222222,33.5491666667	35.0127777778,33.6266666667	35.03,33.8666666667	35.045,34.0933333333	34.8833333333,34.1422222222	34.7166666667,34.1083333333	34.5333333333,33.94	34.4688888889,33.7191666667	34.8727777778,33.6255555556	35.0097222222,33.5491666667
345	999	1504303200	1504310399	33	35.9488888889,33.0	35.9333333333,33.2833333333	35.9,33.2666666667	35.1611111111,33.475	35.1583333333,33.4919444444	35.1611111111,33.5	35.9,33.3166666667	35.93,33.3166666667	35.9233333333,33.4416666667	35.9155555556,33.5494444444	35.9166666667,34.0166666667	35.9172222222,34.1352777778	35.9191666667,34.6638888889	35.9166666667,35.6666666667	35.55,35.5333333333	35.1933333333,35.7166666667	34.5833333333,35.75	34.5383333333,35.2866666667	34.4833333333,35.05	34.3666666667,34.8744444444	34.245,34.7466666667	34.0316666667,34.6213888889	33.9455555556,34.6038888889	33.9313888889,33.8430555556	34.4688888889,33.7191666667	34.5333333333,33.94	34.7166666667,34.1083333333	34.8833333333,34.1422222222	35.045,34.0933333333	35.03,33.8666666667	35.0127777778,33.6266666667	35.0097222222,33.5491666667	35.9488888889,33.0
345	999	1504303200	1504310399	8	35.9333333333,33.2833333333	35.93,33.3166666667	35.9,33.3166666667	35.1611111111,33.5	35.1583333333,33.4919444444	35.1611111111,33.475	35.9,33.2666666667	35.9333333333,33.2833333333
345	999	1504303200	1504310399	18	33.9313888889,33.8430555556	33.9455555556,34.6038888889	33.8916666667,34.5916666667	33.8319444444,34.5833333333	33.6488888889,34.6330555556	33.1666666667,34.9333333333	33.1,34.8666666667	33.1,34.7166666667	33.0908333333,34.6030555556	32.8575,34.5536111111	32.7816666667,34.5438888889	32.7166666667,34.5333333333	32.6805555556,34.4275	32.6138888889,34.3544444444	32.5058333333,34.1880555556	32.8166666667,34.0636111111	32.8355555556,34.0563888889	33.9313888889,33.8430555556
