24
0	305	1504270800	1504272599	13	34.6788888889,33.4425	34.65,33.5	34.6341666667,33.5455555556	34.6066666667,33.6216666667	34.46,33.69	34.4688888889,33.7191666667	33.9313888889,33.8430555556	34.0730555556,32.8502777778	34.3311111111,33.1022222222	34.4166666667,33.2833333333	34.5833333333,33.3666666667	34.6027777778,33.3675	34.6788888889,33.4425
0	305	1504270800	1504272599	44	35.9488888889,33.0	35.0097222222,33.5491666667	35.0066666667,33.47	35.0883333333,33.1433333333	34.905,33.0833333333	34.9333333333,32.9333333333	34.8666666667,32.6166666667	35.0405555556,32.0466666667	35.0022222222,32.0169444444	34.9672222222,31.9883333333	34.8672222222,31.9294444444	34.8172222222,31.9116666667	34.7419444444,31.8994444444	34.6858333333,31.8977777778	34.6788888889,31.9011111111	34.6291666667,31.905	34.5905555556,31.9158333333	34.5180555556,31.9444444444	34.4652777778,31.9733333333	34.4047222222,32.0236111111	34.3419444444,32.0880555556	34.3027777778,32.1522222222	34.2575,32.2411111111	34.2330555556,32.3080555556	34.2172222222,32.3680555556	34.2125,32.4091666667	34.2130555556,32.4438888889	34.4586111111,32.6158333333	34.4166666667,32.6333333333	34.3,32.8	34.2833333333,33.0	34.3311111111,33.1022222222	34.0730555556,32.8502777778	34.3119444444,32.0	35.0,31.3333333333	35.6652777778,30.0	35.8333333333,30.0	36.0822222222,29.9994444444	36.0466666667,30.7038888889	36.0416666667,30.825	36.025,31.55	36.0027777778,31.9275	35.9705555556,32.6133333333	35.9488888889,33.0
0	305	1504270800	1504272599	10	35.6652777778,30.0	35.0,31.3333333333	34.3119444444,32.0	34.6166666667,30.8833333333	34.9152777778,30.0	34.9666666667,30.0	35.2,30.0	35.5294444444,30.0	35.5836111111,30.0	35.6652777778,30.0
0	305	1504270800	1504272599	4	34.715,33.37	34.6788888889,33.4425	34.6027777778,33.3675	34.715,33.37
205	305	1504270800	1504272599	5	34.7555555556,33.5175	34.6341666667,33.5455555556	34.65,33.5	34.6788888889,33.4425	34.7555555556,33.5175
205	305	1504270800	1504272599	10	35.0097222222,33.5491666667	34.8727777778,33.6255555556	34.7555555556,33.5175	34.6788888889,33.4425	34.715,33.37	34.7166666667,33.1133333333	34.905,33.0833333333	35.0883333333,33.1433333333	35.0066666667,33.47	35.0097222222,33.5491666667
205	305	1504270800	1504272599	7	34.8727777778,33.6255555556	34.4688888889,33.7191666667	34.46,33.69	34.6066666667,33.6216666667	34.6341666667,33.5455555556	34.7555555556,33.5175	34.8727777778,33.6255555556
105	305	1504270800	1504272599	25	34.9333333333,32.9333333333	34.905,33.0833333333	34.7166666667,33.1133333333	34.715,33.37	34.6027777778,33.3675	34.3311111111,33.1022222222	34.2833333333,33.0	34.3,32.8	34.4166666667,32.6333333333	34.4586111111,32.6158333333	34.4836111111,32.6327777778	34.4858333333,32.6422222222	34.49,32.6497222222	34.4927777778,32.6577777778	34.5094444444,32.6908333333	34.5308333333,32.7208333333	34.5497222222,32.7411111111	34.5877777778,32.7725	34.6197222222,32.7911111111	34.6752777778,32.8083333333	34.7286111111,32.8097222222	34.7711111111,32.8025	34.8075,32.7863888889	34.8666666667,32.6166666667	34.9333333333,32.9333333333
105	305	1504270800	1504272599	25	35.0405555556,32.0466666667	34.8666666667,32.6166666667	34.7333333333,32.5666666667	34.6166666667,32.55	34.4586111111,32.6158333333	34.2130555556,32.4438888889	34.2125,32.4091666667	34.2172222222,32.3680555556	34.2330555556,32.3080555556	34.2575,32.2411111111	34.3027777778,32.1522222222	34.3419444444,32.0880555556	34.4047222222,32.0236111111	34.4652777778,31.9733333333	34.5180555556,31.9444444444	34.5905555556,31.9158333333	34.6291666667,31.905	34.6788888889,31.9011111111	34.6858333333,31.8977777778	34.7419444444,31.8994444444	34.8172222222,31.9116666667	34.8672222222,31.9294444444	34.9672222222,31.9883333333	35.0022222222,32.0169444444	35.0405555556,32.0466666667
105	305	1504270800	1504272599	19	34.8075,32.7863888889	34.7711111111,32.8025	34.7286111111,32.8097222222	34.6752777778,32.8083333333	34.6197222222,32.7911111111	34.5877777778,32.7725	34.5497222222,32.7411111111	34.5308333333,32.7208333333	34.5094444444,32.6908333333	34.4927777778,32.6577777778	34.49,32.6497222222	34.4858333333,32.6422222222	34.4836111111,32.6327777778	34.4586111111,32.6158333333	34.6166666667,32.55	34.6166666667,32.6416666667	34.7333333333,32.6833333333	34.8666666667,32.6166666667	34.8075,32.7863888889
105	305	1504270800	1504272599	6	34.8666666667,32.6166666667	34.7333333333,32.6833333333	34.6166666667,32.6416666667	34.6166666667,32.55	34.7333333333,32.5666666667	34.8666666667,32.6166666667
105	305	1504270800	1504272599	5	34.6027777778,33.3675	34.5833333333,33.3666666667	34.4166666667,33.2833333333	34.3311111111,33.1022222222	34.6027777778,33.3675
305	325	1504270800	1504272599	5	34.7555555556,33.5175	34.6341666667,33.5455555556	34.65,33.5	34.6788888889,33.4425	34.7555555556,33.5175
305	325	1504270800	1504272599	25	35.0405555556,32.0466666667	34.8666666667,32.6166666667	34.7333333333,32.5666666667	34.6166666667,32.55	34.4586111111,32.6158333333	34.2130555556,32.4438888889	34.2125,32.4091666667	34.2172222222,32.3680555556	34.2330555556,32.3080555556	34.2575,32.2411111111	34.3027777778,32.1522222222	34.3419444444,32.0880555556	34.4047222222,32.0236111111	34.4652777778,31.9733333333	34.5180555556,31.9444444444	34.5905555556,31.9158333333	34.6291666667,31.905	34.6788888889,31.9011111111	34.6858333333,31.8977777778	34.7419444444,31.8994444444	34.8172222222,31.9116666667	34.8672222222,31.9294444444	34.9672222222,31.9883333333	35.0022222222,32.0169444444	35.0405555556,32.0466666667
305	325	1504270800	1504272599	10	35.6652777778,30.0	35.0,31.3333333333	34.3119444444,32.0	34.6166666667,30.8833333333	34.9152777778,30.0	34.9666666667,30.0	35.2,30.0	35.5294444444,30.0	35.5836111111,30.0	35.6652777778,30.0
305	325	1504270800	1504272599	4	34.715,33.37	34.6788888889,33.4425	34.6027777778,33.3675	34.715,33.37
305	325	1504270800	1504272599	44	35.9488888889,33.0	35.0097222222,33.5491666667	35.0066666667,33.47	35.0883333333,33.1433333333	34.905,33.0833333333	34.9333333333,32.9333333333	34.8666666667,32.6166666667	35.0405555556,32.0466666667	35.0022222222,32.0169444444	34.9672222222,31.9883333333	34.8672222222,31.9294444444	34.8172222222,31.9116666667	34.7419444444,31.8994444444	34.6858333333,31.8977777778	34.6788888889,31.9011111111	34.6291666667,31.905	34.5905555556,31.9158333333	34.5180555556,31.9444444444	34.4652777778,31.9733333333	34.4047222222,32.0236111111	34.3419444444,32.0880555556	34.3027777778,32.1522222222	34.2575,32.2411111111	34.2330555556,32.3080555556	34.2172222222,32.3680555556	34.2125,32.4091666667	34.2130555556,32.4438888889	34.4586111111,32.6158333333	34.4166666667,32.6333333333	34.3,32.8	34.2833333333,33.0	34.3311111111,33.1022222222	34.0730555556,32.8502777778	34.3119444444,32.0	35.0,31.3333333333	35.6652777778,30.0	35.8333333333,30.0	36.0822222222,29.9994444444	36.0466666667,30.7038888889	36.0416666667,30.825	36.025,31.55	36.0027777778,31.9275	35.9705555556,32.6133333333	35.9488888889,33.0
305	325	1504270800	1504272599	19	34.8075,32.7863888889	34.7711111111,32.8025	34.7286111111,32.8097222222	34.6752777778,32.8083333333	34.6197222222,32.7911111111	34.5877777778,32.7725	34.5497222222,32.7411111111	34.5308333333,32.7208333333	34.5094444444,32.6908333333	34.4927777778,32.6577777778	34.49,32.6497222222	34.4858333333,32.6422222222	34.4836111111,32.6327777778	34.4586111111,32.6158333333	34.6166666667,32.55	34.6166666667,32.6416666667	34.7333333333,32.6833333333	34.8666666667,32.6166666667	34.8075,32.7863888889
305	325	1504270800	1504272599	7	34.8727777778,33.6255555556	34.4688888889,33.7191666667	34.46,33.69	34.6066666667,33.6216666667	34.6341666667,33.5455555556	34.7555555556,33.5175	34.8727777778,33.6255555556
305	325	1504270800	1504272599	5	34.6027777778,33.3675	34.5833333333,33.3666666667	34.4166666667,33.2833333333	34.3311111111,33.1022222222	34.6027777778,33.3675
305	325	1504270800	1504272599	13	34.6788888889,33.4425	34.65,33.5	34.6341666667,33.5455555556	34.6066666667,33.6216666667	34.46,33.69	34.4688888889,33.7191666667	33.9313888889,33.8430555556	34.0730555556,32.8502777778	34.3311111111,33.1022222222	34.4166666667,33.2833333333	34.5833333333,33.3666666667	34.6027777778,33.3675	34.6788888889,33.4425
305	325	1504270800	1504272599	10	35.0097222222,33.5491666667	34.8727777778,33.6255555556	34.7555555556,33.5175	34.6788888889,33.4425	34.715,33.37	34.7166666667,33.1133333333	34.905,33.0833333333	35.0883333333,33.1433333333	35.0066666667,33.47	35.0097222222,33.5491666667
305	325	1504270800	1504272599	25	34.9333333333,32.9333333333	34.905,33.0833333333	34.7166666667,33.1133333333	34.715,33.37	34.6027777778,33.3675	34.3311111111,33.1022222222	34.2833333333,33.0	34.3,32.8	34.4166666667,32.6333333333	34.4586111111,32.6158333333	34.4836111111,32.6327777778	34.4858333333,32.6422222222	34.49,32.6497222222	34.4927777778,32.6577777778	34.5094444444,32.6908333333	34.5308333333,32.7208333333	34.5497222222,32.7411111111	34.5877777778,32.7725	34.6197222222,32.7911111111	34.6752777778,32.8083333333	34.7286111111,32.8097222222	34.7711111111,32.8025	34.8075,32.7863888889	34.8666666667,32.6166666667	34.9333333333,32.9333333333
305	325	1504270800	1504272599	6	34.8666666667,32.6166666667	34.7333333333,32.6833333333	34.6166666667,32.6416666667	34.6166666667,32.55	34.7333333333,32.5666666667	34.8666666667,32.6166666667
