41
375	999	1504242000	1504256399	4	43.6969444444,14.4372222222	43.65,14.3288888889	43.6988888889,14.275	43.6969444444,14.4372222222
375	999	1504242000	1504256399	29	43.1802777778,17.4308333333	43.0416666667,17.6616666667	42.95,17.7	42.9052777778,17.5433333333	42.8402777778,17.7102777778	42.8666666667,17.8333333333	42.8561111111,17.8491666667	42.6025,18.2491666667	42.6147222222,18.3063888889	42.54,18.4383333333	42.5,18.45	42.4502777778,18.48	42.4105555556,18.5541666667	42.3902777778,18.5394444444	42.3808333333,18.5230555556	42.3733333333,18.5102777778	41.9186111111,17.7586111111	41.7533333333,17.6163888889	41.8833333333,17.3166666667	41.9283333333,17.2483333333	42.3472222222,16.3538888889	42.3311111111,16.1730555556	42.3797222222,16.095	42.4677777778,16.1236111111	42.5077777778,16.0488888889	42.5816666667,15.9361111111	42.6688888889,16.9366666667	42.68,17.0752777778	43.1802777778,17.4308333333
375	999	1504242000	1504256399	15	42.3733333333,18.5102777778	42.3808333333,18.5230555556	42.3544444444,18.5575	42.3461111111,18.5575	42.3377777778,18.5577777778	42.2188888889,18.5897222222	42.2,18.6	42.0911111111,18.555	42.0141666667,18.5269444444	41.9272222222,18.6636111111	41.8655555556,18.59	41.8841666667,18.48	41.9327777778,18.1944444444	41.9186111111,17.7586111111	42.3733333333,18.5102777778
375	999	1504242000	1504256399	4	44.1222222222,15.7063888889	43.9941666667,15.3769444444	44.0952777778,15.3641666667	44.1222222222,15.7063888889
375	999	1504242000	1504256399	6	43.7325,15.4091666667	43.6236111111,15.4186111111	43.65,14.3288888889	43.6969444444,14.4372222222	43.6902777778,14.9622222222	43.7325,15.4091666667
375	999	1504242000	1504256399	10	45.5297222222,14.9325	45.4825,14.9477777778	44.8855555556,15.15	44.8641666667,14.9586111111	45.1263888889,14.9463888889	45.5080555556,14.655	45.5233333333,14.7391666667	45.4658333333,14.8675	45.475,14.9008333333	45.5297222222,14.9325
375	999	1504242000	1504256399	12	43.8086111111,17.5572222222	43.7536111111,17.5377777778	43.4958333333,17.1994444444	43.5169444444,17.125	43.5586111111,17.04	43.6333333333,16.9466666667	43.7366666667,16.8227777778	43.8016666667,16.7475	43.8238888889,16.7219444444	43.8761111111,16.6711111111	43.8547222222,16.9522222222	43.8086111111,17.5572222222
375	999	1504242000	1504256399	12	45.4705555556,14.4366666667	45.4666666667,14.2416666667	45.4702777778,14.2041666667	45.5016666667,14.2241666667	45.5075,14.2402777778	45.5058333333,14.2569444444	45.4825,14.2677777778	45.4908333333,14.2763888889	45.4933333333,14.3013888889	45.4797222222,14.3372222222	45.4841666667,14.3519444444	45.4705555556,14.4366666667
375	999	1504242000	1504256399	5	45.485,14.5291666667	45.5080555556,14.655	45.1263888889,14.9463888889	45.0719444444,14.8894444444	45.485,14.5291666667
375	999	1504242000	1504256399	11	43.7366666667,16.8227777778	43.6333333333,16.9466666667	43.5586111111,17.04	43.5169444444,17.125	42.5816666667,15.9361111111	42.6555555556,15.8236111111	42.7038888889,15.7483333333	42.8480555556,15.5247222222	43.1983333333,16.3772222222	43.8016666667,16.7475	43.7366666667,16.8227777778
375	999	1504242000	1504256399	11	44.3863888889,13.4980555556	44.8269444444,14.6358333333	44.8641666667,14.9586111111	44.8375,14.9597222222	44.7661111111,14.9822222222	44.595,14.7444444444	44.475,14.5786111111	44.3472222222,14.2463888889	44.1572222222,13.7597222222	44.2219444444,13.6861111111	44.3863888889,13.4980555556
375	999	1504242000	1504256399	8	44.1391666667,15.9138888889	43.95,15.8536111111	43.7583333333,15.7786111111	43.7325,15.4091666667	43.9941666667,15.3769444444	44.1222222222,15.7063888889	44.1411111111,15.7758333333	44.1391666667,15.9138888889
375	999	1504242000	1504256399	12	45.1902777778,15.7358333333	45.1955555556,15.7972222222	45.2208333333,15.8897222222	45.2238888889,15.9075	45.2166666667,15.9333333333	45.0066666667,16.2852777778	44.9966666667,16.305	45.0513888889,16.3783333333	44.6936111111,16.9525	44.5894444444,16.9158333333	44.5688888889,16.9086111111	45.1902777778,15.7358333333
375	999	1504242000	1504256399	6	45.5747222222,15.2980555556	45.5280555556,15.3136111111	45.4527777778,15.3286111111	45.4258333333,15.2188888889	45.495,15.0072222222	45.5747222222,15.2980555556
375	999	1504242000	1504256399	13	43.5169444444,17.125	43.4958333333,17.1994444444	43.4966666667,17.2155555556	43.4844444444,17.2441666667	43.4527777778,17.2558333333	43.3516666667,17.2772222222	43.3052777778,17.2880555556	43.2402777778,17.3055555556	43.1366666667,17.0736111111	42.7736111111,16.8575	42.6688888889,16.9366666667	42.5816666667,15.9361111111	43.5169444444,17.125
375	999	1504242000	1504256399	5	43.8761111111,16.6711111111	43.8238888889,16.7219444444	43.8222222222,16.71	43.8183333333,16.6252777778	43.8761111111,16.6711111111
375	999	1504242000	1504256399	15	45.6633333333,15.35	45.0513888889,16.3783333333	44.9966666667,16.305	45.0066666667,16.2852777778	45.2166666667,15.9333333333	45.2238888889,15.9075	45.2208333333,15.8897222222	45.1955555556,15.7972222222	45.1902777778,15.7358333333	45.2747222222,15.6175	45.4527777778,15.3286111111	45.5280555556,15.3136111111	45.5747222222,15.2980555556	45.6358333333,15.3494444444	45.6633333333,15.35
375	999	1504242000	1504256399	5	43.7583333333,15.7786111111	43.6166666667,15.6425	43.6236111111,15.4186111111	43.7325,15.4091666667	43.7583333333,15.7786111111
375	999	1504242000	1504256399	11	43.8238888889,16.7219444444	43.8016666667,16.7475	43.7922222222,16.7294444444	43.5813888889,16.2744444444	43.6166666667,15.6425	43.7583333333,15.7786111111	43.7838888889,15.9841666667	43.7933333333,16.0955555556	43.8183333333,16.6252777778	43.8222222222,16.71	43.8238888889,16.7219444444
375	999	1504242000	1504256399	4	43.95,15.8536111111	43.7838888889,15.9841666667	43.7583333333,15.7786111111	43.95,15.8536111111
375	999	1504242000	1504256399	7	44.8855555556,15.15	44.1411111111,15.7758333333	44.1222222222,15.7063888889	44.3666666667,15.5036111111	44.7247222222,14.9952777778	44.7661111111,14.9822222222	44.8855555556,15.15
375	999	1504242000	1504256399	9	45.5297222222,14.9325	45.495,15.0072222222	45.0511111111,15.7394444444	44.9422222222,15.7433333333	44.9,15.75	44.8927777778,15.3655555556	44.8855555556,15.15	45.4825,14.9477777778	45.5297222222,14.9325
375	999	1504242000	1504256399	16	44.5483333333,16.9013888889	44.3036111111,16.8163888889	43.8761111111,16.6711111111	44.0294444444,16.4827777778	44.13,16.3133333333	44.15,16.3036111111	44.1675,16.2744444444	44.4483333333,16.1433333333	44.6788888889,15.9694444444	44.7711111111,15.7691666667	44.9,15.75	44.9422222222,15.7433333333	45.0511111111,15.7394444444	45.1902777778,15.7358333333	44.5688888889,16.9086111111	44.5483333333,16.9013888889
375	999	1504242000	1504256399	4	44.0952777778,15.3641666667	43.9941666667,15.3769444444	43.6969444444,14.4372222222	44.0952777778,15.3641666667
375	999	1504242000	1504256399	6	43.0416666667,17.6616666667	42.8933333333,17.9525	42.8561111111,17.8491666667	42.8666666667,17.8333333333	42.95,17.7	43.0416666667,17.6616666667
375	999	1504242000	1504256399	8	45.4705555556,14.4366666667	45.4691666667,14.4486111111	45.485,14.5291666667	45.0719444444,14.8894444444	45.0586111111,14.8758333333	45.0541666667,14.8713888889	45.0816666667,14.8438888889	45.4705555556,14.4366666667
375	999	1504242000	1504256399	5	42.8666666667,17.8333333333	42.8402777778,17.7102777778	42.9052777778,17.5433333333	42.95,17.7	42.8666666667,17.8333333333
375	999	1504242000	1504256399	16	44.1572222222,13.7597222222	44.3472222222,14.2463888889	44.34,14.6955555556	44.595,14.7444444444	44.7661111111,14.9822222222	44.7247222222,14.9952777778	44.3666666667,15.5036111111	44.1222222222,15.7063888889	44.0952777778,15.3641666667	43.6969444444,14.4372222222	43.6505555556,14.3288888889	43.6988888889,14.275	43.9252777778,14.0219444444	43.9791666667,13.95	44.0141666667,13.9216666667	44.1572222222,13.7597222222
375	999	1504242000	1504256399	7	44.1391666667,15.9138888889	43.8761111111,16.6711111111	43.8183333333,16.6252777778	43.7933333333,16.0955555556	43.7838888889,15.9841666667	43.95,15.8536111111	44.1391666667,15.9138888889
375	999	1504242000	1504256399	12	44.2530555556,17.7144444444	44.1158333333,17.6613888889	43.94,17.6013888889	43.8086111111,17.5572222222	43.8547222222,16.9522222222	43.8761111111,16.6711111111	44.3036111111,16.8163888889	44.5483333333,16.9013888889	44.5688888889,16.9086111111	44.5894444444,16.9158333333	44.6936111111,16.9525	44.2530555556,17.7144444444
375	999	1504242000	1504256399	5	44.8855555556,15.15	44.8927777778,15.3655555556	44.1391666667,15.9138888889	44.1411111111,15.7758333333	44.8855555556,15.15
375	999	1504242000	1504256399	8	44.9,15.75	44.7711111111,15.7691666667	44.6788888889,15.9694444444	44.4483333333,16.1433333333	44.1675,16.2744444444	44.1391666667,15.9138888889	44.8927777778,15.3655555556	44.9,15.75
375	999	1504242000	1504256399	7	44.1391666667,15.9138888889	44.1675,16.2744444444	44.15,16.3036111111	44.13,16.3133333333	44.0294444444,16.4827777778	43.8761111111,16.6711111111	44.1391666667,15.9138888889
375	999	1504242000	1504256399	7	45.495,15.0072222222	45.4258333333,15.2188888889	45.4527777778,15.3286111111	45.2747222222,15.6175	45.1902777778,15.7358333333	45.0511111111,15.7394444444	45.495,15.0072222222
375	999	1504242000	1504256399	28	45.4666666667,14.2416666667	45.4705555556,14.4366666667	45.0816666667,14.8438888889	45.0541666667,14.8713888889	45.0586111111,14.8758333333	45.0719444444,14.8894444444	45.1263888889,14.9463888889	44.8641666667,14.9586111111	44.8269444444,14.6358333333	44.3863888889,13.4980555556	44.4163888889,13.4630555556	44.5333333333,13.3333333333	44.6333333333,13.2666666667	44.7833333333,13.2	44.9,13.1333333333	44.9858333333,13.0913888889	45.1583333333,13.0	45.1666666667,13.0	45.1697222222,13.0	45.1833333333,13.0	45.2258333333,12.9955555556	45.3113888889,13.2475	45.3866666667,13.4716666667	45.39,13.6147222222	45.3905555556,13.6261111111	45.4755555556,14.1338888889	45.4702777778,14.2041666667	45.4666666667,14.2416666667
375	999	1504242000	1504256399	5	43.9941666667,15.3769444444	43.7325,15.4091666667	43.6902777778,14.9622222222	43.6969444444,14.4372222222	43.9941666667,15.3769444444
375	999	1504242000	1504256399	5	44.8641666667,14.9586111111	44.8855555556,15.15	44.7661111111,14.9822222222	44.8375,14.9597222222	44.8641666667,14.9586111111
375	999	1504242000	1504256399	5	44.3472222222,14.2463888889	44.475,14.5786111111	44.595,14.7444444444	44.34,14.6955555556	44.3472222222,14.2463888889
375	999	1504242000	1504256399	16	43.6236111111,15.4186111111	43.6166666667,15.6425	43.5813888889,16.2744444444	43.7922222222,16.7294444444	43.8016666667,16.7475	43.1983333333,16.3772222222	42.8480555556,15.5247222222	42.8855555556,15.4663888889	42.9988888889,15.2905555556	43.1119444444,15.1130555556	43.3116666667,14.7977777778	43.4163888889,14.6341666667	43.5,14.5	43.5641666667,14.4247222222	43.65,14.3288888889	43.6236111111,15.4186111111
375	999	1504242000	1504256399	9	42.8561111111,17.8491666667	42.8933333333,17.9525	42.8022222222,18.1305555556	42.5833333333,18.5530555556	42.5555555556,18.4402777778	42.54,18.4383333333	42.6147222222,18.3063888889	42.6025,18.2491666667	42.8561111111,17.8491666667
375	999	1504242000	1504256399	7	43.2402777778,17.3055555556	43.1802777778,17.4308333333	42.68,17.0752777778	42.6688888889,16.9366666667	42.7736111111,16.8575	43.1366666667,17.0736111111	43.2402777778,17.3055555556
