23
375	999	1504256400	1504277999	4	43.6969444444,14.4372222222	43.65,14.3288888889	43.6988888889,14.275	43.6969444444,14.4372222222
375	999	1504256400	1504277999	4	44.1222222222,15.7063888889	43.9941666667,15.3769444444	44.0952777778,15.3641666667	44.1222222222,15.7063888889
375	999	1504256400	1504277999	10	45.5297222222,14.9325	45.4825,14.9477777778	44.8855555556,15.15	44.8641666667,14.9586111111	45.1263888889,14.9463888889	45.5080555556,14.655	45.5233333333,14.7391666667	45.4658333333,14.8675	45.475,14.9008333333	45.5297222222,14.9325
375	999	1504256400	1504277999	12	45.4705555556,14.4366666667	45.4666666667,14.2416666667	45.4702777778,14.2041666667	45.5016666667,14.2241666667	45.5075,14.2402777778	45.5058333333,14.2569444444	45.4825,14.2677777778	45.4908333333,14.2763888889	45.4933333333,14.3013888889	45.4797222222,14.3372222222	45.4841666667,14.3519444444	45.4705555556,14.4366666667
375	999	1504256400	1504277999	11	44.3863888889,13.4980555556	44.8269444444,14.6358333333	44.8641666667,14.9586111111	44.8375,14.9597222222	44.7661111111,14.9822222222	44.595,14.7444444444	44.475,14.5786111111	44.3472222222,14.2463888889	44.1572222222,13.7597222222	44.2219444444,13.6861111111	44.3863888889,13.4980555556
375	999	1504256400	1504277999	12	45.1902777778,15.7358333333	45.1955555556,15.7972222222	45.2208333333,15.8897222222	45.2238888889,15.9075	45.2166666667,15.9333333333	45.0066666667,16.2852777778	44.9966666667,16.305	45.0513888889,16.3783333333	44.6936111111,16.9525	44.5894444444,16.9158333333	44.5688888889,16.9086111111	45.1902777778,15.7358333333
375	999	1504256400	1504277999	6	45.5747222222,15.2980555556	45.5280555556,15.3136111111	45.4527777778,15.3286111111	45.4258333333,15.2188888889	45.495,15.0072222222	45.5747222222,15.2980555556
375	999	1504256400	1504277999	15	45.6633333333,15.35	45.0513888889,16.3783333333	44.9966666667,16.305	45.0066666667,16.2852777778	45.2166666667,15.9333333333	45.2238888889,15.9075	45.2208333333,15.8897222222	45.1955555556,15.7972222222	45.1902777778,15.7358333333	45.2747222222,15.6175	45.4527777778,15.3286111111	45.5280555556,15.3136111111	45.5747222222,15.2980555556	45.6358333333,15.3494444444	45.6633333333,15.35
375	999	1504256400	1504277999	5	45.485,14.5291666667	45.5080555556,14.655	45.1263888889,14.9463888889	45.0719444444,14.8894444444	45.485,14.5291666667
375	999	1504256400	1504277999	7	44.8855555556,15.15	44.1411111111,15.7758333333	44.1222222222,15.7063888889	44.3666666667,15.5036111111	44.7247222222,14.9952777778	44.7661111111,14.9822222222	44.8855555556,15.15
375	999	1504256400	1504277999	16	44.1572222222,13.7597222222	44.3472222222,14.2463888889	44.34,14.6955555556	44.595,14.7444444444	44.7661111111,14.9822222222	44.7247222222,14.9952777778	44.3666666667,15.5036111111	44.1222222222,15.7063888889	44.0952777778,15.3641666667	43.6969444444,14.4372222222	43.6505555556,14.3288888889	43.6988888889,14.275	43.9252777778,14.0219444444	43.9791666667,13.95	44.0141666667,13.9216666667	44.1572222222,13.7597222222
375	999	1504256400	1504277999	16	44.5483333333,16.9013888889	44.3036111111,16.8163888889	43.8761111111,16.6711111111	44.0294444444,16.4827777778	44.13,16.3133333333	44.15,16.3036111111	44.1675,16.2744444444	44.4483333333,16.1433333333	44.6788888889,15.9694444444	44.7711111111,15.7691666667	44.9,15.75	44.9422222222,15.7433333333	45.0511111111,15.7394444444	45.1902777778,15.7358333333	44.5688888889,16.9086111111	44.5483333333,16.9013888889
375	999	1504256400	1504277999	4	44.0952777778,15.3641666667	43.9941666667,15.3769444444	43.6969444444,14.4372222222	44.0952777778,15.3641666667
375	999	1504256400	1504277999	8	45.4705555556,14.4366666667	45.4691666667,14.4486111111	45.485,14.5291666667	45.0719444444,14.8894444444	45.0586111111,14.8758333333	45.0541666667,14.8713888889	45.0816666667,14.8438888889	45.4705555556,14.4366666667
375	999	1504256400	1504277999	9	45.5297222222,14.9325	45.495,15.0072222222	45.0511111111,15.7394444444	44.9422222222,15.7433333333	44.9,15.75	44.8927777778,15.3655555556	44.8855555556,15.15	45.4825,14.9477777778	45.5297222222,14.9325
375	999	1504256400	1504277999	12	44.2530555556,17.7144444444	44.1158333333,17.6613888889	43.94,17.6013888889	43.8086111111,17.5572222222	43.8547222222,16.9522222222	43.8761111111,16.6711111111	44.3036111111,16.8163888889	44.5483333333,16.9013888889	44.5688888889,16.9086111111	44.5894444444,16.9158333333	44.6936111111,16.9525	44.2530555556,17.7144444444
375	999	1504256400	1504277999	5	44.8855555556,15.15	44.8927777778,15.3655555556	44.1391666667,15.9138888889	44.1411111111,15.7758333333	44.8855555556,15.15
375	999	1504256400	1504277999	5	44.3472222222,14.2463888889	44.475,14.5786111111	44.595,14.7444444444	44.34,14.6955555556	44.3472222222,14.2463888889
375	999	1504256400	1504277999	7	44.1391666667,15.9138888889	44.1675,16.2744444444	44.15,16.3036111111	44.13,16.3133333333	44.0294444444,16.4827777778	43.8761111111,16.6711111111	44.1391666667,15.9138888889
375	999	1504256400	1504277999	7	45.495,15.0072222222	45.4258333333,15.2188888889	45.4527777778,15.3286111111	45.2747222222,15.6175	45.1902777778,15.7358333333	45.0511111111,15.7394444444	45.495,15.0072222222
375	999	1504256400	1504277999	28	45.4666666667,14.2416666667	45.4705555556,14.4366666667	45.0816666667,14.8438888889	45.0541666667,14.8713888889	45.0586111111,14.8758333333	45.0719444444,14.8894444444	45.1263888889,14.9463888889	44.8641666667,14.9586111111	44.8269444444,14.6358333333	44.3863888889,13.4980555556	44.4163888889,13.4630555556	44.5333333333,13.3333333333	44.6333333333,13.2666666667	44.7833333333,13.2	44.9,13.1333333333	44.9858333333,13.0913888889	45.1583333333,13.0	45.1666666667,13.0	45.1697222222,13.0	45.1833333333,13.0	45.2258333333,12.9955555556	45.3113888889,13.2475	45.3866666667,13.4716666667	45.39,13.6147222222	45.3905555556,13.6261111111	45.4755555556,14.1338888889	45.4702777778,14.2041666667	45.4666666667,14.2416666667
375	999	1504256400	1504277999	5	44.8641666667,14.9586111111	44.8855555556,15.15	44.7661111111,14.9822222222	44.8375,14.9597222222	44.8641666667,14.9586111111
375	999	1504256400	1504277999	8	44.9,15.75	44.7711111111,15.7691666667	44.6788888889,15.9694444444	44.4483333333,16.1433333333	44.1675,16.2744444444	44.1391666667,15.9138888889	44.8927777778,15.3655555556	44.9,15.75
