35
325	355	1504242000	1504299599	5	42.8666666667,17.8333333333	42.8402777778,17.7102777778	42.9052777778,17.5433333333	42.95,17.7	42.8666666667,17.8333333333
325	355	1504242000	1504299599	5	43.8761111111,16.6711111111	43.8238888889,16.7219444444	43.8222222222,16.71	43.8183333333,16.6252777778	43.8761111111,16.6711111111
325	355	1504242000	1504299599	7	44.1391666667,15.9138888889	43.8761111111,16.6711111111	43.8183333333,16.6252777778	43.7933333333,16.0955555556	43.7838888889,15.9841666667	43.95,15.8536111111	44.1391666667,15.9138888889
325	355	1504242000	1504299599	29	43.1802777778,17.4308333333	43.0416666667,17.6616666667	42.95,17.7	42.9052777778,17.5433333333	42.8402777778,17.7102777778	42.8666666667,17.8333333333	42.8561111111,17.8491666667	42.6025,18.2491666667	42.6147222222,18.3063888889	42.54,18.4383333333	42.5,18.45	42.4502777778,18.48	42.4105555556,18.5541666667	42.3902777778,18.5394444444	42.3808333333,18.5230555556	42.3733333333,18.5102777778	41.9186111111,17.7586111111	41.7533333333,17.6163888889	41.8833333333,17.3166666667	41.9283333333,17.2483333333	42.3472222222,16.3538888889	42.3311111111,16.1730555556	42.3797222222,16.095	42.4677777778,16.1236111111	42.5077777778,16.0488888889	42.5816666667,15.9361111111	42.6688888889,16.9366666667	42.68,17.0752777778	43.1802777778,17.4308333333
325	355	1504242000	1504299599	5	43.7583333333,15.7786111111	43.6166666667,15.6425	43.6236111111,15.4186111111	43.7325,15.4091666667	43.7583333333,15.7786111111
325	355	1504242000	1504299599	13	43.5169444444,17.125	43.4958333333,17.1994444444	43.4966666667,17.2155555556	43.4844444444,17.2441666667	43.4527777778,17.2558333333	43.3516666667,17.2772222222	43.3052777778,17.2880555556	43.2402777778,17.3055555556	43.1366666667,17.0736111111	42.7736111111,16.8575	42.6688888889,16.9366666667	42.5816666667,15.9361111111	43.5169444444,17.125
325	355	1504242000	1504299599	11	43.8238888889,16.7219444444	43.8016666667,16.7475	43.7922222222,16.7294444444	43.5813888889,16.2744444444	43.6166666667,15.6425	43.7583333333,15.7786111111	43.7838888889,15.9841666667	43.7933333333,16.0955555556	43.8183333333,16.6252777778	43.8222222222,16.71	43.8238888889,16.7219444444
325	355	1504242000	1504299599	11	43.7366666667,16.8227777778	43.6333333333,16.9466666667	43.5586111111,17.04	43.5169444444,17.125	42.5816666667,15.9361111111	42.6555555556,15.8236111111	42.7038888889,15.7483333333	42.8480555556,15.5247222222	43.1983333333,16.3772222222	43.8016666667,16.7475	43.7366666667,16.8227777778
325	355	1504242000	1504299599	4	43.95,15.8536111111	43.7838888889,15.9841666667	43.7583333333,15.7786111111	43.95,15.8536111111
325	355	1504242000	1504299599	15	42.3733333333,18.5102777778	42.3808333333,18.5230555556	42.3544444444,18.5575	42.3461111111,18.5575	42.3377777778,18.5577777778	42.2188888889,18.5897222222	42.2,18.6	42.0911111111,18.555	42.0141666667,18.5269444444	41.9272222222,18.6636111111	41.8655555556,18.59	41.8841666667,18.48	41.9327777778,18.1944444444	41.9186111111,17.7586111111	42.3733333333,18.5102777778
325	355	1504242000	1504299599	12	43.8086111111,17.5572222222	43.7536111111,17.5377777778	43.4958333333,17.1994444444	43.5169444444,17.125	43.5586111111,17.04	43.6333333333,16.9466666667	43.7366666667,16.8227777778	43.8016666667,16.7475	43.8238888889,16.7219444444	43.8761111111,16.6711111111	43.8547222222,16.9522222222	43.8086111111,17.5572222222
325	355	1504242000	1504299599	5	43.9941666667,15.3769444444	43.7325,15.4091666667	43.6902777778,14.9622222222	43.6969444444,14.4372222222	43.9941666667,15.3769444444
325	355	1504242000	1504299599	8	44.1391666667,15.9138888889	43.95,15.8536111111	43.7583333333,15.7786111111	43.7325,15.4091666667	43.9941666667,15.3769444444	44.1222222222,15.7063888889	44.1411111111,15.7758333333	44.1391666667,15.9138888889
325	355	1504242000	1504299599	16	43.6236111111,15.4186111111	43.6166666667,15.6425	43.5813888889,16.2744444444	43.7922222222,16.7294444444	43.8016666667,16.7475	43.1983333333,16.3772222222	42.8480555556,15.5247222222	42.8855555556,15.4663888889	42.9988888889,15.2905555556	43.1119444444,15.1130555556	43.3116666667,14.7977777778	43.4163888889,14.6341666667	43.5,14.5	43.5641666667,14.4247222222	43.65,14.3288888889	43.6236111111,15.4186111111
325	355	1504242000	1504299599	9	42.8561111111,17.8491666667	42.8933333333,17.9525	42.8022222222,18.1305555556	42.5833333333,18.5530555556	42.5555555556,18.4402777778	42.54,18.4383333333	42.6147222222,18.3063888889	42.6025,18.2491666667	42.8561111111,17.8491666667
325	355	1504242000	1504299599	6	43.0416666667,17.6616666667	42.8933333333,17.9525	42.8561111111,17.8491666667	42.8666666667,17.8333333333	42.95,17.7	43.0416666667,17.6616666667
325	355	1504242000	1504299599	7	43.2402777778,17.3055555556	43.1802777778,17.4308333333	42.68,17.0752777778	42.6688888889,16.9366666667	42.7736111111,16.8575	43.1366666667,17.0736111111	43.2402777778,17.3055555556
325	355	1504242000	1504299599	6	43.7325,15.4091666667	43.6236111111,15.4186111111	43.65,14.3288888889	43.6969444444,14.4372222222	43.6902777778,14.9622222222	43.7325,15.4091666667
205	325	1504242000	1504299599	5	42.8666666667,17.8333333333	42.8402777778,17.7102777778	42.9052777778,17.5433333333	42.95,17.7	42.8666666667,17.8333333333
205	325	1504242000	1504299599	29	43.1802777778,17.4308333333	43.0416666667,17.6616666667	42.95,17.7	42.9052777778,17.5433333333	42.8402777778,17.7102777778	42.8666666667,17.8333333333	42.8561111111,17.8491666667	42.6025,18.2491666667	42.6147222222,18.3063888889	42.54,18.4383333333	42.5,18.45	42.4502777778,18.48	42.4105555556,18.5541666667	42.3902777778,18.5394444444	42.3808333333,18.5230555556	42.3733333333,18.5102777778	41.9186111111,17.7586111111	41.7533333333,17.6163888889	41.8833333333,17.3166666667	41.9283333333,17.2483333333	42.3472222222,16.3538888889	42.3311111111,16.1730555556	42.3797222222,16.095	42.4677777778,16.1236111111	42.5077777778,16.0488888889	42.5816666667,15.9361111111	42.6688888889,16.9366666667	42.68,17.0752777778	43.1802777778,17.4308333333
205	325	1504242000	1504299599	13	43.5169444444,17.125	43.4958333333,17.1994444444	43.4966666667,17.2155555556	43.4844444444,17.2441666667	43.4527777778,17.2558333333	43.3516666667,17.2772222222	43.3052777778,17.2880555556	43.2402777778,17.3055555556	43.1366666667,17.0736111111	42.7736111111,16.8575	42.6688888889,16.9366666667	42.5816666667,15.9361111111	43.5169444444,17.125
205	325	1504242000	1504299599	15	42.3733333333,18.5102777778	42.3808333333,18.5230555556	42.3544444444,18.5575	42.3461111111,18.5575	42.3377777778,18.5577777778	42.2188888889,18.5897222222	42.2,18.6	42.0911111111,18.555	42.0141666667,18.5269444444	41.9272222222,18.6636111111	41.8655555556,18.59	41.8841666667,18.48	41.9327777778,18.1944444444	41.9186111111,17.7586111111	42.3733333333,18.5102777778
205	325	1504242000	1504299599	11	43.7366666667,16.8227777778	43.6333333333,16.9466666667	43.5586111111,17.04	43.5169444444,17.125	42.5816666667,15.9361111111	42.6555555556,15.8236111111	42.7038888889,15.7483333333	42.8480555556,15.5247222222	43.1983333333,16.3772222222	43.8016666667,16.7475	43.7366666667,16.8227777778
205	325	1504242000	1504299599	16	43.6236111111,15.4186111111	43.6166666667,15.6425	43.5813888889,16.2744444444	43.7922222222,16.7294444444	43.8016666667,16.7475	43.1983333333,16.3772222222	42.8480555556,15.5247222222	42.8855555556,15.4663888889	42.9988888889,15.2905555556	43.1119444444,15.1130555556	43.3116666667,14.7977777778	43.4163888889,14.6341666667	43.5,14.5	43.5641666667,14.4247222222	43.65,14.3288888889	43.6236111111,15.4186111111
205	325	1504242000	1504299599	9	42.8561111111,17.8491666667	42.8933333333,17.9525	42.8022222222,18.1305555556	42.5833333333,18.5530555556	42.5555555556,18.4402777778	42.54,18.4383333333	42.6147222222,18.3063888889	42.6025,18.2491666667	42.8561111111,17.8491666667
205	325	1504242000	1504299599	6	43.0416666667,17.6616666667	42.8933333333,17.9525	42.8561111111,17.8491666667	42.8666666667,17.8333333333	42.95,17.7	43.0416666667,17.6616666667
205	325	1504242000	1504299599	7	43.2402777778,17.3055555556	43.1802777778,17.4308333333	42.68,17.0752777778	42.6688888889,16.9366666667	42.7736111111,16.8575	43.1366666667,17.0736111111	43.2402777778,17.3055555556
285	325	1504242000	1504299599	5	43.8761111111,16.6711111111	43.8238888889,16.7219444444	43.8222222222,16.71	43.8183333333,16.6252777778	43.8761111111,16.6711111111
285	325	1504242000	1504299599	7	44.1391666667,15.9138888889	43.8761111111,16.6711111111	43.8183333333,16.6252777778	43.7933333333,16.0955555556	43.7838888889,15.9841666667	43.95,15.8536111111	44.1391666667,15.9138888889
285	325	1504242000	1504299599	5	43.7583333333,15.7786111111	43.6166666667,15.6425	43.6236111111,15.4186111111	43.7325,15.4091666667	43.7583333333,15.7786111111
285	325	1504242000	1504299599	11	43.8238888889,16.7219444444	43.8016666667,16.7475	43.7922222222,16.7294444444	43.5813888889,16.2744444444	43.6166666667,15.6425	43.7583333333,15.7786111111	43.7838888889,15.9841666667	43.7933333333,16.0955555556	43.8183333333,16.6252777778	43.8222222222,16.71	43.8238888889,16.7219444444
285	325	1504242000	1504299599	4	43.95,15.8536111111	43.7838888889,15.9841666667	43.7583333333,15.7786111111	43.95,15.8536111111
285	325	1504242000	1504299599	5	43.9941666667,15.3769444444	43.7325,15.4091666667	43.6902777778,14.9622222222	43.6969444444,14.4372222222	43.9941666667,15.3769444444
285	325	1504242000	1504299599	8	44.1391666667,15.9138888889	43.95,15.8536111111	43.7583333333,15.7786111111	43.7325,15.4091666667	43.9941666667,15.3769444444	44.1222222222,15.7063888889	44.1411111111,15.7758333333	44.1391666667,15.9138888889
285	325	1504242000	1504299599	6	43.7325,15.4091666667	43.6236111111,15.4186111111	43.65,14.3288888889	43.6969444444,14.4372222222	43.6902777778,14.9622222222	43.7325,15.4091666667
