18
0	305	1504224000	1504238399	20	42.1,-0.2916666667	42.7,-0.0666666667	42.7322222222,0.1511111111	42.7,0.3666666667	42.7,0.4166666667	42.6930555556,0.5583333333	42.85,0.7333333333	42.0716666667,0.5358333333	41.9208333333,0.3172222222	41.8938888889,0.2783333333	41.8163888889,0.3227777778	41.6777777778,0.4125	41.605,0.4783333333	41.3163888889,0.5594444444	41.2533333333,0.5769444444	41.2333333333,0.0333333333	41.535,0.1136111111	41.6119444444,0.1341666667	41.9166666667,0.2166666667	42.1,-0.2916666667
0	305	1504224000	1504238399	17	41.1166666667,-0.6166666667	41.2333333333,0.0333333333	41.2533333333,0.5769444444	40.7419444444,0.7194444444	40.5486111111,1.3280555556	40.3733333333,1.0758333333	40.2097222222,0.8422222222	39.7338888889,0.1727777778	39.7725,0.1477777778	40.2313888889,0.6986111111	40.5777777778,0.6986111111	40.5777777778,-0.4138888889	40.2333333333,-0.4138888889	40.2319444444,-0.5894444444	40.2308333333,-0.9255555556	40.7041666667,-0.7722222222	41.1166666667,-0.6166666667
0	305	1504224000	1504238399	11	42.3747222222,3.3755555556	42.3333333333,3.5	42.2602777778,3.8286111111	42.2169444444,3.9222222222	42.2091666667,4.0002777778	42.1972222222,4.0375	42.0333333333,3.635	41.8336111111,3.3847222222	41.9425,3.3891666667	42.0255555556,3.3941666667	42.3747222222,3.3755555556
0	305	1504224000	1504238399	6	42.0255555556,3.3941666667	42.4333333333,3.1666666667	42.4327777778,3.1763888889	42.4311111111,3.2008333333	42.3747222222,3.3755555556	42.0255555556,3.3941666667
195	255	1504224000	1504238399	4	41.9425,3.3891666667	41.8336111111,3.3847222222	41.7966666667,3.0063888889	41.9425,3.3891666667
195	255	1504224000	1504238399	12	42.1,2.9158333333	42.4658333333,2.9075	42.4802777778,2.9830555556	42.4322222222,3.1283333333	42.4333333333,3.1666666667	42.0255555556,3.3941666667	41.9425,3.3891666667	41.7966666667,3.0063888889	41.9238888889,2.8441666667	41.9577777778,2.5063888889	42.0733333333,2.5230555556	42.1,2.9158333333
0	255	1504224000	1504238399	9	42.0247222222,1.8088888889	41.9577777778,2.5063888889	41.9519444444,2.5055555556	41.9266666667,2.5041666667	41.865,2.5191666667	41.8480555556,2.5283333333	41.7558333333,1.8563888889	41.9702777778,1.8183333333	42.0247222222,1.8088888889
0	255	1504224000	1504238399	11	42.5044444444,1.7280555556	42.3669444444,2.0083333333	42.3816666667,2.1002777778	42.3825,2.1047222222	42.3833333333,2.1666666667	42.4333333333,2.2163888889	42.4,2.5333333333	42.0733333333,2.5230555556	41.9577777778,2.5063888889	42.0247222222,1.8088888889	42.5044444444,1.7280555556
65	305	1504224000	1504238399	15	42.0986111111,4.3333333333	42.0797222222,4.415	42.0688888889,4.4347222222	41.7775,4.075	41.0172222222,4.07	41.0336111111,3.9030555556	41.0883333333,3.3197222222	41.1125,3.3405555556	41.4472222222,3.36	41.6816666667,3.3738888889	41.8336111111,3.3847222222	42.0333333333,3.635	42.1972222222,4.0375	42.1722222222,4.1155555556	42.0986111111,4.3333333333
245	305	1504224000	1504238399	8	42.1,-0.2916666667	41.9166666667,0.2166666667	41.6119444444,0.1341666667	41.535,0.1136111111	41.2333333333,0.0333333333	41.1166666667,-0.6166666667	41.7833333333,-0.3916666667	42.1,-0.2916666667
245	305	1504224000	1504238399	11	40.5777777778,-0.4138888889	40.5777777778,0.6986111111	40.2313888889,0.6986111111	39.7725,0.1477777778	39.8227777778,0.1694444444	39.9958333333,0.2363888889	40.2302777778,0.3458333333	40.2316666667,-0.0247222222	40.2308333333,-0.3311111111	40.2333333333,-0.4138888889	40.5777777778,-0.4138888889
195	305	1504224000	1504238399	20	41.6816666667,3.3738888889	41.4472222222,3.36	41.1125,3.3405555556	41.0883333333,3.3197222222	41.1183333333,2.9861111111	41.1222222222,2.9425	41.2055555556,1.9502777778	41.2836111111,1.9372222222	41.5633333333,1.8905555556	41.6066666667,1.8827777778	41.7558333333,1.8563888889	41.8480555556,2.5283333333	41.865,2.5191666667	41.9266666667,2.5041666667	41.9519444444,2.5055555556	41.9577777778,2.5063888889	41.9238888889,2.8441666667	41.7966666667,3.0063888889	41.8336111111,3.3847222222	41.6816666667,3.3738888889
195	305	1504224000	1504238399	10	41.2533333333,0.5769444444	41.2202777778,1.1641666667	41.2444444444,1.4605555556	41.2836111111,1.9372222222	41.2055555556,1.9502777778	40.9988888889,1.9858333333	40.7477777778,1.6172222222	40.5486111111,1.3280555556	40.7419444444,0.7194444444	41.2533333333,0.5769444444
195	305	1504224000	1504238399	28	42.85,0.7333333333	42.8452777778,0.75	42.8158333333,0.8619444444	42.7747222222,0.9972222222	42.7752777778,1.1138888889	42.7244444444,1.2294444444	42.6944444444,1.375	42.6161111111,1.4836111111	42.6172222222,1.6458333333	42.6175,1.6783333333	42.5044444444,1.7280555556	42.0247222222,1.8088888889	41.9702777778,1.8183333333	41.7558333333,1.8563888889	41.6066666667,1.8827777778	41.5633333333,1.8905555556	41.2836111111,1.9372222222	41.2444444444,1.4605555556	41.2202777778,1.1641666667	41.2533333333,0.5769444444	41.3163888889,0.5594444444	41.605,0.4783333333	41.6777777778,0.4125	41.8163888889,0.3227777778	41.8938888889,0.2783333333	41.9208333333,0.3172222222	42.0716666667,0.5358333333	42.85,0.7333333333
65	255	1504224000	1504238399	7	42.4,2.5333333333	42.4166666667,2.6916666667	42.4513888889,2.8322222222	42.4658333333,2.9075	42.1,2.9158333333	42.0733333333,2.5230555556	42.4,2.5333333333
255	305	1504224000	1504238399	21	42.3669444444,2.0083333333	42.3816666667,2.1002777778	42.3825,2.1047222222	42.3833333333,2.1666666667	42.4333333333,2.2163888889	42.4,2.5333333333	42.4166666667,2.6916666667	42.4513888889,2.8322222222	42.4658333333,2.9075	42.1,2.9158333333	42.0733333333,2.5230555556	41.9577777778,2.5063888889	41.9519444444,2.5055555556	41.9266666667,2.5041666667	41.865,2.5191666667	41.8480555556,2.5283333333	41.7558333333,1.8563888889	41.9702777778,1.8183333333	42.0247222222,1.8088888889	42.5044444444,1.7280555556	42.3669444444,2.0083333333
255	305	1504224000	1504238399	12	42.1,2.9158333333	42.4658333333,2.9075	42.4802777778,2.9830555556	42.4322222222,3.1283333333	42.4333333333,3.1666666667	42.0255555556,3.3941666667	41.9425,3.3891666667	41.7966666667,3.0063888889	41.9238888889,2.8441666667	41.9577777778,2.5063888889	42.0733333333,2.5230555556	42.1,2.9158333333
255	305	1504224000	1504238399	4	41.9425,3.3891666667	41.8336111111,3.3847222222	41.7966666667,3.0063888889	41.9425,3.3891666667
