9
65	305	1504299600	1504301399	15	42.0986111111,4.3333333333	42.0797222222,4.415	42.0688888889,4.4347222222	41.7775,4.075	41.0172222222,4.07	41.0336111111,3.9030555556	41.0883333333,3.3197222222	41.1125,3.3405555556	41.4472222222,3.36	41.6816666667,3.3738888889	41.8336111111,3.3847222222	42.0333333333,3.635	42.1972222222,4.0375	42.1722222222,4.1155555556	42.0986111111,4.3333333333
255	305	1504299600	1504301399	21	42.3669444444,2.0083333333	42.3816666667,2.1002777778	42.3825,2.1047222222	42.3833333333,2.1666666667	42.4333333333,2.2163888889	42.4,2.5333333333	42.4166666667,2.6916666667	42.4513888889,2.8322222222	42.4658333333,2.9075	42.1,2.9158333333	42.0733333333,2.5230555556	41.9577777778,2.5063888889	41.9519444444,2.5055555556	41.9266666667,2.5041666667	41.865,2.5191666667	41.8480555556,2.5283333333	41.7558333333,1.8563888889	41.9702777778,1.8183333333	42.0247222222,1.8088888889	42.5044444444,1.7280555556	42.3669444444,2.0083333333
255	305	1504299600	1504301399	12	42.1,2.9158333333	42.4658333333,2.9075	42.4802777778,2.9830555556	42.4322222222,3.1283333333	42.4333333333,3.1666666667	42.0255555556,3.3941666667	41.9425,3.3891666667	41.7966666667,3.0063888889	41.9238888889,2.8441666667	41.9577777778,2.5063888889	42.0733333333,2.5230555556	42.1,2.9158333333
255	305	1504299600	1504301399	4	41.9425,3.3891666667	41.8336111111,3.3847222222	41.7966666667,3.0063888889	41.9425,3.3891666667
0	305	1504299600	1504301399	11	42.3747222222,3.3755555556	42.3333333333,3.5	42.2602777778,3.8286111111	42.2169444444,3.9222222222	42.2091666667,4.0002777778	42.1972222222,4.0375	42.0333333333,3.635	41.8336111111,3.3847222222	41.9425,3.3891666667	42.0255555556,3.3941666667	42.3747222222,3.3755555556
0	305	1504299600	1504301399	6	42.0255555556,3.3941666667	42.4333333333,3.1666666667	42.4327777778,3.1763888889	42.4311111111,3.2008333333	42.3747222222,3.3755555556	42.0255555556,3.3941666667
195	255	1504299600	1504301399	4	41.9425,3.3891666667	41.8336111111,3.3847222222	41.7966666667,3.0063888889	41.9425,3.3891666667
195	255	1504299600	1504301399	12	42.1,2.9158333333	42.4658333333,2.9075	42.4802777778,2.9830555556	42.4322222222,3.1283333333	42.4333333333,3.1666666667	42.0255555556,3.3941666667	41.9425,3.3891666667	41.7966666667,3.0063888889	41.9238888889,2.8441666667	41.9577777778,2.5063888889	42.0733333333,2.5230555556	42.1,2.9158333333
195	305	1504299600	1504301399	20	41.6816666667,3.3738888889	41.4472222222,3.36	41.1125,3.3405555556	41.0883333333,3.3197222222	41.1183333333,2.9861111111	41.1222222222,2.9425	41.2055555556,1.9502777778	41.2836111111,1.9372222222	41.5633333333,1.8905555556	41.6066666667,1.8827777778	41.7558333333,1.8563888889	41.8480555556,2.5283333333	41.865,2.5191666667	41.9266666667,2.5041666667	41.9519444444,2.5055555556	41.9577777778,2.5063888889	41.9238888889,2.8441666667	41.7966666667,3.0063888889	41.8336111111,3.3847222222	41.6816666667,3.3738888889
