16
305	325	1504308600	1504310399	12	40.7052777778,0.1583333333	40.7047222222,0.2555555556	40.7036111111,0.5372222222	40.3733333333,1.0758333333	40.2097222222,0.8422222222	39.7338888889,0.1727777778	39.7725,0.1477777778	39.8227777778,0.1694444444	39.9958333333,0.2363888889	40.2302777778,0.3458333333	40.2316666667,-0.0247222222	40.7052777778,0.1583333333
305	999	1504308600	1504310399	21	42.85,0.7333333333	42.2561111111,0.7775	42.0316666667,0.7138888889	41.5669444444,0.5841666667	40.7047222222,0.2555555556	40.7052777778,0.1583333333	40.2316666667,-0.0247222222	40.2308333333,-0.3311111111	40.2333333333,-0.4138888889	40.2319444444,-0.5894444444	40.2308333333,-0.9255555556	40.7041666667,-0.7722222222	41.1166666667,-0.6166666667	41.7833333333,-0.3916666667	42.1,-0.2916666667	42.7,-0.0666666667	42.7322222222,0.1511111111	42.7,0.3666666667	42.7,0.4166666667	42.6930555556,0.5583333333	42.85,0.7333333333
305	999	1504308600	1504310399	5	39.15,-1.25	39.0244444444,-1.2630555556	39.0052777778,-1.2952777778	39.0,-1.3944444444	39.15,-1.25
325	999	1504308600	1504310399	14	39.6452777778,0.6297222222	39.705,1.4069444444	39.7244444444,1.9675	39.2213888889,1.7158333333	39.2019444444,1.3838888889	38.985,0.675	38.9252777778,0.4833333333	38.9419444444,0.4833333333	39.0641666667,0.4833333333	39.1361111111,0.4833333333	39.1666666667,0.4833333333	39.2088888889,0.4833333333	39.25,0.4833333333	39.6452777778,0.6297222222
325	999	1504308600	1504310399	30	40.7052777778,0.1583333333	40.7047222222,0.2555555556	40.7036111111,0.5372222222	40.3733333333,1.0758333333	40.2097222222,0.8422222222	39.6452777778,0.6297222222	39.25,0.4833333333	39.2088888889,0.4833333333	39.1666666667,0.4833333333	39.1361111111,0.4833333333	39.0641666667,0.4833333333	38.9419444444,0.4833333333	38.9252777778,0.4833333333	38.4275,-1.0661111111	38.4658333333,-1.0975	38.6769444444,-1.2380555556	38.7133333333,-1.3597222222	38.8333333333,-1.3333333333	39.0052777778,-1.2952777778	39.0244444444,-1.2630555556	39.15,-1.25	39.9116666667,-1.0405555556	40.0,-1.0	40.0880555556,-0.9713888889	40.2308333333,-0.9255555556	40.2319444444,-0.5894444444	40.2333333333,-0.4138888889	40.2308333333,-0.3311111111	40.2316666667,-0.0247222222	40.7052777778,0.1583333333
0	999	1504308600	1504310399	25	38.6086111111,1.8844444444	37.7166666667,2.125	37.4416666667,1.5	37.2747222222,1.1238888889	36.9166666667,0.1	36.8711111111,-0.0236111111	36.4536111111,-1.0236111111	36.6377777778,-1.4988888889	36.8833333333,-1.6463888889	37.0,-1.5833333333	37.0944444444,-1.4875	37.2094444444,-1.1988888889	37.3280555556,-0.6616666667	37.3541666667,-0.5758333333	37.3905555556,-0.4888888889	37.44,-0.4122222222	37.4880555556,-0.3538888889	38.0,0.16	38.1741666667,0.2716666667	38.1758333333,0.2727777778	38.41,0.4261111111	38.6083333333,1.0547222222	38.6083333333,1.1180555556	38.4333333333,1.4666666667	38.6086111111,1.8844444444
345	365	1504308600	1504310399	34	42.5044444444,1.7280555556	42.0247222222,1.8088888889	41.9702777778,1.8183333333	41.7558333333,1.8563888889	41.6066666667,1.8827777778	41.5633333333,1.8905555556	41.2836111111,1.9372222222	41.2055555556,1.9502777778	40.9988888889,1.9858333333	40.6530555556,2.0444444444	40.6005555556,2.0536111111	40.2961111111,2.1088888889	40.0144444444,2.2636111111	39.7244444444,1.9675	39.705,1.4069444444	39.6452777778,0.6297222222	40.2097222222,0.8422222222	40.3733333333,1.0758333333	40.7036111111,0.5372222222	40.7047222222,0.2555555556	41.5669444444,0.5841666667	42.0316666667,0.7138888889	42.2561111111,0.7775	42.85,0.7333333333	42.8452777778,0.75	42.8158333333,0.8619444444	42.7747222222,0.9972222222	42.7752777778,1.1138888889	42.7244444444,1.2294444444	42.6944444444,1.375	42.6161111111,1.4836111111	42.6172222222,1.6458333333	42.6175,1.6783333333	42.5044444444,1.7280555556
365	999	1504308600	1504310399	34	42.5044444444,1.7280555556	42.0247222222,1.8088888889	41.9702777778,1.8183333333	41.7558333333,1.8563888889	41.6066666667,1.8827777778	41.5633333333,1.8905555556	41.2836111111,1.9372222222	41.2055555556,1.9502777778	40.9988888889,1.9858333333	40.6530555556,2.0444444444	40.6005555556,2.0536111111	40.2961111111,2.1088888889	40.0144444444,2.2636111111	39.7244444444,1.9675	39.705,1.4069444444	39.6452777778,0.6297222222	40.2097222222,0.8422222222	40.3733333333,1.0758333333	40.7036111111,0.5372222222	40.7047222222,0.2555555556	41.5669444444,0.5841666667	42.0316666667,0.7138888889	42.2561111111,0.7775	42.85,0.7333333333	42.8452777778,0.75	42.8158333333,0.8619444444	42.7747222222,0.9972222222	42.7752777778,1.1138888889	42.7244444444,1.2294444444	42.6944444444,1.375	42.6161111111,1.4836111111	42.6172222222,1.6458333333	42.6175,1.6783333333	42.5044444444,1.7280555556
305	345	1504308600	1504310399	16	41.7558333333,1.8563888889	41.6066666667,1.8827777778	41.5633333333,1.8905555556	41.2836111111,1.9372222222	41.2055555556,1.9502777778	40.9988888889,1.9858333333	40.7477777778,1.6172222222	40.5486111111,1.3280555556	40.3733333333,1.0758333333	40.7036111111,0.5372222222	40.7047222222,0.2555555556	41.5669444444,0.5841666667	42.0316666667,0.7138888889	41.8705555556,1.1325	41.9702777778,1.8183333333	41.7558333333,1.8563888889
305	345	1504308600	1504310399	17	42.5044444444,1.7280555556	42.0247222222,1.8088888889	41.9702777778,1.8183333333	41.8705555556,1.1325	42.0316666667,0.7138888889	42.2561111111,0.7775	42.85,0.7333333333	42.8452777778,0.75	42.8158333333,0.8619444444	42.7747222222,0.9972222222	42.7752777778,1.1138888889	42.7244444444,1.2294444444	42.6944444444,1.375	42.6161111111,1.4836111111	42.6172222222,1.6458333333	42.6175,1.6783333333	42.5044444444,1.7280555556
245	345	1504308600	1504310399	13	40.3733333333,1.0758333333	40.5486111111,1.3280555556	40.7477777778,1.6172222222	40.9988888889,1.9858333333	40.6530555556,2.0444444444	40.6005555556,2.0536111111	40.2961111111,2.1088888889	40.0144444444,2.2636111111	39.7244444444,1.9675	39.705,1.4069444444	39.6452777778,0.6297222222	40.2097222222,0.8422222222	40.3733333333,1.0758333333
245	305	1504308600	1504310399	5	39.15,-1.25	39.0244444444,-1.2630555556	39.0052777778,-1.2952777778	39.0,-1.3944444444	39.15,-1.25
245	999	1504308600	1504310399	32	38.2722222222,-1.4566666667	38.7133333333,-1.3597222222	38.6769444444,-1.2380555556	38.4658333333,-1.0975	38.4275,-1.0661111111	38.9252777778,0.4833333333	38.985,0.675	39.2019444444,1.3838888889	39.2213888889,1.7158333333	38.6086111111,1.8844444444	38.4333333333,1.4666666667	38.6083333333,1.1180555556	38.6083333333,1.0547222222	38.41,0.4261111111	38.1758333333,0.2727777778	38.1741666667,0.2716666667	38.0,0.16	37.4880555556,-0.3538888889	37.44,-0.4122222222	37.3905555556,-0.4888888889	37.3541666667,-0.5758333333	37.3280555556,-0.6616666667	37.2094444444,-1.1988888889	37.0944444444,-1.4875	37.0,-1.5833333333	36.8833333333,-1.6463888889	36.9769444444,-1.7027777778	37.0633333333,-1.7508333333	37.09,-1.7722222222	37.8827777778,-1.5647222222	37.9075,-1.5575	38.2722222222,-1.4566666667
245	325	1504308600	1504310399	4	38.8333333333,-1.3333333333	38.6769444444,-1.2380555556	38.7133333333,-1.3597222222	38.8333333333,-1.3333333333
245	325	1504308600	1504310399	14	39.6452777778,0.6297222222	39.705,1.4069444444	39.7244444444,1.9675	39.2213888889,1.7158333333	39.2019444444,1.3838888889	38.985,0.675	38.9252777778,0.4833333333	38.9419444444,0.4833333333	39.0641666667,0.4833333333	39.1361111111,0.4833333333	39.1666666667,0.4833333333	39.2088888889,0.4833333333	39.25,0.4833333333	39.6452777778,0.6297222222
245	325	1504308600	1504310399	30	40.2316666667,-0.0247222222	40.2302777778,0.3458333333	39.9958333333,0.2363888889	39.8227777778,0.1694444444	39.7725,0.1477777778	39.7338888889,0.1727777778	40.2097222222,0.8422222222	39.6452777778,0.6297222222	39.25,0.4833333333	39.2088888889,0.4833333333	39.1666666667,0.4833333333	39.1361111111,0.4833333333	39.0641666667,0.4833333333	38.9419444444,0.4833333333	38.9252777778,0.4833333333	38.4275,-1.0661111111	38.4658333333,-1.0975	38.6769444444,-1.2380555556	38.8333333333,-1.3333333333	39.0052777778,-1.2952777778	39.0244444444,-1.2630555556	39.15,-1.25	39.9116666667,-1.0405555556	40.0,-1.0	40.0880555556,-0.9713888889	40.2308333333,-0.9255555556	40.2319444444,-0.5894444444	40.2333333333,-0.4138888889	40.2308333333,-0.3311111111	40.2316666667,-0.0247222222
