15
195	335	1504303200	1504306799	13	40.8677777778,2.9288888889	40.6702777778,2.9180555556	40.5,2.9144444444	40.5,2.7025	40.5,2.5327777778	40.5,2.3927777778	40.5,2.3583333333	40.4522222222,2.2936111111	40.4155555556,2.2558333333	40.2961111111,2.1088888889	40.6005555556,2.0536111111	40.6530555556,2.0444444444	40.8677777778,2.9288888889
245	335	1504303200	1504306799	13	40.4522222222,2.2936111111	40.5,2.3583333333	40.5,2.3927777778	40.5,2.5327777778	40.5,2.7025	40.5,2.9144444444	40.4222222222,2.905	40.1808333333,2.5238888889	40.075,2.3583333333	40.0144444444,2.2636111111	40.2961111111,2.1088888889	40.4155555556,2.2558333333	40.4522222222,2.2936111111
245	335	1504303200	1504306799	6	41.2055555556,1.9502777778	41.1222222222,2.9425	40.8677777778,2.9288888889	40.6530555556,2.0444444444	40.9988888889,1.9858333333	41.2055555556,1.9502777778
195	355	1504303200	1504306799	12	40.9872222222,3.4366666667	40.6558333333,3.8172222222	40.5,3.7833333333	40.5,3.5691666667	40.5,3.1408333333	40.5,3.0255555556	40.5,2.9144444444	40.6702777778,2.9180555556	40.8677777778,2.9288888889	40.8747222222,2.9575	40.9275,3.1808333333	40.9872222222,3.4366666667
305	999	1504303200	1504306799	20	42.3833333333,2.1666666667	42.4333333333,2.2163888889	42.4,2.5333333333	42.4166666667,2.6916666667	42.4513888889,2.8322222222	42.4658333333,2.9075	42.4802777778,2.9830555556	42.4322222222,3.1283333333	42.4333333333,3.1666666667	42.4327777778,3.1763888889	42.4311111111,3.2008333333	42.3747222222,3.3755555556	42.3333333333,3.5	42.2602777778,3.8286111111	42.2169444444,3.9222222222	42.2091666667,4.0002777778	41.7986111111,3.7425	41.4883333333,2.9627777778	41.8225,2.6522222222	42.3833333333,2.1666666667
305	999	1504303200	1504306799	12	42.3669444444,2.0083333333	42.3816666667,2.1002777778	42.3825,2.1047222222	42.3833333333,2.1666666667	41.8225,2.6522222222	41.6041666667,2.0833333333	41.6066666667,1.8827777778	41.7558333333,1.8563888889	41.9702777778,1.8183333333	42.0247222222,1.8088888889	42.5044444444,1.7280555556	42.3669444444,2.0083333333
245	355	1504303200	1504306799	10	41.1183333333,2.9861111111	41.0883333333,3.3197222222	41.0336111111,3.9030555556	40.6558333333,3.8172222222	40.9872222222,3.4366666667	40.9275,3.1808333333	40.8747222222,2.9575	40.8677777778,2.9288888889	41.1222222222,2.9425	41.1183333333,2.9861111111
245	355	1504303200	1504306799	8	40.5,2.9144444444	40.5,3.0255555556	40.5,3.1408333333	40.5,3.5691666667	40.5,3.7833333333	40.1838888889,3.7116666667	40.4222222222,2.905	40.5,2.9144444444
305	355	1504303200	1504306799	14	42.0688888889,4.4347222222	41.7775,4.075	41.0336111111,3.9030555556	41.0883333333,3.3197222222	41.1183333333,2.9861111111	41.1222222222,2.9425	41.4883333333,2.9627777778	41.7986111111,3.7425	42.2091666667,4.0002777778	42.1972222222,4.0375	42.1722222222,4.1155555556	42.0986111111,4.3333333333	42.0797222222,4.415	42.0688888889,4.4347222222
335	999	1504303200	1504306799	13	40.4522222222,2.2936111111	40.5,2.3583333333	40.5,2.3927777778	40.5,2.5327777778	40.5,2.7025	40.5,2.9144444444	40.4222222222,2.905	40.1808333333,2.5238888889	40.075,2.3583333333	40.0144444444,2.2636111111	40.2961111111,2.1088888889	40.4155555556,2.2558333333	40.4522222222,2.2936111111
335	999	1504303200	1504306799	6	41.2055555556,1.9502777778	41.1222222222,2.9425	40.8677777778,2.9288888889	40.6530555556,2.0444444444	40.9988888889,1.9858333333	41.2055555556,1.9502777778
335	999	1504303200	1504306799	13	40.8677777778,2.9288888889	40.6702777778,2.9180555556	40.5,2.9144444444	40.5,2.7025	40.5,2.5327777778	40.5,2.3927777778	40.5,2.3583333333	40.4522222222,2.2936111111	40.4155555556,2.2558333333	40.2961111111,2.1088888889	40.6005555556,2.0536111111	40.6530555556,2.0444444444	40.8677777778,2.9288888889
335	999	1504303200	1504306799	9	41.8225,2.6522222222	41.4883333333,2.9627777778	41.1222222222,2.9425	41.2055555556,1.9502777778	41.2836111111,1.9372222222	41.5633333333,1.8905555556	41.6066666667,1.8827777778	41.6041666667,2.0833333333	41.8225,2.6522222222
355	999	1504303200	1504306799	19	42.0688888889,4.4347222222	41.7775,4.075	41.0336111111,3.9030555556	40.6558333333,3.8172222222	40.5,3.7833333333	40.1838888889,3.7116666667	40.4222222222,2.905	40.5,2.9144444444	40.6702777778,2.9180555556	40.8677777778,2.9288888889	41.1222222222,2.9425	41.4883333333,2.9627777778	41.7986111111,3.7425	42.2091666667,4.0002777778	42.1972222222,4.0375	42.1722222222,4.1155555556	42.0986111111,4.3333333333	42.0797222222,4.415	42.0688888889,4.4347222222
305	335	1504303200	1504306799	9	41.8225,2.6522222222	41.4883333333,2.9627777778	41.1222222222,2.9425	41.2055555556,1.9502777778	41.2836111111,1.9372222222	41.5633333333,1.8905555556	41.6066666667,1.8827777778	41.6041666667,2.0833333333	41.8225,2.6522222222
