10
305	325	1504240200	1504243799	4	41.7775,4.075	41.0172222222,4.07	41.0336111111,3.9030555556	41.7775,4.075
325	999	1504240200	1504243799	10	40.1802777778,4.6666666667	40.0647222222,4.6666666667	40.0311111111,4.6666666667	39.9566666667,4.6666666667	39.7166666667,4.6666666667	39.7,4.65	39.28,3.55	39.8,3.6266666667	39.9472222222,4.1116666667	40.1802777778,4.6666666667
325	999	1504240200	1504243799	19	42.0,4.6666666667	41.7333333333,4.6666666667	41.4166666667,4.6666666667	41.0575,4.6666666667	40.8569444444,4.6666666667	40.5522222222,4.6666666667	40.5,4.6666666667	40.3911111111,4.6666666667	40.2822222222,4.6666666667	40.1802777778,4.6666666667	39.9472222222,4.1116666667	39.8,3.6266666667	40.1838888889,3.7116666667	40.5,3.7833333333	40.6558333333,3.8172222222	41.0336111111,3.9030555556	41.7775,4.075	42.0688888889,4.4347222222	42.0,4.6666666667
0	999	1504240200	1504243799	9	39.7,4.65	39.7166666667,4.6666666667	39.5855555556,4.6666666667	39.0,4.685	38.4802777778,3.9497222222	38.3333333333,3.75	38.2605555556,3.55	39.28,3.55	39.7,4.65
0	999	1504240200	1504243799	15	38.7511111111,2.2280555556	39.0247222222,2.8997222222	39.1177777778,3.1313888889	39.1841666667,3.2980555556	39.28,3.55	38.2605555556,3.55	38.2133333333,3.4219444444	38.1319444444,3.2019444444	38.1130555556,3.1513888889	37.9025,2.5894444444	37.8036111111,2.3288888889	37.7166666667,2.125	38.6086111111,1.8844444444	38.7333333333,2.1855555556	38.7511111111,2.2280555556
0	325	1504240200	1504243799	14	42.0,4.6666666667	41.7333333333,4.6666666667	41.4166666667,4.6666666667	41.0575,4.6666666667	40.8569444444,4.6666666667	40.5522222222,4.6666666667	40.5,4.6666666667	40.5,4.3666666667	40.5,3.9919444444	40.5719444444,4.0686111111	41.0172222222,4.07	41.7775,4.075	42.0688888889,4.4347222222	42.0,4.6666666667
245	325	1504240200	1504243799	6	41.0336111111,3.9030555556	41.0172222222,4.07	40.5719444444,4.0686111111	40.5,3.9919444444	40.6558333333,3.8172222222	41.0336111111,3.9030555556
245	325	1504240200	1504243799	16	40.5,3.9919444444	40.5,4.3666666667	40.5,4.6666666667	40.3911111111,4.6666666667	40.2822222222,4.6666666667	40.1802777778,4.6666666667	40.0647222222,4.6666666667	40.0311111111,4.6666666667	39.9566666667,4.6666666667	39.7166666667,4.6666666667	39.7,4.65	39.28,3.55	39.8,3.6266666667	40.1838888889,3.7116666667	40.5,3.7833333333	40.5,3.9919444444
245	999	1504240200	1504243799	16	40.1838888889,3.7116666667	39.8,3.6266666667	39.28,3.55	39.1841666667,3.2980555556	39.1177777778,3.1313888889	39.0247222222,2.8997222222	38.7511111111,2.2280555556	38.7333333333,2.1855555556	38.6086111111,1.8844444444	39.2213888889,1.7158333333	39.7244444444,1.9675	40.0144444444,2.2636111111	40.075,2.3583333333	40.1808333333,2.5238888889	40.4222222222,2.905	40.1838888889,3.7116666667
195	325	1504240200	1504243799	4	40.6558333333,3.8172222222	40.5,3.9919444444	40.5,3.7833333333	40.6558333333,3.8172222222
