9
195	355	1504297800	1504301399	12	40.9872222222,3.4366666667	40.6558333333,3.8172222222	40.5,3.7833333333	40.5,3.5691666667	40.5,3.1408333333	40.5,3.0255555556	40.5,2.9144444444	40.6702777778,2.9180555556	40.8677777778,2.9288888889	40.8747222222,2.9575	40.9275,3.1808333333	40.9872222222,3.4366666667
325	999	1504297800	1504301399	10	40.1802777778,4.6666666667	40.0647222222,4.6666666667	40.0311111111,4.6666666667	39.9566666667,4.6666666667	39.7166666667,4.6666666667	39.7,4.65	39.28,3.55	39.8,3.6266666667	39.9472222222,4.1116666667	40.1802777778,4.6666666667
0	999	1504297800	1504301399	9	39.7,4.65	39.7166666667,4.6666666667	39.5855555556,4.6666666667	39.0,4.685	38.4802777778,3.9497222222	38.3333333333,3.75	38.2605555556,3.55	39.28,3.55	39.7,4.65
0	999	1504297800	1504301399	15	38.7511111111,2.2280555556	39.0247222222,2.8997222222	39.1177777778,3.1313888889	39.1841666667,3.2980555556	39.28,3.55	38.2605555556,3.55	38.2133333333,3.4219444444	38.1319444444,3.2019444444	38.1130555556,3.1513888889	37.9025,2.5894444444	37.8036111111,2.3288888889	37.7166666667,2.125	38.6086111111,1.8844444444	38.7333333333,2.1855555556	38.7511111111,2.2280555556
245	355	1504297800	1504301399	10	41.1183333333,2.9861111111	41.0883333333,3.3197222222	41.0336111111,3.9030555556	40.6558333333,3.8172222222	40.9872222222,3.4366666667	40.9275,3.1808333333	40.8747222222,2.9575	40.8677777778,2.9288888889	41.1222222222,2.9425	41.1183333333,2.9861111111
245	355	1504297800	1504301399	8	40.5,2.9144444444	40.5,3.0255555556	40.5,3.1408333333	40.5,3.5691666667	40.5,3.7833333333	40.1838888889,3.7116666667	40.4222222222,2.905	40.5,2.9144444444
305	355	1504297800	1504301399	14	42.0688888889,4.4347222222	41.7775,4.075	41.0336111111,3.9030555556	41.0883333333,3.3197222222	41.1183333333,2.9861111111	41.1222222222,2.9425	41.4883333333,2.9627777778	41.7986111111,3.7425	42.2091666667,4.0002777778	42.1972222222,4.0375	42.1722222222,4.1155555556	42.0986111111,4.3333333333	42.0797222222,4.415	42.0688888889,4.4347222222
355	999	1504297800	1504301399	19	42.0688888889,4.4347222222	41.7775,4.075	41.0336111111,3.9030555556	40.6558333333,3.8172222222	40.5,3.7833333333	40.1838888889,3.7116666667	40.4222222222,2.905	40.5,2.9144444444	40.6702777778,2.9180555556	40.8677777778,2.9288888889	41.1222222222,2.9425	41.4883333333,2.9627777778	41.7986111111,3.7425	42.2091666667,4.0002777778	42.1972222222,4.0375	42.1722222222,4.1155555556	42.0986111111,4.3333333333	42.0797222222,4.415	42.0688888889,4.4347222222
245	999	1504297800	1504301399	16	40.1838888889,3.7116666667	39.8,3.6266666667	39.28,3.55	39.1841666667,3.2980555556	39.1177777778,3.1313888889	39.0247222222,2.8997222222	38.7511111111,2.2280555556	38.7333333333,2.1855555556	38.6086111111,1.8844444444	39.2213888889,1.7158333333	39.7244444444,1.9675	40.0144444444,2.2636111111	40.075,2.3583333333	40.1808333333,2.5238888889	40.4222222222,2.905	40.1838888889,3.7116666667
