10
345	999	1504245600	1504270799	11	41.7697222222,-6.4994444444	41.6736111111,-6.3705555556	41.5916666667,-6.4508333333	41.7005555556,-6.6219444444	41.7305555556,-6.9816666667	41.7511111111,-7.2361111111	41.7722222222,-7.5105555556	41.8305555556,-7.4727777778	41.8527777778,-7.2666666667	41.9363888889,-7.1169444444	41.7697222222,-6.4994444444
345	999	1504245600	1504270799	6	41.9416666667,-6.625	41.9333333333,-6.5666666667	41.7697222222,-6.4994444444	41.9363888889,-7.1169444444	41.9366666667,-7.1163888889	41.9416666667,-6.625
345	999	1504245600	1504270799	19	42.1833333333,-6.3316666667	42.2997222222,-6.2822222222	42.3833333333,-6.0333333333	42.4666666667,-6.1833333333	42.7661111111,-6.1675	42.8277777778,-5.9822222222	42.8630555556,-5.8786111111	42.8966666667,-5.7752777778	42.9533333333,-5.6061111111	42.9602777778,-5.5488888889	42.98,-5.38	42.9655555556,-5.2583333333	42.7063888889,-5.4427777778	42.3705555556,-5.6775	42.2763888889,-5.7722222222	41.9838888889,-6.0644444444	42.0127777778,-6.1505555556	42.1033333333,-6.2755555556	42.1833333333,-6.3316666667
345	999	1504245600	1504270799	14	42.5666666667,-7.35	42.1833333333,-6.6666666667	42.04,-6.8233333333	41.9416666667,-6.625	41.9366666667,-7.1163888889	41.9363888889,-7.1169444444	41.8527777778,-7.2666666667	41.8305555556,-7.4727777778	41.8555555556,-7.6047222222	41.9086111111,-7.7758333333	42.1047222222,-7.7538888889	42.2536111111,-7.6425	42.4680555556,-7.4813888889	42.5666666667,-7.35
345	999	1504245600	1504270799	23	44.0544444444,-5.9347222222	44.0252777778,-5.7852777778	43.9625,-5.6088888889	43.9447222222,-5.5716666667	43.8502777778,-5.4469444444	43.7027777778,-5.3422222222	43.5480555556,-5.3102777778	43.5288888889,-5.3208333333	43.3938888889,-5.3455555556	43.2505555556,-5.4488888889	43.1386111111,-5.6094444444	43.0741666667,-5.7883333333	43.0619444444,-5.9122222222	43.05,-6.0	43.0741666667,-6.2116666667	43.1111111111,-6.3169444444	43.1386111111,-6.3905555556	43.2505555556,-6.5511111111	43.3922222222,-6.6555555556	43.4302777778,-6.6711111111	44.0327777778,-6.1480555556	44.05,-6.0	44.0544444444,-5.9347222222
345	999	1504245600	1504270799	20	44.6222222222,-5.625	44.5441666667,-5.1394444444	44.5052777778,-4.9475	44.4433333333,-4.6069444444	44.4125,-4.4361111111	44.3758333333,-4.2313888889	43.5041666667,-4.8733333333	43.4041666667,-4.945	43.3938888889,-5.3455555556	43.5288888889,-5.3208333333	43.5480555556,-5.3102777778	43.7027777778,-5.3422222222	43.8502777778,-5.4469444444	43.9447222222,-5.5716666667	43.9625,-5.6088888889	44.0252777778,-5.7852777778	44.0544444444,-5.9347222222	44.05,-6.0	44.0327777778,-6.1480555556	44.6222222222,-5.625
345	999	1504245600	1504270799	7	43.0741666667,-5.7883333333	42.8966666667,-5.7752777778	42.8630555556,-5.8786111111	42.8277777778,-5.9822222222	43.05,-6.0	43.0619444444,-5.9122222222	43.0741666667,-5.7883333333
345	999	1504245600	1504270799	7	41.8305555556,-7.4727777778	41.7722222222,-7.5105555556	41.7891666667,-7.73	41.7936111111,-7.7886111111	41.9086111111,-7.7758333333	41.8555555556,-7.6047222222	41.8305555556,-7.4727777778
345	999	1504245600	1504270799	26	42.7661111111,-6.1675	42.4666666667,-6.1833333333	42.3833333333,-6.0333333333	42.2997222222,-6.2822222222	42.1833333333,-6.3316666667	42.1033333333,-6.2755555556	42.0127777778,-6.1505555556	41.9838888889,-6.0644444444	41.8302777778,-6.2166666667	41.7213888889,-6.3236111111	41.6736111111,-6.3705555556	41.7697222222,-6.4994444444	41.9333333333,-6.5666666667	41.9416666667,-6.625	42.04,-6.8233333333	42.1833333333,-6.6666666667	42.5666666667,-7.35	43.4302777778,-6.6711111111	43.3922222222,-6.6555555556	43.2505555556,-6.5511111111	43.1386111111,-6.3905555556	43.1111111111,-6.3169444444	43.0741666667,-6.2116666667	43.05,-6.0	42.8277777778,-5.9822222222	42.7661111111,-6.1675
345	999	1504245600	1504270799	11	43.3938888889,-5.3455555556	43.4041666667,-4.945	42.9655555556,-5.2583333333	42.98,-5.38	42.9602777778,-5.5488888889	42.9533333333,-5.6061111111	42.8966666667,-5.7752777778	43.0741666667,-5.7883333333	43.1386111111,-5.6094444444	43.2505555556,-5.4488888889	43.3938888889,-5.3455555556
