11
95	275	1504297800	1504303199	12	42.8083333333,-2.6177777778	42.7288888889,-2.6188888889	42.6247222222,-2.6202777778	42.6163888889,-2.6202777778	42.5280555556,-2.6208333333	42.4277777778,-2.7375	42.3458333333,-2.7522222222	42.385,-3.0047222222	42.6677777778,-3.3263888889	42.7936111111,-3.1308333333	42.8094444444,-2.9494444444	42.8083333333,-2.6177777778
95	275	1504297800	1504303199	4	42.8094444444,-2.9494444444	42.7936111111,-3.1308333333	42.81,-3.1055555556	42.8094444444,-2.9494444444
0	275	1504297800	1504303199	11	42.6947222222,-4.1966666667	42.7497222222,-3.6152777778	42.7936111111,-3.1308333333	42.6677777778,-3.3263888889	42.385,-3.0047222222	42.3458333333,-2.7522222222	42.4277777778,-2.7375	42.5280555556,-2.6208333333	42.2563888889,-2.6244444444	42.3333333333,-4.375	42.6947222222,-4.1966666667
0	275	1504297800	1504303199	40	44.3758333333,-4.2313888889	44.3288888889,-3.9875	44.2972222222,-3.8916666667	44.0513888889,-3.1502777778	43.9736111111,-2.9125	43.9486111111,-2.8402777778	43.9141666667,-2.7386111111	43.9108333333,-2.7288888889	43.8388888889,-2.5194444444	43.7194444444,-2.1658333333	43.4313888889,-2.315	43.6833333333,-2.5905555556	43.6833333333,-2.8138888889	43.6811111111,-3.4063888889	43.7666666667,-3.4833333333	43.7666666667,-3.86	43.7666666667,-4.3333333333	43.4761111111,-4.3333333333	43.25,-4.3333333333	42.9577777778,-4.1386111111	42.9577777778,-3.975	42.9577777778,-3.7808333333	42.9577777778,-3.5463888889	43.0513888889,-3.4436111111	42.81,-3.1055555556	42.7936111111,-3.1308333333	42.7497222222,-3.6152777778	42.6947222222,-4.1966666667	42.3333333333,-4.375	42.3513888889,-4.9391666667	42.3816666667,-4.9138888889	42.4936111111,-4.8522222222	42.5822222222,-4.8363888889	42.7055555556,-4.8622222222	42.8333333333,-4.9519444444	42.8522222222,-4.9811111111	42.9655555556,-5.2583333333	43.4041666667,-4.945	43.5041666667,-4.8733333333	44.3758333333,-4.2313888889
145	275	1504297800	1504303199	13	43.6833333333,-2.5905555556	43.4313888889,-2.315	43.0116666667,-2.5297222222	43.0833333333,-2.6833333333	42.81,-3.1055555556	43.0513888889,-3.4436111111	43.1666666667,-3.3166666667	43.3627777778,-3.3166666667	43.4852777778,-3.32	43.5797222222,-3.3166666667	43.6811111111,-3.4063888889	43.6833333333,-2.8138888889	43.6833333333,-2.5905555556
145	275	1504297800	1504303199	16	43.7666666667,-3.4833333333	43.6811111111,-3.4063888889	43.5797222222,-3.3166666667	43.4852777778,-3.32	43.3627777778,-3.3166666667	43.1666666667,-3.3166666667	43.0513888889,-3.4436111111	42.9577777778,-3.5463888889	42.9577777778,-3.7808333333	42.9577777778,-3.975	42.9577777778,-4.1386111111	43.25,-4.3333333333	43.4761111111,-4.3333333333	43.7666666667,-4.3333333333	43.7666666667,-3.86	43.7666666667,-3.4833333333
145	275	1504297800	1504303199	6	43.0833333333,-2.6833333333	43.0116666667,-2.5297222222	42.8383333333,-2.6177777778	42.8094444444,-2.9494444444	42.81,-3.1055555556	43.0833333333,-2.6833333333
145	275	1504297800	1504303199	4	42.8383333333,-2.6177777778	42.8083333333,-2.6177777778	42.8094444444,-2.9494444444	42.8383333333,-2.6177777778
145	275	1504297800	1504303199	11	42.8522222222,-4.9811111111	42.8333333333,-4.9519444444	42.7055555556,-4.8622222222	42.5822222222,-4.8363888889	42.4936111111,-4.8522222222	42.3816666667,-4.9138888889	42.3513888889,-4.9391666667	42.3705555556,-5.6775	42.7063888889,-5.4427777778	42.9655555556,-5.2583333333	42.8522222222,-4.9811111111
345	999	1504297800	1504303199	25	44.3758333333,-4.2313888889	44.3288888889,-3.9875	44.2972222222,-3.8916666667	44.0513888889,-3.1502777778	43.9736111111,-2.9125	43.9486111111,-2.8402777778	43.9141666667,-2.7386111111	43.9108333333,-2.7288888889	43.8388888889,-2.5194444444	43.7194444444,-2.1658333333	43.4313888889,-2.315	43.0116666667,-2.5297222222	42.8383333333,-2.6177777778	42.8094444444,-2.9494444444	42.7936111111,-3.1308333333	42.7497222222,-3.6152777778	42.6947222222,-4.1966666667	42.3333333333,-4.375	42.3513888889,-4.9391666667	42.3705555556,-5.6775	42.7063888889,-5.4427777778	42.9655555556,-5.2583333333	43.4041666667,-4.945	43.5041666667,-4.8733333333	44.3758333333,-4.2313888889
275	345	1504297800	1504303199	25	44.3758333333,-4.2313888889	44.3288888889,-3.9875	44.2972222222,-3.8916666667	44.0513888889,-3.1502777778	43.9736111111,-2.9125	43.9486111111,-2.8402777778	43.9141666667,-2.7386111111	43.9108333333,-2.7288888889	43.8388888889,-2.5194444444	43.7194444444,-2.1658333333	43.4313888889,-2.315	43.0116666667,-2.5297222222	42.8383333333,-2.6177777778	42.8094444444,-2.9494444444	42.7936111111,-3.1308333333	42.7497222222,-3.6152777778	42.6947222222,-4.1966666667	42.3333333333,-4.375	42.3513888889,-4.9391666667	42.3705555556,-5.6775	42.7063888889,-5.4427777778	42.9655555556,-5.2583333333	43.4041666667,-4.945	43.5041666667,-4.8733333333	44.3758333333,-4.2313888889
