23
245	345	1504224000	1504234799	22	51.1608333333,10.3536111111	51.0805555556,10.3380555556	50.9783333333,10.4255555556	50.82,10.5636111111	50.6575,10.7027777778	50.5372222222,10.5641666667	50.5116666667,10.5347222222	50.5,10.5216666667	50.4683333333,10.4947222222	50.4197222222,10.4527777778	50.2508333333,10.3091666667	50.2269444444,10.2888888889	50.1869444444,10.255	50.2986111111,9.4311111111	50.8038888889,9.2666666667	51.0855555556,9.2452777778	51.0855555556,9.4333333333	51.0969444444,9.4394444444	51.0833333333,10.0408333333	51.095,10.0558333333	51.1041666667,10.1536111111	51.1608333333,10.3536111111
305	325	1504224000	1504234799	11	49.6547222222,10.7655555556	49.4416666667,10.9666666667	49.3547222222,10.8397222222	49.2333333333,10.6666666667	49.2272222222,10.6575	49.1786111111,10.5877777778	49.2833333333,10.4583333333	49.3486111111,10.4	49.3983333333,10.3561111111	49.5111111111,10.5033333333	49.6547222222,10.7655555556
355	375	1504224000	1504234799	18	50.2986111111,9.4311111111	50.1869444444,10.255	50.1436111111,10.2947222222	50.0008333333,10.4341666667	49.6547222222,10.7655555556	49.5111111111,10.5033333333	49.3983333333,10.3561111111	49.3486111111,10.4	49.2833333333,10.4583333333	49.1786111111,10.5877777778	49.1111111111,10.4791666667	49.0358333333,10.3013888889	49.0172222222,10.2575	48.9486111111,10.0969444444	49.0563888889,9.8963888889	49.365,9.1105555556	49.5555555556,9.1869444444	50.2986111111,9.4311111111
355	375	1504224000	1504234799	18	51.1,7.95	51.1475,8.0522222222	51.2041666667,8.1738888889	51.2158333333,8.215	51.2555555556,8.3588888889	51.27,8.4111111111	51.1963888889,8.4913888889	51.1136111111,8.3266666667	51.0833333333,8.2666666667	51.0666666667,7.9666666667	51.0,7.8833333333	50.9077777778,7.9488888889	50.8,8.0277777778	50.7555555556,7.9916666667	50.7313888889,7.8636111111	50.7252777778,7.8138888889	50.9325,7.6822222222	51.1,7.95
355	375	1504224000	1504234799	11	49.6547222222,10.7655555556	49.4416666667,10.9666666667	49.3547222222,10.8397222222	49.2333333333,10.6666666667	49.2272222222,10.6575	49.1786111111,10.5877777778	49.2833333333,10.4583333333	49.3486111111,10.4	49.3983333333,10.3561111111	49.5111111111,10.5033333333	49.6547222222,10.7655555556
355	375	1504224000	1504234799	18	50.2986111111,9.4311111111	49.5555555556,9.1869444444	49.9044444444,8.4933333333	50.7252777778,7.8138888889	50.7313888889,7.8636111111	50.7555555556,7.9916666667	50.8,8.0277777778	50.9077777778,7.9488888889	51.0,7.8833333333	51.0666666667,7.9666666667	51.0833333333,8.2666666667	51.1136111111,8.3266666667	51.1963888889,8.4913888889	51.0833333333,8.6141666667	51.0855555556,8.9097222222	51.0855555556,9.2452777778	50.8038888889,9.2666666667	50.2986111111,9.4311111111
295	345	1504224000	1504234799	13	51.3333333333,9.5172222222	51.3333333333,9.5202777778	51.3333333333,9.5819444444	51.3333333333,9.9361111111	51.3336111111,10.0594444444	51.3338888889,10.3875	51.2491666667,10.3708333333	51.1608333333,10.3536111111	51.1041666667,10.1536111111	51.095,10.0558333333	51.0833333333,10.0408333333	51.0969444444,9.4394444444	51.3333333333,9.5172222222
245	325	1504224000	1504234799	18	50.2986111111,9.4311111111	50.1869444444,10.255	50.1436111111,10.2947222222	50.0008333333,10.4341666667	49.6547222222,10.7655555556	49.5111111111,10.5033333333	49.3983333333,10.3561111111	49.3486111111,10.4	49.2833333333,10.4583333333	49.1786111111,10.5877777778	49.1111111111,10.4791666667	49.0358333333,10.3013888889	49.0172222222,10.2575	48.9486111111,10.0969444444	49.0563888889,9.8963888889	49.365,9.1105555556	49.5555555556,9.1869444444	50.2986111111,9.4311111111
245	325	1504224000	1504234799	18	51.1,7.95	51.1475,8.0522222222	51.2041666667,8.1738888889	51.2158333333,8.215	51.2555555556,8.3588888889	51.27,8.4111111111	51.1963888889,8.4913888889	51.1136111111,8.3266666667	51.0833333333,8.2666666667	51.0666666667,7.9666666667	51.0,7.8833333333	50.9077777778,7.9488888889	50.8,8.0277777778	50.7555555556,7.9916666667	50.7313888889,7.8636111111	50.7252777778,7.8138888889	50.9325,7.6822222222	51.1,7.95
245	325	1504224000	1504234799	18	50.2986111111,9.4311111111	49.5555555556,9.1869444444	49.9044444444,8.4933333333	50.7252777778,7.8138888889	50.7313888889,7.8636111111	50.7555555556,7.9916666667	50.8,8.0277777778	50.9077777778,7.9488888889	51.0,7.8833333333	51.0666666667,7.9666666667	51.0833333333,8.2666666667	51.1136111111,8.3266666667	51.1963888889,8.4913888889	51.0833333333,8.6141666667	51.0855555556,8.9097222222	51.0855555556,9.2452777778	50.8038888889,9.2666666667	50.2986111111,9.4311111111
295	315	1504224000	1504234799	7	50.5116666667,10.5347222222	50.4594444444,10.8972222222	50.3625,10.8625	50.4197222222,10.4527777778	50.4683333333,10.4947222222	50.5,10.5216666667	50.5116666667,10.5347222222
345	375	1504224000	1504234799	22	51.1608333333,10.3536111111	51.0805555556,10.3380555556	50.9783333333,10.4255555556	50.82,10.5636111111	50.6575,10.7027777778	50.5372222222,10.5641666667	50.5116666667,10.5347222222	50.5,10.5216666667	50.4683333333,10.4947222222	50.4197222222,10.4527777778	50.2508333333,10.3091666667	50.2269444444,10.2888888889	50.1869444444,10.255	50.2986111111,9.4311111111	50.8038888889,9.2666666667	51.0855555556,9.2452777778	51.0855555556,9.4333333333	51.0969444444,9.4394444444	51.0833333333,10.0408333333	51.095,10.0558333333	51.1041666667,10.1536111111	51.1608333333,10.3536111111
345	375	1504224000	1504234799	13	51.3333333333,9.5172222222	51.3333333333,9.5202777778	51.3333333333,9.5819444444	51.3333333333,9.9361111111	51.3336111111,10.0594444444	51.3338888889,10.3875	51.2491666667,10.3708333333	51.1608333333,10.3536111111	51.1041666667,10.1536111111	51.095,10.0558333333	51.0833333333,10.0408333333	51.0969444444,9.4394444444	51.3333333333,9.5172222222
375	999	1504224000	1504234799	18	51.1,7.95	51.1475,8.0522222222	51.2041666667,8.1738888889	51.2158333333,8.215	51.2555555556,8.3588888889	51.27,8.4111111111	51.1963888889,8.4913888889	51.1136111111,8.3266666667	51.0833333333,8.2666666667	51.0666666667,7.9666666667	51.0,7.8833333333	50.9077777778,7.9488888889	50.8,8.0277777778	50.7555555556,7.9916666667	50.7313888889,7.8636111111	50.7252777778,7.8138888889	50.9325,7.6822222222	51.1,7.95
375	999	1504224000	1504234799	11	49.6547222222,10.7655555556	49.4416666667,10.9666666667	49.3547222222,10.8397222222	49.2333333333,10.6666666667	49.2272222222,10.6575	49.1786111111,10.5877777778	49.2833333333,10.4583333333	49.3486111111,10.4	49.3983333333,10.3561111111	49.5111111111,10.5033333333	49.6547222222,10.7655555556
375	999	1504224000	1504234799	18	50.2986111111,9.4311111111	50.1869444444,10.255	50.1436111111,10.2947222222	50.0008333333,10.4341666667	49.6547222222,10.7655555556	49.5111111111,10.5033333333	49.3983333333,10.3561111111	49.3486111111,10.4	49.2833333333,10.4583333333	49.1786111111,10.5877777778	49.1111111111,10.4791666667	49.0358333333,10.3013888889	49.0172222222,10.2575	48.9486111111,10.0969444444	49.0563888889,9.8963888889	49.365,9.1105555556	49.5555555556,9.1869444444	50.2986111111,9.4311111111
375	999	1504224000	1504234799	22	51.1608333333,10.3536111111	51.0805555556,10.3380555556	50.9783333333,10.4255555556	50.82,10.5636111111	50.6575,10.7027777778	50.5372222222,10.5641666667	50.5116666667,10.5347222222	50.5,10.5216666667	50.4683333333,10.4947222222	50.4197222222,10.4527777778	50.2508333333,10.3091666667	50.2269444444,10.2888888889	50.1869444444,10.255	50.2986111111,9.4311111111	50.8038888889,9.2666666667	51.0855555556,9.2452777778	51.0855555556,9.4333333333	51.0969444444,9.4394444444	51.0833333333,10.0408333333	51.095,10.0558333333	51.1041666667,10.1536111111	51.1608333333,10.3536111111
375	999	1504224000	1504234799	18	50.2986111111,9.4311111111	49.5555555556,9.1869444444	49.9044444444,8.4933333333	50.7252777778,7.8138888889	50.7313888889,7.8636111111	50.7555555556,7.9916666667	50.8,8.0277777778	50.9077777778,7.9488888889	51.0,7.8833333333	51.0666666667,7.9666666667	51.0833333333,8.2666666667	51.1136111111,8.3266666667	51.1963888889,8.4913888889	51.0833333333,8.6141666667	51.0855555556,8.9097222222	51.0855555556,9.2452777778	50.8038888889,9.2666666667	50.2986111111,9.4311111111
375	999	1504224000	1504234799	13	51.3333333333,9.5172222222	51.3333333333,9.5202777778	51.3333333333,9.5819444444	51.3333333333,9.9361111111	51.3336111111,10.0594444444	51.3338888889,10.3875	51.2491666667,10.3708333333	51.1608333333,10.3536111111	51.1041666667,10.1536111111	51.095,10.0558333333	51.0833333333,10.0408333333	51.0969444444,9.4394444444	51.3333333333,9.5172222222
325	355	1504224000	1504234799	18	50.2986111111,9.4311111111	50.1869444444,10.255	50.1436111111,10.2947222222	50.0008333333,10.4341666667	49.6547222222,10.7655555556	49.5111111111,10.5033333333	49.3983333333,10.3561111111	49.3486111111,10.4	49.2833333333,10.4583333333	49.1786111111,10.5877777778	49.1111111111,10.4791666667	49.0358333333,10.3013888889	49.0172222222,10.2575	48.9486111111,10.0969444444	49.0563888889,9.8963888889	49.365,9.1105555556	49.5555555556,9.1869444444	50.2986111111,9.4311111111
325	355	1504224000	1504234799	18	51.1,7.95	51.1475,8.0522222222	51.2041666667,8.1738888889	51.2158333333,8.215	51.2555555556,8.3588888889	51.27,8.4111111111	51.1963888889,8.4913888889	51.1136111111,8.3266666667	51.0833333333,8.2666666667	51.0666666667,7.9666666667	51.0,7.8833333333	50.9077777778,7.9488888889	50.8,8.0277777778	50.7555555556,7.9916666667	50.7313888889,7.8636111111	50.7252777778,7.8138888889	50.9325,7.6822222222	51.1,7.95
325	355	1504224000	1504234799	11	49.6547222222,10.7655555556	49.4416666667,10.9666666667	49.3547222222,10.8397222222	49.2333333333,10.6666666667	49.2272222222,10.6575	49.1786111111,10.5877777778	49.2833333333,10.4583333333	49.3486111111,10.4	49.3983333333,10.3561111111	49.5111111111,10.5033333333	49.6547222222,10.7655555556
325	355	1504224000	1504234799	18	50.2986111111,9.4311111111	49.5555555556,9.1869444444	49.9044444444,8.4933333333	50.7252777778,7.8138888889	50.7313888889,7.8636111111	50.7555555556,7.9916666667	50.8,8.0277777778	50.9077777778,7.9488888889	51.0,7.8833333333	51.0666666667,7.9666666667	51.0833333333,8.2666666667	51.1136111111,8.3266666667	51.1963888889,8.4913888889	51.0833333333,8.6141666667	51.0855555556,8.9097222222	51.0855555556,9.2452777778	50.8038888889,9.2666666667	50.2986111111,9.4311111111
