13
325	999	1504303200	1504310399	5	39.1386111111,-3.3663888889	39.1380555556,-3.2036111111	39.0,-3.2036111111	39.0,-3.4166666667	39.1386111111,-3.3663888889
325	999	1504303200	1504310399	9	39.4055555556,-1.7525	39.0,-1.3944444444	39.0,-1.4827777778	39.0,-2.915	39.0,-2.9916666667	39.0666666667,-2.9833333333	39.2,-2.9	39.2666666667,-2.75	39.4055555556,-1.7525
325	999	1504303200	1504310399	32	41.0333333333,-2.1583333333	41.0333333333,-2.0	41.0333333333,-1.7780555556	41.0333333333,-1.7769444444	41.0333333333,-1.3333333333	41.1166666667,-0.6166666667	40.7041666667,-0.7722222222	40.2308333333,-0.9255555556	40.0880555556,-0.9713888889	40.0,-1.0	40.0,-1.3666666667	39.8144444444,-1.4883333333	39.5666666667,-1.65	39.5388888889,-1.7452777778	39.5,-1.8333333333	39.4055555556,-1.7525	39.2666666667,-2.75	39.2,-2.9	39.0666666667,-2.9833333333	39.0,-2.9916666667	39.0,-3.0458333333	39.0,-3.1	39.0,-3.2036111111	39.1380555556,-3.2036111111	39.1386111111,-3.3663888889	39.5830555556,-3.2041666667	39.5833333333,-3.1944444444	39.5902777778,-2.9180555556	40.0888888889,-2.1583333333	40.7333333333,-2.1583333333	40.7805555556,-2.1583333333	41.0333333333,-2.1583333333
325	999	1504303200	1504310399	11	40.0,-1.0	39.9116666667,-1.0405555556	39.15,-1.25	39.0,-1.3944444444	39.4055555556,-1.7525	39.5,-1.8333333333	39.5388888889,-1.7452777778	39.5666666667,-1.65	39.8144444444,-1.4883333333	40.0,-1.3666666667	40.0,-1.0
325	999	1504303200	1504310399	16	41.0333333333,-2.1583333333	40.7805555556,-2.1583333333	40.7333333333,-2.1583333333	40.0888888889,-2.1583333333	39.5902777778,-2.9180555556	39.5833333333,-3.1944444444	39.5830555556,-3.2041666667	39.7333333333,-3.1491666667	40.2408333333,-2.9625	40.3808333333,-2.9105555556	40.5,-2.8666666667	40.7783333333,-2.8491666667	41.0333333333,-2.8333333333	41.0333333333,-2.5	41.0333333333,-2.4166666667	41.0333333333,-2.1583333333
0	325	1504303200	1504310399	32	41.0333333333,-2.1583333333	41.0333333333,-2.0	41.0333333333,-1.7780555556	41.0333333333,-1.7769444444	41.0333333333,-1.3333333333	41.1166666667,-0.6166666667	40.7041666667,-0.7722222222	40.2308333333,-0.9255555556	40.0880555556,-0.9713888889	40.0,-1.0	40.0,-1.3666666667	39.8144444444,-1.4883333333	39.5666666667,-1.65	39.5388888889,-1.7452777778	39.5,-1.8333333333	39.4055555556,-1.7525	39.2666666667,-2.75	39.2,-2.9	39.0666666667,-2.9833333333	39.0,-2.9916666667	39.0,-3.0458333333	39.0,-3.1	39.0,-3.2036111111	39.1380555556,-3.2036111111	39.1386111111,-3.3663888889	39.5830555556,-3.2041666667	39.5833333333,-3.1944444444	39.5902777778,-2.9180555556	40.0888888889,-2.1583333333	40.7333333333,-2.1583333333	40.7805555556,-2.1583333333	41.0333333333,-2.1583333333
0	325	1504303200	1504310399	5	39.1386111111,-3.3663888889	39.1380555556,-3.2036111111	39.0,-3.2036111111	39.0,-3.4166666667	39.1386111111,-3.3663888889
245	325	1504303200	1504310399	9	39.4055555556,-1.7525	39.0,-1.3944444444	39.0,-1.4827777778	39.0,-2.915	39.0,-2.9916666667	39.0666666667,-2.9833333333	39.2,-2.9	39.2666666667,-2.75	39.4055555556,-1.7525
245	325	1504303200	1504310399	11	40.0,-1.0	39.9116666667,-1.0405555556	39.15,-1.25	39.0,-1.3944444444	39.4055555556,-1.7525	39.5,-1.8333333333	39.5388888889,-1.7452777778	39.5666666667,-1.65	39.8144444444,-1.4883333333	40.0,-1.3666666667	40.0,-1.0
245	325	1504303200	1504310399	16	41.0333333333,-2.1583333333	40.7805555556,-2.1583333333	40.7333333333,-2.1583333333	40.0888888889,-2.1583333333	39.5902777778,-2.9180555556	39.5833333333,-3.1944444444	39.5830555556,-3.2041666667	39.7333333333,-3.1491666667	40.2408333333,-2.9625	40.3808333333,-2.9105555556	40.5,-2.8666666667	40.7783333333,-2.8491666667	41.0333333333,-2.8333333333	41.0333333333,-2.5	41.0333333333,-2.4166666667	41.0333333333,-2.1583333333
0	999	1504303200	1504310399	13	42.7,-0.0666666667	42.1,-0.2916666667	42.3363888889,-0.9166666667	42.4544444444,-1.2313888889	42.46,-1.2458333333	42.9319444444,-0.8444444444	42.8963888889,-0.7277777778	42.875,-0.6569444444	42.8166666667,-0.46	42.8383333333,-0.295	42.7880555556,-0.2444444444	42.7647222222,-0.2	42.7,-0.0666666667
245	999	1504303200	1504310399	9	42.3363888889,-0.9166666667	42.1,-0.2916666667	41.7833333333,-0.3916666667	41.9361111111,-1.0	41.2194444444,-2.2788888889	42.0558333333,-1.5772222222	42.46,-1.2458333333	42.4544444444,-1.2313888889	42.3363888889,-0.9166666667
245	999	1504303200	1504310399	11	41.7833333333,-0.3916666667	41.1166666667,-0.6166666667	41.0333333333,-1.3333333333	41.0333333333,-1.7769444444	41.0333333333,-1.7780555556	41.0333333333,-2.0	41.0333333333,-2.1583333333	41.0333333333,-2.4166666667	41.2194444444,-2.2788888889	41.9361111111,-1.0	41.7833333333,-0.3916666667
