27
245	345	1504306800	1504310399	10	41.5,-2.7755555556	41.4769444444,-2.78	41.3333333333,-3.5166666667	41.2916666667,-3.5555555556	40.995,-3.8352777778	41.0611111111,-4.0452777778	41.2216666667,-4.5527777778	41.5,-4.2041666667	41.5,-3.1977777778	41.5,-2.7755555556
245	345	1504306800	1504310399	9	41.4769444444,-2.78	41.3030555556,-2.8486111111	41.0,-3.5	40.9944444444,-3.5111111111	40.9330555556,-3.6411111111	40.995,-3.8352777778	41.2916666667,-3.5555555556	41.3333333333,-3.5166666667	41.4769444444,-2.78
245	345	1504306800	1504310399	11	41.5,-2.3683333333	41.45,-2.4	41.3,-2.5	41.15,-2.5	41.0333333333,-2.5	41.0333333333,-2.8333333333	41.3030555556,-2.8486111111	41.4769444444,-2.78	41.5,-2.7755555556	41.5,-2.7255555556	41.5,-2.3683333333
245	345	1504306800	1504310399	4	40.995,-3.8352777778	40.8941666667,-3.9205555556	41.0611111111,-4.0452777778	40.995,-3.8352777778
245	345	1504306800	1504310399	12	42.46,-1.2458333333	42.0558333333,-1.5772222222	41.2194444444,-2.2788888889	41.0333333333,-2.4166666667	41.0333333333,-2.5	41.15,-2.5	41.3,-2.5	41.45,-2.4	41.5,-2.3683333333	42.3875,-1.7825	42.6083333333,-1.6333333333	42.46,-1.2458333333
85	345	1504306800	1504310399	17	43.5833333333,-1.7833333333	43.3833333333,-1.7833333333	43.355,-1.7402777778	43.3138888889,-1.7211111111	43.2908333333,-1.6180555556	43.2538888889,-1.5663888889	43.2919444444,-1.5136111111	43.2838888889,-1.4913888889	43.2875,-1.4666666667	43.0583333333,-1.4508333333	43.0777777778,-1.6666666667	42.8833333333,-1.9666666667	42.8038888889,-2.0883333333	43.035,-1.8858333333	43.2583333333,-2.1272222222	43.4066666667,-2.0638888889	43.5833333333,-1.7833333333
0	345	1504306800	1504310399	14	42.2563888889,-2.6244444444	41.5,-2.7755555556	41.5,-3.1977777778	41.5,-4.2041666667	41.2216666667,-4.5527777778	41.2641666667,-4.6869444444	41.3711111111,-4.6566666667	41.385,-4.5794444444	41.4833333333,-4.4333333333	41.7,-4.2833333333	42.0,-4.3333333333	42.1363888889,-4.4325	42.3333333333,-4.375	42.2563888889,-2.6244444444
0	345	1504306800	1504310399	13	42.3875,-1.7825	41.5,-2.3683333333	41.5,-2.7255555556	41.5,-2.7755555556	42.2563888889,-2.6244444444	42.5280555556,-2.6208333333	42.62,-2.5147222222	42.6291666667,-2.3463888889	42.6308333333,-2.1930555556	42.6319444444,-2.0422222222	42.5238888889,-1.9969444444	42.4680555556,-2.0338888889	42.3875,-1.7825
0	345	1504306800	1504310399	9	43.7194444444,-2.1658333333	43.6833333333,-2.0666666667	43.6652777778,-2.0155555556	43.6463888889,-1.9625	43.5833333333,-1.7833333333	43.4066666667,-2.0638888889	43.2583333333,-2.1272222222	43.4313888889,-2.315	43.7194444444,-2.1658333333
0	345	1504306800	1504310399	11	42.9319444444,-0.8444444444	42.46,-1.2458333333	42.6083333333,-1.6333333333	42.7166666667,-1.4916666667	43.0,-1.5	43.0777777778,-1.6666666667	43.0583333333,-1.4508333333	43.05,-1.3333333333	43.0091666667,-1.1080555556	42.9727777778,-0.9791666667	42.9319444444,-0.8444444444
345	999	1504306800	1504310399	14	42.2563888889,-2.6244444444	41.5,-2.7755555556	41.5,-3.1977777778	41.5,-4.2041666667	41.2216666667,-4.5527777778	41.2641666667,-4.6869444444	41.3711111111,-4.6566666667	41.385,-4.5794444444	41.4833333333,-4.4333333333	41.7,-4.2833333333	42.0,-4.3333333333	42.1363888889,-4.4325	42.3333333333,-4.375	42.2563888889,-2.6244444444
345	999	1504306800	1504310399	4	42.8383333333,-2.6177777778	42.8083333333,-2.6177777778	42.8094444444,-2.9494444444	42.8383333333,-2.6177777778
345	999	1504306800	1504310399	37	43.7194444444,-2.1658333333	43.6833333333,-2.0666666667	43.6652777778,-2.0155555556	43.6463888889,-1.9625	43.5833333333,-1.7833333333	43.3833333333,-1.7833333333	43.355,-1.7402777778	43.3138888889,-1.7211111111	43.2908333333,-1.6180555556	43.2538888889,-1.5663888889	43.2919444444,-1.5136111111	43.2838888889,-1.4913888889	43.2875,-1.4666666667	43.0583333333,-1.4508333333	43.05,-1.3333333333	43.0091666667,-1.1080555556	42.9727777778,-0.9791666667	42.9319444444,-0.8444444444	42.46,-1.2458333333	42.0558333333,-1.5772222222	41.2194444444,-2.2788888889	41.0333333333,-2.4166666667	41.0333333333,-2.5	41.0333333333,-2.8333333333	41.3030555556,-2.8486111111	41.4769444444,-2.78	41.5,-2.7755555556	42.2563888889,-2.6244444444	42.5280555556,-2.6208333333	42.6163888889,-2.6202777778	42.6247222222,-2.6202777778	42.7288888889,-2.6188888889	42.8083333333,-2.6177777778	42.8383333333,-2.6177777778	43.0116666667,-2.5297222222	43.4313888889,-2.315	43.7194444444,-2.1658333333
345	999	1504306800	1504310399	12	42.8083333333,-2.6177777778	42.7288888889,-2.6188888889	42.6247222222,-2.6202777778	42.6163888889,-2.6202777778	42.5280555556,-2.6208333333	42.4277777778,-2.7375	42.3458333333,-2.7522222222	42.385,-3.0047222222	42.6677777778,-3.3263888889	42.7936111111,-3.1308333333	42.8094444444,-2.9494444444	42.8083333333,-2.6177777778
345	999	1504306800	1504310399	11	42.6947222222,-4.1966666667	42.7497222222,-3.6152777778	42.7936111111,-3.1308333333	42.6677777778,-3.3263888889	42.385,-3.0047222222	42.3458333333,-2.7522222222	42.4277777778,-2.7375	42.5280555556,-2.6208333333	42.2563888889,-2.6244444444	42.3333333333,-4.375	42.6947222222,-4.1966666667
345	999	1504306800	1504310399	9	41.4769444444,-2.78	41.3030555556,-2.8486111111	41.0,-3.5	40.9944444444,-3.5111111111	40.9330555556,-3.6411111111	40.995,-3.8352777778	41.2916666667,-3.5555555556	41.3333333333,-3.5166666667	41.4769444444,-2.78
345	999	1504306800	1504310399	10	41.5,-2.7755555556	41.4769444444,-2.78	41.3333333333,-3.5166666667	41.2916666667,-3.5555555556	40.995,-3.8352777778	41.0611111111,-4.0452777778	41.2216666667,-4.5527777778	41.5,-4.2041666667	41.5,-3.1977777778	41.5,-2.7755555556
345	999	1504306800	1504310399	8	42.1363888889,-4.4325	42.0,-4.3333333333	41.7,-4.2833333333	41.4833333333,-4.4333333333	41.385,-4.5794444444	41.3711111111,-4.6566666667	41.4891666667,-4.6211111111	42.1363888889,-4.4325
275	345	1504306800	1504310399	11	42.6947222222,-4.1966666667	42.7497222222,-3.6152777778	42.7936111111,-3.1308333333	42.6677777778,-3.3263888889	42.385,-3.0047222222	42.3458333333,-2.7522222222	42.4277777778,-2.7375	42.5280555556,-2.6208333333	42.2563888889,-2.6244444444	42.3333333333,-4.375	42.6947222222,-4.1966666667
275	345	1504306800	1504310399	4	42.8383333333,-2.6177777778	42.8083333333,-2.6177777778	42.8094444444,-2.9494444444	42.8383333333,-2.6177777778
275	345	1504306800	1504310399	12	42.8083333333,-2.6177777778	42.7288888889,-2.6188888889	42.6247222222,-2.6202777778	42.6163888889,-2.6202777778	42.5280555556,-2.6208333333	42.4277777778,-2.7375	42.3458333333,-2.7522222222	42.385,-3.0047222222	42.6677777778,-3.3263888889	42.7936111111,-3.1308333333	42.8094444444,-2.9494444444	42.8083333333,-2.6177777778
145	345	1504306800	1504310399	6	43.2583333333,-2.1272222222	43.035,-1.8858333333	42.8038888889,-2.0883333333	42.9666666667,-2.4333333333	43.2,-2.15	43.2583333333,-2.1272222222
145	345	1504306800	1504310399	6	43.4313888889,-2.315	43.2583333333,-2.1272222222	43.2,-2.15	42.9666666667,-2.4333333333	43.0116666667,-2.5297222222	43.4313888889,-2.315
145	345	1504306800	1504310399	6	43.0116666667,-2.5297222222	42.9666666667,-2.4333333333	42.8038888889,-2.0883333333	42.8083333333,-2.6177777778	42.8383333333,-2.6177777778	43.0116666667,-2.5297222222
95	345	1504306800	1504310399	11	42.8038888889,-2.0883333333	42.7352777778,-2.1930555556	42.6308333333,-2.1930555556	42.6291666667,-2.3463888889	42.62,-2.5147222222	42.5280555556,-2.6208333333	42.6163888889,-2.6202777778	42.6247222222,-2.6202777778	42.7288888889,-2.6188888889	42.8083333333,-2.6177777778	42.8038888889,-2.0883333333
75	345	1504306800	1504310399	13	43.0777777778,-1.6666666667	43.0,-1.5	42.7166666667,-1.4916666667	42.6083333333,-1.6333333333	42.3875,-1.7825	42.4680555556,-2.0338888889	42.5238888889,-1.9969444444	42.6319444444,-2.0422222222	42.6308333333,-2.1930555556	42.7352777778,-2.1930555556	42.8038888889,-2.0883333333	42.8833333333,-1.9666666667	43.0777777778,-1.6666666667
105	345	1504306800	1504310399	8	42.1363888889,-4.4325	42.0,-4.3333333333	41.7,-4.2833333333	41.4833333333,-4.4333333333	41.385,-4.5794444444	41.3711111111,-4.6566666667	41.4891666667,-4.6211111111	42.1363888889,-4.4325
