11
85	345	1504241100	1504241999	17	43.5833333333,-1.7833333333	43.3833333333,-1.7833333333	43.355,-1.7402777778	43.3138888889,-1.7211111111	43.2908333333,-1.6180555556	43.2538888889,-1.5663888889	43.2919444444,-1.5136111111	43.2838888889,-1.4913888889	43.2875,-1.4666666667	43.0583333333,-1.4508333333	43.0777777778,-1.6666666667	42.8833333333,-1.9666666667	42.8038888889,-2.0883333333	43.035,-1.8858333333	43.2583333333,-2.1272222222	43.4066666667,-2.0638888889	43.5833333333,-1.7833333333
245	345	1504241100	1504241999	11	41.5,-2.3683333333	41.45,-2.4	41.3,-2.5	41.15,-2.5	41.0333333333,-2.5	41.0333333333,-2.8333333333	41.3030555556,-2.8486111111	41.4769444444,-2.78	41.5,-2.7755555556	41.5,-2.7255555556	41.5,-2.3683333333
245	345	1504241100	1504241999	12	42.46,-1.2458333333	42.0558333333,-1.5772222222	41.2194444444,-2.2788888889	41.0333333333,-2.4166666667	41.0333333333,-2.5	41.15,-2.5	41.3,-2.5	41.45,-2.4	41.5,-2.3683333333	42.3875,-1.7825	42.6083333333,-1.6333333333	42.46,-1.2458333333
0	345	1504241100	1504241999	13	42.3875,-1.7825	41.5,-2.3683333333	41.5,-2.7255555556	41.5,-2.7755555556	42.2563888889,-2.6244444444	42.5280555556,-2.6208333333	42.62,-2.5147222222	42.6291666667,-2.3463888889	42.6308333333,-2.1930555556	42.6319444444,-2.0422222222	42.5238888889,-1.9969444444	42.4680555556,-2.0338888889	42.3875,-1.7825
0	345	1504241100	1504241999	9	43.7194444444,-2.1658333333	43.6833333333,-2.0666666667	43.6652777778,-2.0155555556	43.6463888889,-1.9625	43.5833333333,-1.7833333333	43.4066666667,-2.0638888889	43.2583333333,-2.1272222222	43.4313888889,-2.315	43.7194444444,-2.1658333333
0	345	1504241100	1504241999	11	42.9319444444,-0.8444444444	42.46,-1.2458333333	42.6083333333,-1.6333333333	42.7166666667,-1.4916666667	43.0,-1.5	43.0777777778,-1.6666666667	43.0583333333,-1.4508333333	43.05,-1.3333333333	43.0091666667,-1.1080555556	42.9727777778,-0.9791666667	42.9319444444,-0.8444444444
145	345	1504241100	1504241999	6	43.2583333333,-2.1272222222	43.035,-1.8858333333	42.8038888889,-2.0883333333	42.9666666667,-2.4333333333	43.2,-2.15	43.2583333333,-2.1272222222
145	345	1504241100	1504241999	6	43.4313888889,-2.315	43.2583333333,-2.1272222222	43.2,-2.15	42.9666666667,-2.4333333333	43.0116666667,-2.5297222222	43.4313888889,-2.315
145	345	1504241100	1504241999	6	43.0116666667,-2.5297222222	42.9666666667,-2.4333333333	42.8038888889,-2.0883333333	42.8083333333,-2.6177777778	42.8383333333,-2.6177777778	43.0116666667,-2.5297222222
95	345	1504241100	1504241999	11	42.8038888889,-2.0883333333	42.7352777778,-2.1930555556	42.6308333333,-2.1930555556	42.6291666667,-2.3463888889	42.62,-2.5147222222	42.5280555556,-2.6208333333	42.6163888889,-2.6202777778	42.6247222222,-2.6202777778	42.7288888889,-2.6188888889	42.8083333333,-2.6177777778	42.8038888889,-2.0883333333
75	345	1504241100	1504241999	13	43.0777777778,-1.6666666667	43.0,-1.5	42.7166666667,-1.4916666667	42.6083333333,-1.6333333333	42.3875,-1.7825	42.4680555556,-2.0338888889	42.5238888889,-1.9969444444	42.6319444444,-2.0422222222	42.6308333333,-2.1930555556	42.7352777778,-2.1930555556	42.8038888889,-2.0883333333	42.8833333333,-1.9666666667	43.0777777778,-1.6666666667
