33
245	345	1504301400	1504303199	11	41.7697222222,-6.4994444444	41.6736111111,-6.3705555556	41.5916666667,-6.4508333333	41.7005555556,-6.6219444444	41.7305555556,-6.9816666667	41.7511111111,-7.2361111111	41.7722222222,-7.5105555556	41.8305555556,-7.4727777778	41.8527777778,-7.2666666667	41.9363888889,-7.1169444444	41.7697222222,-6.4994444444
245	345	1504301400	1504303199	34	43.7633333333,-8.43	43.7219444444,-8.0738888889	43.6530555556,-7.8655555556	43.6158333333,-7.7797222222	43.4988888889,-7.5963888889	43.4275,-7.5130555556	43.3458333333,-7.4436111111	43.2130555556,-7.3575	43.1822222222,-7.3430555556	43.0438888889,-7.2908333333	42.8527777778,-7.2961111111	42.5666666667,-7.35	42.4680555556,-7.4813888889	42.2536111111,-7.6425	42.1047222222,-7.7538888889	41.9086111111,-7.7758333333	41.815,-8.0811111111	42.1397222222,-8.2283333333	42.0680555556,-8.5633333333	41.8675,-8.8436111111	41.8727777778,-8.9266666667	41.9255555556,-9.3619444444	41.9333333333,-9.4	42.3277777778,-9.2105555556	42.4347222222,-9.3416666667	42.4677777778,-9.3647222222	42.6675,-9.5080555556	42.9244444444,-9.5680555556	43.1822222222,-9.5169444444	43.4275,-9.3469444444	43.6158333333,-9.0802777778	43.7219444444,-8.7861111111	43.7583333333,-8.5	43.7633333333,-8.43
245	345	1504301400	1504303199	4	41.9086111111,-7.7758333333	41.7936111111,-7.7886111111	41.815,-8.0811111111	41.9086111111,-7.7758333333
245	345	1504301400	1504303199	7	42.1397222222,-8.2283333333	41.815,-8.0811111111	41.8236111111,-8.1994444444	41.8511111111,-8.5977777778	41.8675,-8.8436111111	42.0680555556,-8.5633333333	42.1397222222,-8.2283333333
245	345	1504301400	1504303199	14	42.5666666667,-7.35	42.1833333333,-6.6666666667	42.04,-6.8233333333	41.9416666667,-6.625	41.9366666667,-7.1163888889	41.9363888889,-7.1169444444	41.8527777778,-7.2666666667	41.8305555556,-7.4727777778	41.8555555556,-7.6047222222	41.9086111111,-7.7758333333	42.1047222222,-7.7538888889	42.2536111111,-7.6425	42.4680555556,-7.4813888889	42.5666666667,-7.35
245	345	1504301400	1504303199	7	41.8305555556,-7.4727777778	41.7722222222,-7.5105555556	41.7891666667,-7.73	41.7936111111,-7.7886111111	41.9086111111,-7.7758333333	41.8555555556,-7.6047222222	41.8305555556,-7.4727777778
0	345	1504301400	1504303199	20	44.6222222222,-5.625	44.5441666667,-5.1394444444	44.5052777778,-4.9475	44.4433333333,-4.6069444444	44.4125,-4.4361111111	44.3758333333,-4.2313888889	43.5041666667,-4.8733333333	43.4041666667,-4.945	43.3938888889,-5.3455555556	43.5288888889,-5.3208333333	43.5480555556,-5.3102777778	43.7027777778,-5.3422222222	43.8502777778,-5.4469444444	43.9447222222,-5.5716666667	43.9625,-5.6088888889	44.0252777778,-5.7852777778	44.0544444444,-5.9347222222	44.05,-6.0	44.0327777778,-6.1480555556	44.6222222222,-5.625
0	345	1504301400	1504303199	26	42.7661111111,-6.1675	42.4666666667,-6.1833333333	42.3833333333,-6.0333333333	42.2997222222,-6.2822222222	42.1833333333,-6.3316666667	42.1033333333,-6.2755555556	42.0127777778,-6.1505555556	41.9838888889,-6.0644444444	41.8302777778,-6.2166666667	41.7213888889,-6.3236111111	41.6736111111,-6.3705555556	41.7697222222,-6.4994444444	41.9333333333,-6.5666666667	41.9416666667,-6.625	42.04,-6.8233333333	42.1833333333,-6.6666666667	42.5666666667,-7.35	43.4302777778,-6.6711111111	43.3922222222,-6.6555555556	43.2505555556,-6.5511111111	43.1386111111,-6.3905555556	43.1111111111,-6.3169444444	43.0741666667,-6.2116666667	43.05,-6.0	42.8277777778,-5.9822222222	42.7661111111,-6.1675
0	345	1504301400	1504303199	57	45.0,-9.0	45.0,-8.75	45.0,-8.0	44.8352777778,-6.9197222222	44.8347222222,-6.9166666667	44.6588888889,-5.8366666667	44.6222222222,-5.625	44.0327777778,-6.1480555556	44.0252777778,-6.2147222222	43.9625,-6.3911111111	43.8452777778,-6.5591666667	43.7027777778,-6.6577777778	43.5480555556,-6.6897222222	43.4302777778,-6.6711111111	43.3458333333,-7.4436111111	43.4275,-7.5130555556	43.4988888889,-7.5963888889	43.6158333333,-7.7797222222	43.6530555556,-7.8655555556	43.7219444444,-8.0738888889	43.7633333333,-8.43	43.7583333333,-8.5	43.7219444444,-8.7861111111	43.6158333333,-9.0802777778	43.4275,-9.3469444444	43.1822222222,-9.5169444444	42.9244444444,-9.5680555556	42.6675,-9.5080555556	42.4677777778,-9.3647222222	42.4347222222,-9.3416666667	42.3277777778,-9.2105555556	41.9333333333,-9.4	42.0,-10.0	42.0238888889,-10.0680555556	42.2830555556,-10.8161111111	42.6788888889,-12.0	42.8333333333,-12.5	43.0,-13.0	43.5,-13.0	44.0,-13.0	44.5,-13.0	44.6366666667,-13.0	45.0,-13.0	45.0,-12.9166666667	45.0,-12.5833333333	45.0,-12.5	45.0,-12.2833333333	45.0,-12.0	45.0,-11.5652777778	45.0,-11.5	45.0,-11.0	45.0,-10.5	45.0,-10.0	45.0,-9.8366666667	45.0,-9.5	45.0,-9.13	45.0,-9.0
0	345	1504301400	1504303199	11	43.3938888889,-5.3455555556	43.4041666667,-4.945	42.9655555556,-5.2583333333	42.98,-5.38	42.9602777778,-5.5488888889	42.9533333333,-5.6061111111	42.8966666667,-5.7752777778	43.0741666667,-5.7883333333	43.1386111111,-5.6094444444	43.2505555556,-5.4488888889	43.3938888889,-5.3455555556
155	345	1504301400	1504303199	23	44.0544444444,-5.9347222222	44.0252777778,-5.7852777778	43.9625,-5.6088888889	43.9447222222,-5.5716666667	43.8502777778,-5.4469444444	43.7027777778,-5.3422222222	43.5480555556,-5.3102777778	43.5288888889,-5.3208333333	43.3938888889,-5.3455555556	43.2505555556,-5.4488888889	43.1386111111,-5.6094444444	43.0741666667,-5.7883333333	43.0619444444,-5.9122222222	43.05,-6.0	43.0741666667,-6.2116666667	43.1111111111,-6.3169444444	43.1386111111,-6.3905555556	43.2505555556,-6.5511111111	43.3922222222,-6.6555555556	43.4302777778,-6.6711111111	44.0327777778,-6.1480555556	44.05,-6.0	44.0544444444,-5.9347222222
155	345	1504301400	1504303199	8	44.0327777778,-6.1480555556	43.4302777778,-6.6711111111	43.5480555556,-6.6897222222	43.7027777778,-6.6577777778	43.8452777778,-6.5591666667	43.9625,-6.3911111111	44.0252777778,-6.2147222222	44.0327777778,-6.1480555556
345	999	1504301400	1504303199	23	44.0544444444,-5.9347222222	44.0252777778,-5.7852777778	43.9625,-5.6088888889	43.9447222222,-5.5716666667	43.8502777778,-5.4469444444	43.7027777778,-5.3422222222	43.5480555556,-5.3102777778	43.5288888889,-5.3208333333	43.3938888889,-5.3455555556	43.2505555556,-5.4488888889	43.1386111111,-5.6094444444	43.0741666667,-5.7883333333	43.0619444444,-5.9122222222	43.05,-6.0	43.0741666667,-6.2116666667	43.1111111111,-6.3169444444	43.1386111111,-6.3905555556	43.2505555556,-6.5511111111	43.3922222222,-6.6555555556	43.4302777778,-6.6711111111	44.0327777778,-6.1480555556	44.05,-6.0	44.0544444444,-5.9347222222
345	999	1504301400	1504303199	6	41.9416666667,-6.625	41.9333333333,-6.5666666667	41.7697222222,-6.4994444444	41.9363888889,-7.1169444444	41.9366666667,-7.1163888889	41.9416666667,-6.625
345	999	1504301400	1504303199	8	44.0327777778,-6.1480555556	43.4302777778,-6.6711111111	43.5480555556,-6.6897222222	43.7027777778,-6.6577777778	43.8452777778,-6.5591666667	43.9625,-6.3911111111	44.0252777778,-6.2147222222	44.0327777778,-6.1480555556
345	999	1504301400	1504303199	11	41.7697222222,-6.4994444444	41.6736111111,-6.3705555556	41.5916666667,-6.4508333333	41.7005555556,-6.6219444444	41.7305555556,-6.9816666667	41.7511111111,-7.2361111111	41.7722222222,-7.5105555556	41.8305555556,-7.4727777778	41.8527777778,-7.2666666667	41.9363888889,-7.1169444444	41.7697222222,-6.4994444444
345	999	1504301400	1504303199	7	42.1397222222,-8.2283333333	41.815,-8.0811111111	41.8236111111,-8.1994444444	41.8511111111,-8.5977777778	41.8675,-8.8436111111	42.0680555556,-8.5633333333	42.1397222222,-8.2283333333
345	999	1504301400	1504303199	19	42.1833333333,-6.3316666667	42.2997222222,-6.2822222222	42.3833333333,-6.0333333333	42.4666666667,-6.1833333333	42.7661111111,-6.1675	42.8277777778,-5.9822222222	42.8630555556,-5.8786111111	42.8966666667,-5.7752777778	42.9533333333,-5.6061111111	42.9602777778,-5.5488888889	42.98,-5.38	42.9655555556,-5.2583333333	42.7063888889,-5.4427777778	42.3705555556,-5.6775	42.2763888889,-5.7722222222	41.9838888889,-6.0644444444	42.0127777778,-6.1505555556	42.1033333333,-6.2755555556	42.1833333333,-6.3316666667
345	999	1504301400	1504303199	14	42.5666666667,-7.35	42.1833333333,-6.6666666667	42.04,-6.8233333333	41.9416666667,-6.625	41.9366666667,-7.1163888889	41.9363888889,-7.1169444444	41.8527777778,-7.2666666667	41.8305555556,-7.4727777778	41.8555555556,-7.6047222222	41.9086111111,-7.7758333333	42.1047222222,-7.7538888889	42.2536111111,-7.6425	42.4680555556,-7.4813888889	42.5666666667,-7.35
345	999	1504301400	1504303199	34	43.7633333333,-8.43	43.7219444444,-8.0738888889	43.6530555556,-7.8655555556	43.6158333333,-7.7797222222	43.4988888889,-7.5963888889	43.4275,-7.5130555556	43.3458333333,-7.4436111111	43.2130555556,-7.3575	43.1822222222,-7.3430555556	43.0438888889,-7.2908333333	42.8527777778,-7.2961111111	42.5666666667,-7.35	42.4680555556,-7.4813888889	42.2536111111,-7.6425	42.1047222222,-7.7538888889	41.9086111111,-7.7758333333	41.815,-8.0811111111	42.1397222222,-8.2283333333	42.0680555556,-8.5633333333	41.8675,-8.8436111111	41.8727777778,-8.9266666667	41.9255555556,-9.3619444444	41.9333333333,-9.4	42.3277777778,-9.2105555556	42.4347222222,-9.3416666667	42.4677777778,-9.3647222222	42.6675,-9.5080555556	42.9244444444,-9.5680555556	43.1822222222,-9.5169444444	43.4275,-9.3469444444	43.6158333333,-9.0802777778	43.7219444444,-8.7861111111	43.7583333333,-8.5	43.7633333333,-8.43
345	999	1504301400	1504303199	8	43.4302777778,-6.6711111111	42.5666666667,-7.35	42.8527777778,-7.2961111111	43.0438888889,-7.2908333333	43.1822222222,-7.3430555556	43.2130555556,-7.3575	43.3458333333,-7.4436111111	43.4302777778,-6.6711111111
345	999	1504301400	1504303199	20	44.6222222222,-5.625	44.5441666667,-5.1394444444	44.5052777778,-4.9475	44.4433333333,-4.6069444444	44.4125,-4.4361111111	44.3758333333,-4.2313888889	43.5041666667,-4.8733333333	43.4041666667,-4.945	43.3938888889,-5.3455555556	43.5288888889,-5.3208333333	43.5480555556,-5.3102777778	43.7027777778,-5.3422222222	43.8502777778,-5.4469444444	43.9447222222,-5.5716666667	43.9625,-5.6088888889	44.0252777778,-5.7852777778	44.0544444444,-5.9347222222	44.05,-6.0	44.0327777778,-6.1480555556	44.6222222222,-5.625
345	999	1504301400	1504303199	7	43.0741666667,-5.7883333333	42.8966666667,-5.7752777778	42.8630555556,-5.8786111111	42.8277777778,-5.9822222222	43.05,-6.0	43.0619444444,-5.9122222222	43.0741666667,-5.7883333333
345	999	1504301400	1504303199	7	41.8305555556,-7.4727777778	41.7722222222,-7.5105555556	41.7891666667,-7.73	41.7936111111,-7.7886111111	41.9086111111,-7.7758333333	41.8555555556,-7.6047222222	41.8305555556,-7.4727777778
345	999	1504301400	1504303199	4	41.9086111111,-7.7758333333	41.7936111111,-7.7886111111	41.815,-8.0811111111	41.9086111111,-7.7758333333
345	999	1504301400	1504303199	26	42.7661111111,-6.1675	42.4666666667,-6.1833333333	42.3833333333,-6.0333333333	42.2997222222,-6.2822222222	42.1833333333,-6.3316666667	42.1033333333,-6.2755555556	42.0127777778,-6.1505555556	41.9838888889,-6.0644444444	41.8302777778,-6.2166666667	41.7213888889,-6.3236111111	41.6736111111,-6.3705555556	41.7697222222,-6.4994444444	41.9333333333,-6.5666666667	41.9416666667,-6.625	42.04,-6.8233333333	42.1833333333,-6.6666666667	42.5666666667,-7.35	43.4302777778,-6.6711111111	43.3922222222,-6.6555555556	43.2505555556,-6.5511111111	43.1386111111,-6.3905555556	43.1111111111,-6.3169444444	43.0741666667,-6.2116666667	43.05,-6.0	42.8277777778,-5.9822222222	42.7661111111,-6.1675
345	999	1504301400	1504303199	57	45.0,-9.0	45.0,-8.75	45.0,-8.0	44.8352777778,-6.9197222222	44.8347222222,-6.9166666667	44.6588888889,-5.8366666667	44.6222222222,-5.625	44.0327777778,-6.1480555556	44.0252777778,-6.2147222222	43.9625,-6.3911111111	43.8452777778,-6.5591666667	43.7027777778,-6.6577777778	43.5480555556,-6.6897222222	43.4302777778,-6.6711111111	43.3458333333,-7.4436111111	43.4275,-7.5130555556	43.4988888889,-7.5963888889	43.6158333333,-7.7797222222	43.6530555556,-7.8655555556	43.7219444444,-8.0738888889	43.7633333333,-8.43	43.7583333333,-8.5	43.7219444444,-8.7861111111	43.6158333333,-9.0802777778	43.4275,-9.3469444444	43.1822222222,-9.5169444444	42.9244444444,-9.5680555556	42.6675,-9.5080555556	42.4677777778,-9.3647222222	42.4347222222,-9.3416666667	42.3277777778,-9.2105555556	41.9333333333,-9.4	42.0,-10.0	42.0238888889,-10.0680555556	42.2830555556,-10.8161111111	42.6788888889,-12.0	42.8333333333,-12.5	43.0,-13.0	43.5,-13.0	44.0,-13.0	44.5,-13.0	44.6366666667,-13.0	45.0,-13.0	45.0,-12.9166666667	45.0,-12.5833333333	45.0,-12.5	45.0,-12.2833333333	45.0,-12.0	45.0,-11.5652777778	45.0,-11.5	45.0,-11.0	45.0,-10.5	45.0,-10.0	45.0,-9.8366666667	45.0,-9.5	45.0,-9.13	45.0,-9.0
345	999	1504301400	1504303199	11	43.3938888889,-5.3455555556	43.4041666667,-4.945	42.9655555556,-5.2583333333	42.98,-5.38	42.9602777778,-5.5488888889	42.9533333333,-5.6061111111	42.8966666667,-5.7752777778	43.0741666667,-5.7883333333	43.1386111111,-5.6094444444	43.2505555556,-5.4488888889	43.3938888889,-5.3455555556
145	345	1504301400	1504303199	7	43.0741666667,-5.7883333333	42.8966666667,-5.7752777778	42.8630555556,-5.8786111111	42.8277777778,-5.9822222222	43.05,-6.0	43.0619444444,-5.9122222222	43.0741666667,-5.7883333333
145	345	1504301400	1504303199	19	42.1833333333,-6.3316666667	42.2997222222,-6.2822222222	42.3833333333,-6.0333333333	42.4666666667,-6.1833333333	42.7661111111,-6.1675	42.8277777778,-5.9822222222	42.8630555556,-5.8786111111	42.8966666667,-5.7752777778	42.9533333333,-5.6061111111	42.9602777778,-5.5488888889	42.98,-5.38	42.9655555556,-5.2583333333	42.7063888889,-5.4427777778	42.3705555556,-5.6775	42.2763888889,-5.7722222222	41.9838888889,-6.0644444444	42.0127777778,-6.1505555556	42.1033333333,-6.2755555556	42.1833333333,-6.3316666667
285	345	1504301400	1504303199	8	43.4302777778,-6.6711111111	42.5666666667,-7.35	42.8527777778,-7.2961111111	43.0438888889,-7.2908333333	43.1822222222,-7.3430555556	43.2130555556,-7.3575	43.3458333333,-7.4436111111	43.4302777778,-6.6711111111
0	285	1504301400	1504303199	8	43.4302777778,-6.6711111111	42.5666666667,-7.35	42.8527777778,-7.2961111111	43.0438888889,-7.2908333333	43.1822222222,-7.3430555556	43.2130555556,-7.3575	43.3458333333,-7.4436111111	43.4302777778,-6.6711111111
105	345	1504301400	1504303199	6	41.9416666667,-6.625	41.9333333333,-6.5666666667	41.7697222222,-6.4994444444	41.9363888889,-7.1169444444	41.9366666667,-7.1163888889	41.9416666667,-6.625
