12
0	345	1504290000	1504292399	57	45.0,-9.0	45.0,-8.75	45.0,-8.0	44.8352777778,-6.9197222222	44.8347222222,-6.9166666667	44.6588888889,-5.8366666667	44.6222222222,-5.625	44.0327777778,-6.1480555556	44.0252777778,-6.2147222222	43.9625,-6.3911111111	43.8452777778,-6.5591666667	43.7027777778,-6.6577777778	43.5480555556,-6.6897222222	43.4302777778,-6.6711111111	43.3458333333,-7.4436111111	43.4275,-7.5130555556	43.4988888889,-7.5963888889	43.6158333333,-7.7797222222	43.6530555556,-7.8655555556	43.7219444444,-8.0738888889	43.7633333333,-8.43	43.7583333333,-8.5	43.7219444444,-8.7861111111	43.6158333333,-9.0802777778	43.4275,-9.3469444444	43.1822222222,-9.5169444444	42.9244444444,-9.5680555556	42.6675,-9.5080555556	42.4677777778,-9.3647222222	42.4347222222,-9.3416666667	42.3277777778,-9.2105555556	41.9333333333,-9.4	42.0,-10.0	42.0238888889,-10.0680555556	42.2830555556,-10.8161111111	42.6788888889,-12.0	42.8333333333,-12.5	43.0,-13.0	43.5,-13.0	44.0,-13.0	44.5,-13.0	44.6366666667,-13.0	45.0,-13.0	45.0,-12.9166666667	45.0,-12.5833333333	45.0,-12.5	45.0,-12.2833333333	45.0,-12.0	45.0,-11.5652777778	45.0,-11.5	45.0,-11.0	45.0,-10.5	45.0,-10.0	45.0,-9.8366666667	45.0,-9.5	45.0,-9.13	45.0,-9.0
285	345	1504290000	1504292399	8	43.4302777778,-6.6711111111	42.5666666667,-7.35	42.8527777778,-7.2961111111	43.0438888889,-7.2908333333	43.1822222222,-7.3430555556	43.2130555556,-7.3575	43.3458333333,-7.4436111111	43.4302777778,-6.6711111111
345	999	1504290000	1504292399	34	43.7633333333,-8.43	43.7219444444,-8.0738888889	43.6530555556,-7.8655555556	43.6158333333,-7.7797222222	43.4988888889,-7.5963888889	43.4275,-7.5130555556	43.3458333333,-7.4436111111	43.2130555556,-7.3575	43.1822222222,-7.3430555556	43.0438888889,-7.2908333333	42.8527777778,-7.2961111111	42.5666666667,-7.35	42.4680555556,-7.4813888889	42.2536111111,-7.6425	42.1047222222,-7.7538888889	41.9086111111,-7.7758333333	41.815,-8.0811111111	42.1397222222,-8.2283333333	42.0680555556,-8.5633333333	41.8675,-8.8436111111	41.8727777778,-8.9266666667	41.9255555556,-9.3619444444	41.9333333333,-9.4	42.3277777778,-9.2105555556	42.4347222222,-9.3416666667	42.4677777778,-9.3647222222	42.6675,-9.5080555556	42.9244444444,-9.5680555556	43.1822222222,-9.5169444444	43.4275,-9.3469444444	43.6158333333,-9.0802777778	43.7219444444,-8.7861111111	43.7583333333,-8.5	43.7633333333,-8.43
345	999	1504290000	1504292399	4	41.9086111111,-7.7758333333	41.7936111111,-7.7886111111	41.815,-8.0811111111	41.9086111111,-7.7758333333
345	999	1504290000	1504292399	7	42.1397222222,-8.2283333333	41.815,-8.0811111111	41.8236111111,-8.1994444444	41.8511111111,-8.5977777778	41.8675,-8.8436111111	42.0680555556,-8.5633333333	42.1397222222,-8.2283333333
345	999	1504290000	1504292399	8	43.4302777778,-6.6711111111	42.5666666667,-7.35	42.8527777778,-7.2961111111	43.0438888889,-7.2908333333	43.1822222222,-7.3430555556	43.2130555556,-7.3575	43.3458333333,-7.4436111111	43.4302777778,-6.6711111111
345	999	1504290000	1504292399	8	44.0327777778,-6.1480555556	43.4302777778,-6.6711111111	43.5480555556,-6.6897222222	43.7027777778,-6.6577777778	43.8452777778,-6.5591666667	43.9625,-6.3911111111	44.0252777778,-6.2147222222	44.0327777778,-6.1480555556
345	999	1504290000	1504292399	57	45.0,-9.0	45.0,-8.75	45.0,-8.0	44.8352777778,-6.9197222222	44.8347222222,-6.9166666667	44.6588888889,-5.8366666667	44.6222222222,-5.625	44.0327777778,-6.1480555556	44.0252777778,-6.2147222222	43.9625,-6.3911111111	43.8452777778,-6.5591666667	43.7027777778,-6.6577777778	43.5480555556,-6.6897222222	43.4302777778,-6.6711111111	43.3458333333,-7.4436111111	43.4275,-7.5130555556	43.4988888889,-7.5963888889	43.6158333333,-7.7797222222	43.6530555556,-7.8655555556	43.7219444444,-8.0738888889	43.7633333333,-8.43	43.7583333333,-8.5	43.7219444444,-8.7861111111	43.6158333333,-9.0802777778	43.4275,-9.3469444444	43.1822222222,-9.5169444444	42.9244444444,-9.5680555556	42.6675,-9.5080555556	42.4677777778,-9.3647222222	42.4347222222,-9.3416666667	42.3277777778,-9.2105555556	41.9333333333,-9.4	42.0,-10.0	42.0238888889,-10.0680555556	42.2830555556,-10.8161111111	42.6788888889,-12.0	42.8333333333,-12.5	43.0,-13.0	43.5,-13.0	44.0,-13.0	44.5,-13.0	44.6366666667,-13.0	45.0,-13.0	45.0,-12.9166666667	45.0,-12.5833333333	45.0,-12.5	45.0,-12.2833333333	45.0,-12.0	45.0,-11.5652777778	45.0,-11.5	45.0,-11.0	45.0,-10.5	45.0,-10.0	45.0,-9.8366666667	45.0,-9.5	45.0,-9.13	45.0,-9.0
155	345	1504290000	1504292399	8	44.0327777778,-6.1480555556	43.4302777778,-6.6711111111	43.5480555556,-6.6897222222	43.7027777778,-6.6577777778	43.8452777778,-6.5591666667	43.9625,-6.3911111111	44.0252777778,-6.2147222222	44.0327777778,-6.1480555556
245	345	1504290000	1504292399	34	43.7633333333,-8.43	43.7219444444,-8.0738888889	43.6530555556,-7.8655555556	43.6158333333,-7.7797222222	43.4988888889,-7.5963888889	43.4275,-7.5130555556	43.3458333333,-7.4436111111	43.2130555556,-7.3575	43.1822222222,-7.3430555556	43.0438888889,-7.2908333333	42.8527777778,-7.2961111111	42.5666666667,-7.35	42.4680555556,-7.4813888889	42.2536111111,-7.6425	42.1047222222,-7.7538888889	41.9086111111,-7.7758333333	41.815,-8.0811111111	42.1397222222,-8.2283333333	42.0680555556,-8.5633333333	41.8675,-8.8436111111	41.8727777778,-8.9266666667	41.9255555556,-9.3619444444	41.9333333333,-9.4	42.3277777778,-9.2105555556	42.4347222222,-9.3416666667	42.4677777778,-9.3647222222	42.6675,-9.5080555556	42.9244444444,-9.5680555556	43.1822222222,-9.5169444444	43.4275,-9.3469444444	43.6158333333,-9.0802777778	43.7219444444,-8.7861111111	43.7583333333,-8.5	43.7633333333,-8.43
245	345	1504290000	1504292399	4	41.9086111111,-7.7758333333	41.7936111111,-7.7886111111	41.815,-8.0811111111	41.9086111111,-7.7758333333
245	345	1504290000	1504292399	7	42.1397222222,-8.2283333333	41.815,-8.0811111111	41.8236111111,-8.1994444444	41.8511111111,-8.5977777778	41.8675,-8.8436111111	42.0680555556,-8.5633333333	42.1397222222,-8.2283333333
