10
345	999	1504241100	1504241999	16	41.4052777778,-5.6427777778	40.6,-4.6666666667	40.3333333333,-4.6666666667	40.2816666667,-4.7983333333	40.2469444444,-4.9827777778	40.1922222222,-5.0344444444	40.125,-5.2083333333	39.6861111111,-6.2666666667	39.6861111111,-6.4138888889	39.8016666667,-6.4005555556	39.8597222222,-6.3933333333	40.0177777778,-6.3736111111	40.5836111111,-6.3025	40.8525,-6.2922222222	41.1527777778,-5.9416666667	41.4052777778,-5.6427777778
345	999	1504241100	1504241999	8	41.9838888889,-6.0644444444	41.9558333333,-5.9819444444	41.94,-5.84	41.5833333333,-6.25	41.6736111111,-6.3705555556	41.7213888889,-6.3236111111	41.8302777778,-6.2166666667	41.9838888889,-6.0644444444
345	999	1504241100	1504241999	18	39.3808333333,-5.2269444444	38.9997222222,-5.3502777778	39.0,-5.7813888889	39.0,-6.2247222222	39.0641666667,-6.2658333333	39.1566666667,-6.3841666667	39.2161111111,-6.5336111111	39.2333333333,-6.6833333333	39.2308333333,-6.7111111111	39.3294444444,-6.4586111111	39.5244444444,-6.4347222222	39.6861111111,-6.4138888889	39.6861111111,-6.2666666667	40.125,-5.2083333333	40.1922222222,-5.0344444444	40.2469444444,-4.9827777778	40.2063888889,-4.9944444444	39.3808333333,-5.2269444444
345	999	1504241100	1504241999	5	41.6736111111,-6.3705555556	41.5833333333,-6.25	41.4830555556,-6.28	41.5916666667,-6.4508333333	41.6736111111,-6.3705555556
345	999	1504241100	1504241999	14	39.2308333333,-6.7111111111	39.2333333333,-6.6833333333	39.2161111111,-6.5336111111	39.1566666667,-6.3841666667	39.0641666667,-6.2658333333	39.0,-6.2247222222	39.0,-6.9736111111	39.0225,-6.9552777778	39.0375,-6.9636111111	39.0569444444,-6.9647222222	39.0738888889,-6.9752777778	39.1036111111,-7.01	39.1166666667,-7.0166666667	39.2308333333,-6.7111111111
345	999	1504241100	1504241999	10	39.1166666667,-7.0166666667	39.1036111111,-7.01	39.0738888889,-6.9752777778	39.0569444444,-6.9647222222	39.0375,-6.9636111111	39.0225,-6.9552777778	39.0,-6.9736111111	39.0,-7.0483333333	39.1088888889,-7.0283333333	39.1166666667,-7.0166666667
345	999	1504241100	1504241999	15	42.0,-5.6666666667	41.9708333333,-5.6275	41.2444444444,-4.6666666667	40.6,-4.6666666667	41.4052777778,-5.6427777778	41.1527777778,-5.9416666667	40.8525,-6.2922222222	40.9908333333,-6.2886111111	41.1733333333,-6.2822222222	41.3075,-6.2777777778	41.4830555556,-6.28	41.5833333333,-6.25	41.94,-5.84	41.9588888889,-5.7197222222	42.0,-5.6666666667
345	999	1504241100	1504241999	11	42.1861111111,-4.9136111111	42.2066666667,-4.74	42.1863888889,-4.5597222222	42.1363888889,-4.4325	41.4891666667,-4.6211111111	41.3711111111,-4.6566666667	41.8402777778,-5.2925	41.9177777778,-5.2725	42.0355555556,-5.1922222222	42.1305555556,-5.0630555556	42.1861111111,-4.9136111111
345	999	1504241100	1504241999	24	42.3333333333,-4.375	42.1363888889,-4.4325	42.1863888889,-4.5597222222	42.2066666667,-4.74	42.1861111111,-4.9136111111	42.1305555556,-5.0630555556	42.0355555556,-5.1922222222	41.9177777778,-5.2725	41.8402777778,-5.2925	41.3711111111,-4.6566666667	41.2641666667,-4.6869444444	41.2216666667,-4.5527777778	41.175,-4.6111111111	40.8833333333,-4.6111111111	40.6402777778,-4.6111111111	40.3122222222,-4.6111111111	40.2816666667,-4.7983333333	40.3333333333,-4.6666666667	40.6,-4.6666666667	41.2444444444,-4.6666666667	41.9708333333,-5.6275	42.2605555556,-5.0741666667	42.3513888889,-4.9391666667	42.3333333333,-4.375
345	999	1504241100	1504241999	11	42.3513888889,-4.9391666667	42.2605555556,-5.0741666667	41.9708333333,-5.6275	42.0,-5.6666666667	41.9588888889,-5.7197222222	41.94,-5.84	41.9558333333,-5.9819444444	41.9838888889,-6.0644444444	42.2763888889,-5.7722222222	42.3705555556,-5.6775	42.3513888889,-4.9391666667
