39
245	345	1504306800	1504310399	24	41.2216666667,-4.5527777778	41.0611111111,-4.0452777778	40.8941666667,-3.9205555556	40.995,-3.8352777778	40.9330555556,-3.6411111111	40.9944444444,-3.5111111111	41.0,-3.5	41.3030555556,-2.8486111111	41.0333333333,-2.8333333333	40.7783333333,-2.8491666667	40.5,-2.8666666667	40.3808333333,-2.9105555556	40.2408333333,-2.9625	39.7333333333,-3.1491666667	39.5830555556,-3.2041666667	39.5527777778,-4.1347222222	39.9,-4.5627777778	39.9388888889,-4.6111111111	40.1541666667,-4.6111111111	40.3122222222,-4.6111111111	40.6402777778,-4.6111111111	40.8833333333,-4.6111111111	41.175,-4.6111111111	41.2216666667,-4.5527777778
245	345	1504306800	1504310399	5	40.2816666667,-4.7983333333	40.2152777778,-4.9688888889	40.2063888889,-4.9944444444	40.2469444444,-4.9827777778	40.2816666667,-4.7983333333
145	325	1504306800	1504310399	11	42.3513888889,-4.9391666667	42.2605555556,-5.0741666667	41.9708333333,-5.6275	42.0,-5.6666666667	41.9588888889,-5.7197222222	41.94,-5.84	41.9558333333,-5.9819444444	41.9838888889,-6.0644444444	42.2763888889,-5.7722222222	42.3705555556,-5.6775	42.3513888889,-4.9391666667
0	345	1504306800	1504310399	18	39.9,-4.5627777778	39.5527777778,-4.1347222222	39.5830555556,-3.2041666667	39.1386111111,-3.3663888889	39.1380555556,-4.4922222222	39.0005555556,-4.5741666667	39.0,-4.8977777778	39.0,-4.9619444444	39.0,-5.15	38.9997222222,-5.3502777778	39.3808333333,-5.2269444444	40.2063888889,-4.9944444444	40.2152777778,-4.9688888889	40.2816666667,-4.7983333333	40.3122222222,-4.6111111111	40.1541666667,-4.6111111111	39.9388888889,-4.6111111111	39.9,-4.5627777778
0	345	1504306800	1504310399	13	39.1380555556,-4.4922222222	39.1386111111,-3.3663888889	39.0,-3.4166666667	39.0,-3.5422222222	39.0,-3.6544444444	39.0,-3.7072222222	39.0,-3.9083333333	39.0,-4.0811111111	39.0,-4.2666666667	39.0,-4.2694444444	39.0,-4.4644444444	39.0005555556,-4.5741666667	39.1380555556,-4.4922222222
345	999	1504306800	1504310399	16	41.4052777778,-5.6427777778	40.6,-4.6666666667	40.3333333333,-4.6666666667	40.2816666667,-4.7983333333	40.2469444444,-4.9827777778	40.1922222222,-5.0344444444	40.125,-5.2083333333	39.6861111111,-6.2666666667	39.6861111111,-6.4138888889	39.8016666667,-6.4005555556	39.8597222222,-6.3933333333	40.0177777778,-6.3736111111	40.5836111111,-6.3025	40.8525,-6.2922222222	41.1527777778,-5.9416666667	41.4052777778,-5.6427777778
345	999	1504306800	1504310399	18	39.3808333333,-5.2269444444	38.9997222222,-5.3502777778	39.0,-5.7813888889	39.0,-6.2247222222	39.0641666667,-6.2658333333	39.1566666667,-6.3841666667	39.2161111111,-6.5336111111	39.2333333333,-6.6833333333	39.2308333333,-6.7111111111	39.3294444444,-6.4586111111	39.5244444444,-6.4347222222	39.6861111111,-6.4138888889	39.6861111111,-6.2666666667	40.125,-5.2083333333	40.1922222222,-5.0344444444	40.2469444444,-4.9827777778	40.2063888889,-4.9944444444	39.3808333333,-5.2269444444
345	999	1504306800	1504310399	13	39.1380555556,-4.4922222222	39.1386111111,-3.3663888889	39.0,-3.4166666667	39.0,-3.5422222222	39.0,-3.6544444444	39.0,-3.7072222222	39.0,-3.9083333333	39.0,-4.0811111111	39.0,-4.2666666667	39.0,-4.2694444444	39.0,-4.4644444444	39.0005555556,-4.5741666667	39.1380555556,-4.4922222222
345	999	1504306800	1504310399	8	41.9838888889,-6.0644444444	41.9558333333,-5.9819444444	41.94,-5.84	41.5833333333,-6.25	41.6736111111,-6.3705555556	41.7213888889,-6.3236111111	41.8302777778,-6.2166666667	41.9838888889,-6.0644444444
345	999	1504306800	1504310399	24	41.2216666667,-4.5527777778	41.0611111111,-4.0452777778	40.8941666667,-3.9205555556	40.995,-3.8352777778	40.9330555556,-3.6411111111	40.9944444444,-3.5111111111	41.0,-3.5	41.3030555556,-2.8486111111	41.0333333333,-2.8333333333	40.7783333333,-2.8491666667	40.5,-2.8666666667	40.3808333333,-2.9105555556	40.2408333333,-2.9625	39.7333333333,-3.1491666667	39.5830555556,-3.2041666667	39.5527777778,-4.1347222222	39.9,-4.5627777778	39.9388888889,-4.6111111111	40.1541666667,-4.6111111111	40.3122222222,-4.6111111111	40.6402777778,-4.6111111111	40.8833333333,-4.6111111111	41.175,-4.6111111111	41.2216666667,-4.5527777778
345	999	1504306800	1504310399	18	39.9,-4.5627777778	39.5527777778,-4.1347222222	39.5830555556,-3.2041666667	39.1386111111,-3.3663888889	39.1380555556,-4.4922222222	39.0005555556,-4.5741666667	39.0,-4.8977777778	39.0,-4.9619444444	39.0,-5.15	38.9997222222,-5.3502777778	39.3808333333,-5.2269444444	40.2063888889,-4.9944444444	40.2152777778,-4.9688888889	40.2816666667,-4.7983333333	40.3122222222,-4.6111111111	40.1541666667,-4.6111111111	39.9388888889,-4.6111111111	39.9,-4.5627777778
345	999	1504306800	1504310399	5	40.2816666667,-4.7983333333	40.2152777778,-4.9688888889	40.2063888889,-4.9944444444	40.2469444444,-4.9827777778	40.2816666667,-4.7983333333
345	999	1504306800	1504310399	5	41.6736111111,-6.3705555556	41.5833333333,-6.25	41.4830555556,-6.28	41.5916666667,-6.4508333333	41.6736111111,-6.3705555556
345	999	1504306800	1504310399	14	39.2308333333,-6.7111111111	39.2333333333,-6.6833333333	39.2161111111,-6.5336111111	39.1566666667,-6.3841666667	39.0641666667,-6.2658333333	39.0,-6.2247222222	39.0,-6.9736111111	39.0225,-6.9552777778	39.0375,-6.9636111111	39.0569444444,-6.9647222222	39.0738888889,-6.9752777778	39.1036111111,-7.01	39.1166666667,-7.0166666667	39.2308333333,-6.7111111111
345	999	1504306800	1504310399	10	39.1166666667,-7.0166666667	39.1036111111,-7.01	39.0738888889,-6.9752777778	39.0569444444,-6.9647222222	39.0375,-6.9636111111	39.0225,-6.9552777778	39.0,-6.9736111111	39.0,-7.0483333333	39.1088888889,-7.0283333333	39.1166666667,-7.0166666667
345	999	1504306800	1504310399	15	42.0,-5.6666666667	41.9708333333,-5.6275	41.2444444444,-4.6666666667	40.6,-4.6666666667	41.4052777778,-5.6427777778	41.1527777778,-5.9416666667	40.8525,-6.2922222222	40.9908333333,-6.2886111111	41.1733333333,-6.2822222222	41.3075,-6.2777777778	41.4830555556,-6.28	41.5833333333,-6.25	41.94,-5.84	41.9588888889,-5.7197222222	42.0,-5.6666666667
345	999	1504306800	1504310399	11	42.1861111111,-4.9136111111	42.2066666667,-4.74	42.1863888889,-4.5597222222	42.1363888889,-4.4325	41.4891666667,-4.6211111111	41.3711111111,-4.6566666667	41.8402777778,-5.2925	41.9177777778,-5.2725	42.0355555556,-5.1922222222	42.1305555556,-5.0630555556	42.1861111111,-4.9136111111
345	999	1504306800	1504310399	24	42.3333333333,-4.375	42.1363888889,-4.4325	42.1863888889,-4.5597222222	42.2066666667,-4.74	42.1861111111,-4.9136111111	42.1305555556,-5.0630555556	42.0355555556,-5.1922222222	41.9177777778,-5.2725	41.8402777778,-5.2925	41.3711111111,-4.6566666667	41.2641666667,-4.6869444444	41.2216666667,-4.5527777778	41.175,-4.6111111111	40.8833333333,-4.6111111111	40.6402777778,-4.6111111111	40.3122222222,-4.6111111111	40.2816666667,-4.7983333333	40.3333333333,-4.6666666667	40.6,-4.6666666667	41.2444444444,-4.6666666667	41.9708333333,-5.6275	42.2605555556,-5.0741666667	42.3513888889,-4.9391666667	42.3333333333,-4.375
345	999	1504306800	1504310399	11	42.3513888889,-4.9391666667	42.2605555556,-5.0741666667	41.9708333333,-5.6275	42.0,-5.6666666667	41.9588888889,-5.7197222222	41.94,-5.84	41.9558333333,-5.9819444444	41.9838888889,-6.0644444444	42.2763888889,-5.7722222222	42.3705555556,-5.6775	42.3513888889,-4.9391666667
345	999	1504306800	1504310399	4	40.995,-3.8352777778	40.8941666667,-3.9205555556	41.0611111111,-4.0452777778	40.995,-3.8352777778
325	345	1504306800	1504310399	16	41.4052777778,-5.6427777778	40.6,-4.6666666667	40.3333333333,-4.6666666667	40.2816666667,-4.7983333333	40.2469444444,-4.9827777778	40.1922222222,-5.0344444444	40.125,-5.2083333333	39.6861111111,-6.2666666667	39.6861111111,-6.4138888889	39.8016666667,-6.4005555556	39.8597222222,-6.3933333333	40.0177777778,-6.3736111111	40.5836111111,-6.3025	40.8525,-6.2922222222	41.1527777778,-5.9416666667	41.4052777778,-5.6427777778
325	345	1504306800	1504310399	8	41.9838888889,-6.0644444444	41.9558333333,-5.9819444444	41.94,-5.84	41.5833333333,-6.25	41.6736111111,-6.3705555556	41.7213888889,-6.3236111111	41.8302777778,-6.2166666667	41.9838888889,-6.0644444444
325	345	1504306800	1504310399	18	39.3808333333,-5.2269444444	38.9997222222,-5.3502777778	39.0,-5.7813888889	39.0,-6.2247222222	39.0641666667,-6.2658333333	39.1566666667,-6.3841666667	39.2161111111,-6.5336111111	39.2333333333,-6.6833333333	39.2308333333,-6.7111111111	39.3294444444,-6.4586111111	39.5244444444,-6.4347222222	39.6861111111,-6.4138888889	39.6861111111,-6.2666666667	40.125,-5.2083333333	40.1922222222,-5.0344444444	40.2469444444,-4.9827777778	40.2063888889,-4.9944444444	39.3808333333,-5.2269444444
325	345	1504306800	1504310399	11	42.1861111111,-4.9136111111	42.2066666667,-4.74	42.1863888889,-4.5597222222	42.1363888889,-4.4325	41.4891666667,-4.6211111111	41.3711111111,-4.6566666667	41.8402777778,-5.2925	41.9177777778,-5.2725	42.0355555556,-5.1922222222	42.1305555556,-5.0630555556	42.1861111111,-4.9136111111
325	345	1504306800	1504310399	5	41.6736111111,-6.3705555556	41.5833333333,-6.25	41.4830555556,-6.28	41.5916666667,-6.4508333333	41.6736111111,-6.3705555556
325	345	1504306800	1504310399	14	39.2308333333,-6.7111111111	39.2333333333,-6.6833333333	39.2161111111,-6.5336111111	39.1566666667,-6.3841666667	39.0641666667,-6.2658333333	39.0,-6.2247222222	39.0,-6.9736111111	39.0225,-6.9552777778	39.0375,-6.9636111111	39.0569444444,-6.9647222222	39.0738888889,-6.9752777778	39.1036111111,-7.01	39.1166666667,-7.0166666667	39.2308333333,-6.7111111111
325	345	1504306800	1504310399	10	39.1166666667,-7.0166666667	39.1036111111,-7.01	39.0738888889,-6.9752777778	39.0569444444,-6.9647222222	39.0375,-6.9636111111	39.0225,-6.9552777778	39.0,-6.9736111111	39.0,-7.0483333333	39.1088888889,-7.0283333333	39.1166666667,-7.0166666667
325	345	1504306800	1504310399	11	42.3513888889,-4.9391666667	42.2605555556,-5.0741666667	41.9708333333,-5.6275	42.0,-5.6666666667	41.9588888889,-5.7197222222	41.94,-5.84	41.9558333333,-5.9819444444	41.9838888889,-6.0644444444	42.2763888889,-5.7722222222	42.3705555556,-5.6775	42.3513888889,-4.9391666667
325	345	1504306800	1504310399	15	42.0,-5.6666666667	41.9708333333,-5.6275	41.2444444444,-4.6666666667	40.6,-4.6666666667	41.4052777778,-5.6427777778	41.1527777778,-5.9416666667	40.8525,-6.2922222222	40.9908333333,-6.2886111111	41.1733333333,-6.2822222222	41.3075,-6.2777777778	41.4830555556,-6.28	41.5833333333,-6.25	41.94,-5.84	41.9588888889,-5.7197222222	42.0,-5.6666666667
325	345	1504306800	1504310399	24	42.3333333333,-4.375	42.1363888889,-4.4325	42.1863888889,-4.5597222222	42.2066666667,-4.74	42.1861111111,-4.9136111111	42.1305555556,-5.0630555556	42.0355555556,-5.1922222222	41.9177777778,-5.2725	41.8402777778,-5.2925	41.3711111111,-4.6566666667	41.2641666667,-4.6869444444	41.2216666667,-4.5527777778	41.175,-4.6111111111	40.8833333333,-4.6111111111	40.6402777778,-4.6111111111	40.3122222222,-4.6111111111	40.2816666667,-4.7983333333	40.3333333333,-4.6666666667	40.6,-4.6666666667	41.2444444444,-4.6666666667	41.9708333333,-5.6275	42.2605555556,-5.0741666667	42.3513888889,-4.9391666667	42.3333333333,-4.375
0	325	1504306800	1504310399	24	42.3333333333,-4.375	42.1363888889,-4.4325	42.1863888889,-4.5597222222	42.2066666667,-4.74	42.1861111111,-4.9136111111	42.1305555556,-5.0630555556	42.0355555556,-5.1922222222	41.9177777778,-5.2725	41.8402777778,-5.2925	41.3711111111,-4.6566666667	41.2641666667,-4.6869444444	41.2216666667,-4.5527777778	41.175,-4.6111111111	40.8833333333,-4.6111111111	40.6402777778,-4.6111111111	40.3122222222,-4.6111111111	40.2816666667,-4.7983333333	40.3333333333,-4.6666666667	40.6,-4.6666666667	41.2444444444,-4.6666666667	41.9708333333,-5.6275	42.2605555556,-5.0741666667	42.3513888889,-4.9391666667	42.3333333333,-4.375
0	325	1504306800	1504310399	18	39.3808333333,-5.2269444444	38.9997222222,-5.3502777778	39.0,-5.7813888889	39.0,-6.2247222222	39.0641666667,-6.2658333333	39.1566666667,-6.3841666667	39.2161111111,-6.5336111111	39.2333333333,-6.6833333333	39.2308333333,-6.7111111111	39.3294444444,-6.4586111111	39.5244444444,-6.4347222222	39.6861111111,-6.4138888889	39.6861111111,-6.2666666667	40.125,-5.2083333333	40.1922222222,-5.0344444444	40.2469444444,-4.9827777778	40.2063888889,-4.9944444444	39.3808333333,-5.2269444444
0	325	1504306800	1504310399	8	41.9838888889,-6.0644444444	41.9558333333,-5.9819444444	41.94,-5.84	41.5833333333,-6.25	41.6736111111,-6.3705555556	41.7213888889,-6.3236111111	41.8302777778,-6.2166666667	41.9838888889,-6.0644444444
245	325	1504306800	1504310399	5	41.6736111111,-6.3705555556	41.5833333333,-6.25	41.4830555556,-6.28	41.5916666667,-6.4508333333	41.6736111111,-6.3705555556
245	325	1504306800	1504310399	14	39.2308333333,-6.7111111111	39.2333333333,-6.6833333333	39.2161111111,-6.5336111111	39.1566666667,-6.3841666667	39.0641666667,-6.2658333333	39.0,-6.2247222222	39.0,-6.9736111111	39.0225,-6.9552777778	39.0375,-6.9636111111	39.0569444444,-6.9647222222	39.0738888889,-6.9752777778	39.1036111111,-7.01	39.1166666667,-7.0166666667	39.2308333333,-6.7111111111
245	325	1504306800	1504310399	16	41.4052777778,-5.6427777778	40.6,-4.6666666667	40.3333333333,-4.6666666667	40.2816666667,-4.7983333333	40.2469444444,-4.9827777778	40.1922222222,-5.0344444444	40.125,-5.2083333333	39.6861111111,-6.2666666667	39.6861111111,-6.4138888889	39.8016666667,-6.4005555556	39.8597222222,-6.3933333333	40.0177777778,-6.3736111111	40.5836111111,-6.3025	40.8525,-6.2922222222	41.1527777778,-5.9416666667	41.4052777778,-5.6427777778
245	325	1504306800	1504310399	10	39.1166666667,-7.0166666667	39.1036111111,-7.01	39.0738888889,-6.9752777778	39.0569444444,-6.9647222222	39.0375,-6.9636111111	39.0225,-6.9552777778	39.0,-6.9736111111	39.0,-7.0483333333	39.1088888889,-7.0283333333	39.1166666667,-7.0166666667
105	325	1504306800	1504310399	15	42.0,-5.6666666667	41.9708333333,-5.6275	41.2444444444,-4.6666666667	40.6,-4.6666666667	41.4052777778,-5.6427777778	41.1527777778,-5.9416666667	40.8525,-6.2922222222	40.9908333333,-6.2886111111	41.1733333333,-6.2822222222	41.3075,-6.2777777778	41.4830555556,-6.28	41.5833333333,-6.25	41.94,-5.84	41.9588888889,-5.7197222222	42.0,-5.6666666667
105	325	1504306800	1504310399	11	42.1861111111,-4.9136111111	42.2066666667,-4.74	42.1863888889,-4.5597222222	42.1363888889,-4.4325	41.4891666667,-4.6211111111	41.3711111111,-4.6566666667	41.8402777778,-5.2925	41.9177777778,-5.2725	42.0355555556,-5.1922222222	42.1305555556,-5.0630555556	42.1861111111,-4.9136111111
