18
0	305	1504245600	1504256399	6	37.5263888889,-3.7619444444	37.3105555556,-4.2083333333	37.3386111111,-4.3933333333	37.5333333333,-4.2555555556	37.5277777778,-3.7788888889	37.5263888889,-3.7619444444
0	305	1504245600	1504256399	6	37.8638888889,-3.2175	37.5816666667,-2.7805555556	37.5194444444,-2.9583333333	37.5194444444,-3.2625	37.7797222222,-3.2341666667	37.8638888889,-3.2175
0	305	1504245600	1504256399	7	36.7138888889,-1.6994444444	36.6377777778,-1.4988888889	36.4530555556,-1.9236111111	36.5197222222,-1.825	36.6027777778,-1.7483333333	36.6819444444,-1.7052777778	36.7138888889,-1.6994444444
0	305	1504245600	1504256399	25	37.9519444444,-1.6677777778	37.8977777778,-1.5841666667	37.9075,-1.5575	37.8827777778,-1.5647222222	37.09,-1.7722222222	37.1641666667,-1.8475	37.2452777778,-1.985	37.2861111111,-2.1241666667	37.2997222222,-2.29	37.2494444444,-2.5155555556	37.1958333333,-2.6269444444	37.0513888889,-2.7741666667	36.9769444444,-2.8102777778	36.8316666667,-2.8408333333	36.6819444444,-2.8080555556	36.6027777778,-2.7647222222	36.4694444444,-2.6236111111	36.4166666667,-2.5105555556	36.3291666667,-3.9144444444	36.6422222222,-3.3561111111	37.0,-3.3180555556	37.5194444444,-3.2625	37.5194444444,-2.9583333333	37.5816666667,-2.7805555556	37.9519444444,-1.6677777778
0	305	1504245600	1504256399	5	36.9769444444,-1.7027777778	36.8833333333,-1.6463888889	36.85,-1.6666666667	36.85,-1.6741666667	36.9769444444,-1.7027777778
0	305	1504245600	1504256399	6	37.8638888889,-3.2175	37.7797222222,-3.2341666667	37.5263888889,-3.7619444444	37.5277777778,-3.7788888889	37.7333333333,-3.695	37.8638888889,-3.2175
0	305	1504245600	1504256399	6	37.0,-3.3180555556	36.6422222222,-3.3561111111	36.3291666667,-3.9144444444	36.645,-3.9041666667	37.0,-4.0661111111	37.0,-3.3180555556
0	305	1504245600	1504256399	6	36.8833333333,-1.6463888889	36.6377777778,-1.4988888889	36.7138888889,-1.6994444444	36.85,-1.6741666667	36.85,-1.6666666667	36.8833333333,-1.6463888889
75	305	1504245600	1504256399	6	37.5194444444,-3.2625	37.0,-3.3180555556	37.0,-4.0661111111	37.3105555556,-4.2083333333	37.5263888889,-3.7619444444	37.5194444444,-3.2625
75	305	1504245600	1504256399	4	37.7797222222,-3.2341666667	37.5194444444,-3.2625	37.5263888889,-3.7619444444	37.7797222222,-3.2341666667
145	305	1504245600	1504256399	7	37.1533333333,-4.5186111111	36.8813888889,-4.4763888889	36.7180555556,-4.5769444444	36.8427777778,-4.7577777778	36.8711111111,-4.7463888889	36.8727777778,-4.7080555556	37.1533333333,-4.5186111111
145	305	1504245600	1504256399	8	36.3291666667,-3.9144444444	36.2436111111,-4.0	36.2422222222,-4.6652777778	36.3377777778,-4.8294444444	36.6833333333,-4.5275	36.6341666667,-4.4866666667	36.5936111111,-4.2461111111	36.3291666667,-3.9144444444
145	305	1504245600	1504256399	7	36.7761111111,-1.8611111111	36.7138888889,-1.6994444444	36.6819444444,-1.7052777778	36.6027777778,-1.7483333333	36.5197222222,-1.825	36.4530555556,-1.9236111111	36.7761111111,-1.8611111111
145	305	1504245600	1504256399	12	37.3105555556,-4.2083333333	37.0,-4.0661111111	36.645,-3.9041666667	36.3291666667,-3.9144444444	36.5936111111,-4.2461111111	36.6341666667,-4.4866666667	36.6833333333,-4.5275	36.7180555556,-4.5769444444	36.8813888889,-4.4763888889	37.1533333333,-4.5186111111	37.3386111111,-4.3933333333	37.3105555556,-4.2083333333
145	305	1504245600	1504256399	6	37.09,-1.7722222222	37.0633333333,-1.7508333333	36.9769444444,-1.7027777778	36.85,-1.6741666667	36.85,-1.8333333333	37.09,-1.7722222222
145	305	1504245600	1504256399	18	37.2997222222,-2.29	37.2861111111,-2.1241666667	37.2452777778,-1.985	37.1641666667,-1.8475	37.09,-1.7722222222	36.85,-1.8333333333	36.7761111111,-1.8611111111	36.4530555556,-1.9236111111	36.4166666667,-2.5105555556	36.4694444444,-2.6236111111	36.6027777778,-2.7647222222	36.6819444444,-2.8080555556	36.8316666667,-2.8408333333	36.9769444444,-2.8102777778	37.0513888889,-2.7741666667	37.1958333333,-2.6269444444	37.2494444444,-2.5155555556	37.2997222222,-2.29
145	305	1504245600	1504256399	8	36.8711111111,-4.7463888889	36.8427777778,-4.7577777778	36.7180555556,-4.5769444444	36.6833333333,-4.5275	36.3377777778,-4.8294444444	36.4875,-5.0427777778	36.8583333333,-5.0386111111	36.8711111111,-4.7463888889
145	305	1504245600	1504256399	5	36.85,-1.6741666667	36.7138888889,-1.6994444444	36.7761111111,-1.8611111111	36.85,-1.8333333333	36.85,-1.6741666667
