20
0	305	1504245600	1504256399	9	38.5194444444,-4.3002777778	37.5333333333,-4.7416666667	37.5333333333,-5.0625	37.9833333333,-4.95	37.9863888889,-5.1197222222	38.5,-4.9333333333	38.8038888889,-4.5297222222	38.5194444444,-4.3488888889	38.5194444444,-4.3002777778
0	305	1504245600	1504256399	6	39.0,-4.0811111111	38.5194444444,-4.3002777778	38.5194444444,-4.3488888889	38.8038888889,-4.5297222222	39.0,-4.2666666667	39.0,-4.0811111111
0	305	1504245600	1504256399	6	39.0,-3.7072222222	38.5197222222,-3.8888888889	38.5194444444,-4.3002777778	39.0,-4.0811111111	39.0,-3.9083333333	39.0,-3.7072222222
0	305	1504245600	1504256399	5	38.5197222222,-3.8888888889	37.5333333333,-4.2555555556	37.5333333333,-4.7416666667	38.5194444444,-4.3002777778	38.5197222222,-3.8888888889
0	305	1504245600	1504256399	8	37.5333333333,-4.2555555556	37.3386111111,-4.3933333333	37.3594444444,-4.5508333333	37.3833333333,-4.7069444444	37.3833333333,-5.1005555556	37.5333333333,-5.0625	37.5333333333,-4.7416666667	37.5333333333,-4.2555555556
205	305	1504245600	1504256399	5	37.9833333333,-4.95	37.5333333333,-5.0625	37.5333333333,-5.2833333333	37.9863888889,-5.1197222222	37.9833333333,-4.95
205	305	1504245600	1504256399	8	37.5333333333,-5.0625	37.3833333333,-5.1005555556	37.35,-5.15	37.0638888889,-5.1472222222	37.0144444444,-5.5869444444	37.2247222222,-5.3902777778	37.5333333333,-5.2833333333	37.5333333333,-5.0625
205	999	1504245600	1504256399	8	37.0638888889,-5.1472222222	37.0,-5.15	36.4683333333,-5.835	36.2361111111,-6.1333333333	36.2361111111,-6.3166666667	36.445,-6.1169444444	37.0144444444,-5.5869444444	37.0638888889,-5.1472222222
205	999	1504245600	1504256399	16	37.0,-5.15	36.85,-5.15	36.8583333333,-5.0386111111	36.4875,-5.0427777778	36.1666666667,-5.6666666667	35.8333333333,-5.7	35.8333333333,-5.9544444444	35.8333333333,-6.2391666667	35.8333333333,-6.3238888889	35.8333333333,-6.4508333333	35.8333333333,-6.6322222222	35.8333333333,-6.7175	36.2361111111,-6.3166666667	36.2361111111,-6.1333333333	36.4683333333,-5.835	37.0,-5.15
145	305	1504245600	1504256399	10	37.3833333333,-5.1005555556	37.3833333333,-4.7069444444	37.3594444444,-4.5508333333	36.8711111111,-4.7463888889	36.8583333333,-5.0386111111	36.85,-5.15	37.0,-5.15	37.0638888889,-5.1472222222	37.35,-5.15	37.3833333333,-5.1005555556
145	305	1504245600	1504256399	4	37.3594444444,-4.5508333333	37.3386111111,-4.3933333333	37.1533333333,-4.5186111111	37.3594444444,-4.5508333333
145	305	1504245600	1504256399	5	37.3594444444,-4.5508333333	37.1533333333,-4.5186111111	36.8727777778,-4.7080555556	36.8711111111,-4.7463888889	37.3594444444,-4.5508333333
305	999	1504245600	1504256399	6	39.0,-4.0811111111	38.5194444444,-4.3002777778	38.5194444444,-4.3488888889	38.8038888889,-4.5297222222	39.0,-4.2666666667	39.0,-4.0811111111
305	999	1504245600	1504256399	5	37.9833333333,-4.95	37.5333333333,-5.0625	37.5333333333,-5.2833333333	37.9863888889,-5.1197222222	37.9833333333,-4.95
305	999	1504245600	1504256399	10	37.3833333333,-5.1005555556	37.3833333333,-4.7069444444	37.3594444444,-4.5508333333	36.8711111111,-4.7463888889	36.8583333333,-5.0386111111	36.85,-5.15	37.0,-5.15	37.0638888889,-5.1472222222	37.35,-5.15	37.3833333333,-5.1005555556
305	999	1504245600	1504256399	5	37.3594444444,-4.5508333333	37.1533333333,-4.5186111111	36.8727777778,-4.7080555556	36.8711111111,-4.7463888889	37.3594444444,-4.5508333333
305	999	1504245600	1504256399	9	38.5194444444,-4.3002777778	37.5333333333,-4.7416666667	37.5333333333,-5.0625	37.9833333333,-4.95	37.9863888889,-5.1197222222	38.5,-4.9333333333	38.8038888889,-4.5297222222	38.5194444444,-4.3488888889	38.5194444444,-4.3002777778
305	999	1504245600	1504256399	8	37.5333333333,-5.0625	37.3833333333,-5.1005555556	37.35,-5.15	37.0638888889,-5.1472222222	37.0144444444,-5.5869444444	37.2247222222,-5.3902777778	37.5333333333,-5.2833333333	37.5333333333,-5.0625
305	999	1504245600	1504256399	4	37.3594444444,-4.5508333333	37.3386111111,-4.3933333333	37.1533333333,-4.5186111111	37.3594444444,-4.5508333333
305	999	1504245600	1504256399	8	37.5333333333,-4.2555555556	37.3386111111,-4.3933333333	37.3594444444,-4.5508333333	37.3833333333,-4.7069444444	37.3833333333,-5.1005555556	37.5333333333,-5.0625	37.5333333333,-4.7416666667	37.5333333333,-4.2555555556
