10
245	999	1504299600	1504302599	15	39.0052777778,-1.2952777778	38.8333333333,-1.3333333333	38.7133333333,-1.3597222222	38.2722222222,-1.4566666667	37.9075,-1.5575	37.8977777778,-1.5841666667	37.9519444444,-1.6677777778	38.1666666667,-2.0	38.4547222222,-2.0	38.6847222222,-2.0	38.7833333333,-1.8391666667	38.975,-1.5238888889	39.0,-1.4827777778	39.0,-1.3944444444	39.0052777778,-1.2952777778
245	999	1504299600	1504302599	10	39.0,-2.9916666667	39.0,-2.915	39.0,-1.4827777778	38.975,-1.5238888889	38.7833333333,-1.8391666667	38.6847222222,-2.0	38.4333333333,-2.3833333333	38.7833333333,-2.95	38.8833333333,-3.0	39.0,-2.9916666667
0	999	1504299600	1504302599	9	39.0,-3.7072222222	39.0,-3.6544444444	39.0,-3.5422222222	39.0,-3.4166666667	39.0,-3.2036111111	38.8713888889,-3.2036111111	38.5194444444,-3.6391666667	38.5197222222,-3.8888888889	39.0,-3.7072222222
0	999	1504299600	1504302599	13	39.0,-2.9916666667	38.8833333333,-3.0	38.7833333333,-2.95	38.4333333333,-2.3833333333	38.6847222222,-2.0	38.4547222222,-2.0	38.1666666667,-2.0	37.9519444444,-1.6677777778	37.5816666667,-2.7805555556	37.8638888889,-3.2175	39.0,-3.1	39.0,-3.0458333333	39.0,-2.9916666667
0	999	1504299600	1504302599	10	39.0,-3.1	37.8638888889,-3.2175	37.7333333333,-3.695	37.5277777778,-3.7788888889	37.5333333333,-4.2555555556	38.5197222222,-3.8888888889	38.5194444444,-3.6391666667	38.8713888889,-3.2036111111	39.0,-3.2036111111	39.0,-3.1
305	999	1504299600	1504302599	5	38.5197222222,-3.8888888889	37.5333333333,-4.2555555556	37.5333333333,-4.7416666667	38.5194444444,-4.3002777778	38.5197222222,-3.8888888889
305	999	1504299600	1504302599	6	39.0,-3.7072222222	38.5197222222,-3.8888888889	38.5194444444,-4.3002777778	39.0,-4.0811111111	39.0,-3.9083333333	39.0,-3.7072222222
305	999	1504299600	1504302599	6	37.8638888889,-3.2175	37.5816666667,-2.7805555556	37.5194444444,-2.9583333333	37.5194444444,-3.2625	37.7797222222,-3.2341666667	37.8638888889,-3.2175
305	999	1504299600	1504302599	6	37.8638888889,-3.2175	37.7797222222,-3.2341666667	37.5263888889,-3.7619444444	37.5277777778,-3.7788888889	37.7333333333,-3.695	37.8638888889,-3.2175
305	999	1504299600	1504302599	4	37.7797222222,-3.2341666667	37.5194444444,-3.2625	37.5263888889,-3.7619444444	37.7797222222,-3.2341666667
