79
75	305	1504306800	1504310399	6	37.5194444444,-3.2625	37.0,-3.3180555556	37.0,-4.0661111111	37.3105555556,-4.2083333333	37.5263888889,-3.7619444444	37.5194444444,-3.2625
75	305	1504306800	1504310399	4	37.7797222222,-3.2341666667	37.5194444444,-3.2625	37.5263888889,-3.7619444444	37.7797222222,-3.2341666667
305	999	1504306800	1504310399	6	37.8638888889,-3.2175	37.5816666667,-2.7805555556	37.5194444444,-2.9583333333	37.5194444444,-3.2625	37.7797222222,-3.2341666667	37.8638888889,-3.2175
305	999	1504306800	1504310399	7	36.7761111111,-1.8611111111	36.7138888889,-1.6994444444	36.6819444444,-1.7052777778	36.6027777778,-1.7483333333	36.5197222222,-1.825	36.4530555556,-1.9236111111	36.7761111111,-1.8611111111
305	999	1504306800	1504310399	8	37.5333333333,-5.0625	37.3833333333,-5.1005555556	37.35,-5.15	37.0638888889,-5.1472222222	37.0144444444,-5.5869444444	37.2247222222,-5.3902777778	37.5333333333,-5.2833333333	37.5333333333,-5.0625
305	999	1504306800	1504310399	8	36.8711111111,-4.7463888889	36.8427777778,-4.7577777778	36.7180555556,-4.5769444444	36.6833333333,-4.5275	36.3377777778,-4.8294444444	36.4875,-5.0427777778	36.8583333333,-5.0386111111	36.8711111111,-4.7463888889
305	999	1504306800	1504310399	6	37.0,-3.3180555556	36.6422222222,-3.3561111111	36.3291666667,-3.9144444444	36.645,-3.9041666667	37.0,-4.0661111111	37.0,-3.3180555556
305	999	1504306800	1504310399	6	37.09,-1.7722222222	37.0633333333,-1.7508333333	36.9769444444,-1.7027777778	36.85,-1.6741666667	36.85,-1.8333333333	37.09,-1.7722222222
305	999	1504306800	1504310399	7	36.7138888889,-1.6994444444	36.6377777778,-1.4988888889	36.4530555556,-1.9236111111	36.5197222222,-1.825	36.6027777778,-1.7483333333	36.6819444444,-1.7052777778	36.7138888889,-1.6994444444
305	999	1504306800	1504310399	6	39.0,-3.7072222222	38.5197222222,-3.8888888889	38.5194444444,-4.3002777778	39.0,-4.0811111111	39.0,-3.9083333333	39.0,-3.7072222222
305	999	1504306800	1504310399	25	37.9519444444,-1.6677777778	37.8977777778,-1.5841666667	37.9075,-1.5575	37.8827777778,-1.5647222222	37.09,-1.7722222222	37.1641666667,-1.8475	37.2452777778,-1.985	37.2861111111,-2.1241666667	37.2997222222,-2.29	37.2494444444,-2.5155555556	37.1958333333,-2.6269444444	37.0513888889,-2.7741666667	36.9769444444,-2.8102777778	36.8316666667,-2.8408333333	36.6819444444,-2.8080555556	36.6027777778,-2.7647222222	36.4694444444,-2.6236111111	36.4166666667,-2.5105555556	36.3291666667,-3.9144444444	36.6422222222,-3.3561111111	37.0,-3.3180555556	37.5194444444,-3.2625	37.5194444444,-2.9583333333	37.5816666667,-2.7805555556	37.9519444444,-1.6677777778
305	999	1504306800	1504310399	18	37.2997222222,-2.29	37.2861111111,-2.1241666667	37.2452777778,-1.985	37.1641666667,-1.8475	37.09,-1.7722222222	36.85,-1.8333333333	36.7761111111,-1.8611111111	36.4530555556,-1.9236111111	36.4166666667,-2.5105555556	36.4694444444,-2.6236111111	36.6027777778,-2.7647222222	36.6819444444,-2.8080555556	36.8316666667,-2.8408333333	36.9769444444,-2.8102777778	37.0513888889,-2.7741666667	37.1958333333,-2.6269444444	37.2494444444,-2.5155555556	37.2997222222,-2.29
305	999	1504306800	1504310399	6	36.8833333333,-1.6463888889	36.6377777778,-1.4988888889	36.7138888889,-1.6994444444	36.85,-1.6741666667	36.85,-1.6666666667	36.8833333333,-1.6463888889
305	999	1504306800	1504310399	7	37.1533333333,-4.5186111111	36.8813888889,-4.4763888889	36.7180555556,-4.5769444444	36.8427777778,-4.7577777778	36.8711111111,-4.7463888889	36.8727777778,-4.7080555556	37.1533333333,-4.5186111111
305	999	1504306800	1504310399	6	39.0,-4.0811111111	38.5194444444,-4.3002777778	38.5194444444,-4.3488888889	38.8038888889,-4.5297222222	39.0,-4.2666666667	39.0,-4.0811111111
305	999	1504306800	1504310399	6	37.5263888889,-3.7619444444	37.3105555556,-4.2083333333	37.3386111111,-4.3933333333	37.5333333333,-4.2555555556	37.5277777778,-3.7788888889	37.5263888889,-3.7619444444
305	999	1504306800	1504310399	5	37.9833333333,-4.95	37.5333333333,-5.0625	37.5333333333,-5.2833333333	37.9863888889,-5.1197222222	37.9833333333,-4.95
305	999	1504306800	1504310399	6	37.5194444444,-3.2625	37.0,-3.3180555556	37.0,-4.0661111111	37.3105555556,-4.2083333333	37.5263888889,-3.7619444444	37.5194444444,-3.2625
305	999	1504306800	1504310399	10	37.3833333333,-5.1005555556	37.3833333333,-4.7069444444	37.3594444444,-4.5508333333	36.8711111111,-4.7463888889	36.8583333333,-5.0386111111	36.85,-5.15	37.0,-5.15	37.0638888889,-5.1472222222	37.35,-5.15	37.3833333333,-5.1005555556
305	999	1504306800	1504310399	11	37.7986111111,-7.2652777778	37.4241666667,-6.5427777778	37.3166666667,-6.6666666667	37.2,-6.6805555556	37.175,-6.8333333333	36.8916666667,-7.1333333333	36.9166666667,-7.3833333333	37.0366666667,-7.3833333333	37.0761111111,-7.3833333333	37.1288888889,-7.3833333333	37.7986111111,-7.2652777778
305	999	1504306800	1504310399	5	37.3594444444,-4.5508333333	37.1533333333,-4.5186111111	36.8727777778,-4.7080555556	36.8711111111,-4.7463888889	37.3594444444,-4.5508333333
305	999	1504306800	1504310399	9	38.5194444444,-4.3002777778	37.5333333333,-4.7416666667	37.5333333333,-5.0625	37.9833333333,-4.95	37.9863888889,-5.1197222222	38.5,-4.9333333333	38.8038888889,-4.5297222222	38.5194444444,-4.3488888889	38.5194444444,-4.3002777778
305	999	1504306800	1504310399	4	37.7797222222,-3.2341666667	37.5194444444,-3.2625	37.5263888889,-3.7619444444	37.7797222222,-3.2341666667
305	999	1504306800	1504310399	5	36.9769444444,-1.7027777778	36.8833333333,-1.6463888889	36.85,-1.6666666667	36.85,-1.6741666667	36.9769444444,-1.7027777778
305	999	1504306800	1504310399	5	38.5197222222,-3.8888888889	37.5333333333,-4.2555555556	37.5333333333,-4.7416666667	38.5194444444,-4.3002777778	38.5197222222,-3.8888888889
305	999	1504306800	1504310399	4	37.3594444444,-4.5508333333	37.3386111111,-4.3933333333	37.1533333333,-4.5186111111	37.3594444444,-4.5508333333
305	999	1504306800	1504310399	8	37.5333333333,-4.2555555556	37.3386111111,-4.3933333333	37.3594444444,-4.5508333333	37.3833333333,-4.7069444444	37.3833333333,-5.1005555556	37.5333333333,-5.0625	37.5333333333,-4.7416666667	37.5333333333,-4.2555555556
305	999	1504306800	1504310399	8	36.3291666667,-3.9144444444	36.2436111111,-4.0	36.2422222222,-4.6652777778	36.3377777778,-4.8294444444	36.6833333333,-4.5275	36.6341666667,-4.4866666667	36.5936111111,-4.2461111111	36.3291666667,-3.9144444444
305	999	1504306800	1504310399	5	37.4241666667,-6.5427777778	37.275,-6.2527777778	37.2,-6.6805555556	37.3166666667,-6.6666666667	37.4241666667,-6.5427777778
305	999	1504306800	1504310399	12	37.3105555556,-4.2083333333	37.0,-4.0661111111	36.645,-3.9041666667	36.3291666667,-3.9144444444	36.5936111111,-4.2461111111	36.6341666667,-4.4866666667	36.6833333333,-4.5275	36.7180555556,-4.5769444444	36.8813888889,-4.4763888889	37.1533333333,-4.5186111111	37.3386111111,-4.3933333333	37.3105555556,-4.2083333333
305	999	1504306800	1504310399	6	37.8638888889,-3.2175	37.7797222222,-3.2341666667	37.5263888889,-3.7619444444	37.5277777778,-3.7788888889	37.7333333333,-3.695	37.8638888889,-3.2175
305	999	1504306800	1504310399	5	36.85,-1.6741666667	36.7138888889,-1.6994444444	36.7761111111,-1.8611111111	36.85,-1.8333333333	36.85,-1.6741666667
145	999	1504306800	1504310399	6	36.4530555556,-1.9236111111	36.4113888889,-2.0	36.3811111111,-2.1036111111	36.3647222222,-2.2594444444	36.4166666667,-2.5105555556	36.4530555556,-1.9236111111
0	999	1504306800	1504310399	9	39.0,-3.7072222222	39.0,-3.6544444444	39.0,-3.5422222222	39.0,-3.4166666667	39.0,-3.2036111111	38.8713888889,-3.2036111111	38.5194444444,-3.6391666667	38.5197222222,-3.8888888889	39.0,-3.7072222222
0	999	1504306800	1504310399	13	36.2436111111,-4.0	35.8333333333,-4.3708333333	35.8333333333,-4.9	35.8333333333,-4.9108333333	35.8333333333,-5.1191666667	35.8333333333,-5.1436111111	35.8333333333,-5.6666666667	35.8333333333,-5.7	36.1666666667,-5.6666666667	36.4875,-5.0427777778	36.3377777778,-4.8294444444	36.2422222222,-4.6652777778	36.2436111111,-4.0
0	999	1504306800	1504310399	13	39.0,-2.9916666667	38.8833333333,-3.0	38.7833333333,-2.95	38.4333333333,-2.3833333333	38.6847222222,-2.0	38.4547222222,-2.0	38.1666666667,-2.0	37.9519444444,-1.6677777778	37.5816666667,-2.7805555556	37.8638888889,-3.2175	39.0,-3.1	39.0,-3.0458333333	39.0,-2.9916666667
0	999	1504306800	1504310399	28	36.4536111111,-1.0236111111	36.405,-1.1377777778	36.2522222222,-1.495	35.8833333333,-2.025	35.8333333333,-2.0	35.8333333333,-2.1	35.8333333333,-2.1166666667	35.8333333333,-2.6863888889	35.8333333333,-3.05	35.8333333333,-3.2358333333	35.8333333333,-3.2638888889	35.8333333333,-3.4333333333	35.8333333333,-3.4408333333	35.8333333333,-3.5	35.8333333333,-3.7033333333	35.8333333333,-3.9583333333	35.8333333333,-4.0	35.8333333333,-4.0480555556	35.8333333333,-4.3708333333	36.2436111111,-4.0	36.3291666667,-3.9144444444	36.4166666667,-2.5105555556	36.3647222222,-2.2594444444	36.3811111111,-2.1036111111	36.4113888889,-2.0	36.4530555556,-1.9236111111	36.6377777778,-1.4988888889	36.4536111111,-1.0236111111
0	999	1504306800	1504310399	7	39.0,-4.2666666667	38.8038888889,-4.5297222222	38.935,-4.6133333333	39.0005555556,-4.5741666667	39.0,-4.4644444444	39.0,-4.2694444444	39.0,-4.2666666667
0	999	1504306800	1504310399	16	36.8916666667,-7.1333333333	36.2388888889,-6.8805555556	36.2383333333,-6.7172222222	36.2361111111,-6.3166666667	35.8333333333,-6.7175	35.8333333333,-6.75	35.8333333333,-6.8027777778	35.8333333333,-7.0	35.8333333333,-7.3833333333	35.9666666667,-7.3833333333	36.0266666667,-7.3833333333	36.6666666667,-7.3833333333	36.7666666667,-7.3833333333	36.8333333333,-7.3833333333	36.9166666667,-7.3833333333	36.8916666667,-7.1333333333
0	999	1504306800	1504310399	32	39.0,-6.2247222222	39.0,-5.7813888889	38.9997222222,-5.3502777778	39.0,-5.15	39.0,-4.9619444444	39.0,-4.8977777778	39.0005555556,-4.5741666667	38.935,-4.6133333333	38.8038888889,-4.5297222222	38.5,-4.9333333333	37.9863888889,-5.1197222222	38.0,-5.8833333333	37.4241666667,-6.5427777778	37.7986111111,-7.2652777778	37.8955555556,-7.2480555556	38.0008333333,-7.1258333333	38.0213888889,-7.1011111111	38.0833333333,-7.0	38.1247222222,-7.0197222222	38.15,-7.0	38.3461111111,-7.1675	38.5741666667,-7.1263888889	38.4825,-7.0127777778	38.4236111111,-6.8644444444	38.4033333333,-6.7	38.4236111111,-6.5355555556	38.4825,-6.3872222222	38.5741666667,-6.2688888889	38.69,-6.1922222222	38.8188888889,-6.1652777778	38.9475,-6.1902777778	39.0,-6.2247222222
0	999	1504306800	1504310399	10	39.0,-3.1	37.8638888889,-3.2175	37.7333333333,-3.695	37.5277777778,-3.7788888889	37.5333333333,-4.2555555556	38.5197222222,-3.8888888889	38.5194444444,-3.6391666667	38.8713888889,-3.2036111111	39.0,-3.2036111111	39.0,-3.1
0	305	1504306800	1504310399	6	39.0,-4.0811111111	38.5194444444,-4.3002777778	38.5194444444,-4.3488888889	38.8038888889,-4.5297222222	39.0,-4.2666666667	39.0,-4.0811111111
0	305	1504306800	1504310399	6	37.5263888889,-3.7619444444	37.3105555556,-4.2083333333	37.3386111111,-4.3933333333	37.5333333333,-4.2555555556	37.5277777778,-3.7788888889	37.5263888889,-3.7619444444
0	305	1504306800	1504310399	6	37.8638888889,-3.2175	37.5816666667,-2.7805555556	37.5194444444,-2.9583333333	37.5194444444,-3.2625	37.7797222222,-3.2341666667	37.8638888889,-3.2175
0	305	1504306800	1504310399	6	36.8833333333,-1.6463888889	36.6377777778,-1.4988888889	36.7138888889,-1.6994444444	36.85,-1.6741666667	36.85,-1.6666666667	36.8833333333,-1.6463888889
0	305	1504306800	1504310399	11	37.7986111111,-7.2652777778	37.4241666667,-6.5427777778	37.3166666667,-6.6666666667	37.2,-6.6805555556	37.175,-6.8333333333	36.8916666667,-7.1333333333	36.9166666667,-7.3833333333	37.0366666667,-7.3833333333	37.0761111111,-7.3833333333	37.1288888889,-7.3833333333	37.7986111111,-7.2652777778
0	305	1504306800	1504310399	9	38.5194444444,-4.3002777778	37.5333333333,-4.7416666667	37.5333333333,-5.0625	37.9833333333,-4.95	37.9863888889,-5.1197222222	38.5,-4.9333333333	38.8038888889,-4.5297222222	38.5194444444,-4.3488888889	38.5194444444,-4.3002777778
0	305	1504306800	1504310399	7	36.7138888889,-1.6994444444	36.6377777778,-1.4988888889	36.4530555556,-1.9236111111	36.5197222222,-1.825	36.6027777778,-1.7483333333	36.6819444444,-1.7052777778	36.7138888889,-1.6994444444
0	305	1504306800	1504310399	6	39.0,-3.7072222222	38.5197222222,-3.8888888889	38.5194444444,-4.3002777778	39.0,-4.0811111111	39.0,-3.9083333333	39.0,-3.7072222222
0	305	1504306800	1504310399	25	37.9519444444,-1.6677777778	37.8977777778,-1.5841666667	37.9075,-1.5575	37.8827777778,-1.5647222222	37.09,-1.7722222222	37.1641666667,-1.8475	37.2452777778,-1.985	37.2861111111,-2.1241666667	37.2997222222,-2.29	37.2494444444,-2.5155555556	37.1958333333,-2.6269444444	37.0513888889,-2.7741666667	36.9769444444,-2.8102777778	36.8316666667,-2.8408333333	36.6819444444,-2.8080555556	36.6027777778,-2.7647222222	36.4694444444,-2.6236111111	36.4166666667,-2.5105555556	36.3291666667,-3.9144444444	36.6422222222,-3.3561111111	37.0,-3.3180555556	37.5194444444,-3.2625	37.5194444444,-2.9583333333	37.5816666667,-2.7805555556	37.9519444444,-1.6677777778
0	305	1504306800	1504310399	5	36.9769444444,-1.7027777778	36.8833333333,-1.6463888889	36.85,-1.6666666667	36.85,-1.6741666667	36.9769444444,-1.7027777778
0	305	1504306800	1504310399	6	37.8638888889,-3.2175	37.7797222222,-3.2341666667	37.5263888889,-3.7619444444	37.5277777778,-3.7788888889	37.7333333333,-3.695	37.8638888889,-3.2175
0	305	1504306800	1504310399	5	38.5197222222,-3.8888888889	37.5333333333,-4.2555555556	37.5333333333,-4.7416666667	38.5194444444,-4.3002777778	38.5197222222,-3.8888888889
0	305	1504306800	1504310399	6	37.0,-3.3180555556	36.6422222222,-3.3561111111	36.3291666667,-3.9144444444	36.645,-3.9041666667	37.0,-4.0661111111	37.0,-3.3180555556
0	305	1504306800	1504310399	8	37.5333333333,-4.2555555556	37.3386111111,-4.3933333333	37.3594444444,-4.5508333333	37.3833333333,-4.7069444444	37.3833333333,-5.1005555556	37.5333333333,-5.0625	37.5333333333,-4.7416666667	37.5333333333,-4.2555555556
205	305	1504306800	1504310399	5	37.4241666667,-6.5427777778	37.275,-6.2527777778	37.2,-6.6805555556	37.3166666667,-6.6666666667	37.4241666667,-6.5427777778
205	305	1504306800	1504310399	5	37.9833333333,-4.95	37.5333333333,-5.0625	37.5333333333,-5.2833333333	37.9863888889,-5.1197222222	37.9833333333,-4.95
205	305	1504306800	1504310399	8	37.5333333333,-5.0625	37.3833333333,-5.1005555556	37.35,-5.15	37.0638888889,-5.1472222222	37.0144444444,-5.5869444444	37.2247222222,-5.3902777778	37.5333333333,-5.2833333333	37.5333333333,-5.0625
205	999	1504306800	1504310399	8	37.0638888889,-5.1472222222	37.0,-5.15	36.4683333333,-5.835	36.2361111111,-6.1333333333	36.2361111111,-6.3166666667	36.445,-6.1169444444	37.0144444444,-5.5869444444	37.0638888889,-5.1472222222
205	999	1504306800	1504310399	11	37.0144444444,-5.5869444444	36.445,-6.1169444444	36.2361111111,-6.3166666667	36.2383333333,-6.7172222222	36.2388888889,-6.8805555556	36.8916666667,-7.1333333333	37.175,-6.8333333333	37.2,-6.6805555556	37.275,-6.2527777778	37.0,-5.7166666667	37.0144444444,-5.5869444444
205	999	1504306800	1504310399	9	37.9863888889,-5.1197222222	37.5333333333,-5.2833333333	37.2247222222,-5.3902777778	37.0144444444,-5.5869444444	37.0,-5.7166666667	37.275,-6.2527777778	37.4241666667,-6.5427777778	38.0,-5.8833333333	37.9863888889,-5.1197222222
205	999	1504306800	1504310399	16	37.0,-5.15	36.85,-5.15	36.8583333333,-5.0386111111	36.4875,-5.0427777778	36.1666666667,-5.6666666667	35.8333333333,-5.7	35.8333333333,-5.9544444444	35.8333333333,-6.2391666667	35.8333333333,-6.3238888889	35.8333333333,-6.4508333333	35.8333333333,-6.6322222222	35.8333333333,-6.7175	36.2361111111,-6.3166666667	36.2361111111,-6.1333333333	36.4683333333,-5.835	37.0,-5.15
245	999	1504306800	1504310399	15	39.0052777778,-1.2952777778	38.8333333333,-1.3333333333	38.7133333333,-1.3597222222	38.2722222222,-1.4566666667	37.9075,-1.5575	37.8977777778,-1.5841666667	37.9519444444,-1.6677777778	38.1666666667,-2.0	38.4547222222,-2.0	38.6847222222,-2.0	38.7833333333,-1.8391666667	38.975,-1.5238888889	39.0,-1.4827777778	39.0,-1.3944444444	39.0052777778,-1.2952777778
245	999	1504306800	1504310399	9	38.3461111111,-7.1675	38.15,-7.0	38.1247222222,-7.0197222222	38.0833333333,-7.0	38.0213888889,-7.1011111111	38.0008333333,-7.1258333333	37.9994444444,-7.23	38.0375,-7.2227777778	38.3461111111,-7.1675
245	999	1504306800	1504310399	21	39.0,-6.2247222222	38.9475,-6.1902777778	38.8188888889,-6.1652777778	38.69,-6.1922222222	38.5741666667,-6.2688888889	38.4825,-6.3872222222	38.4236111111,-6.5355555556	38.4033333333,-6.7	38.4236111111,-6.8644444444	38.4825,-7.0127777778	38.5741666667,-7.1263888889	38.8447222222,-7.075	38.8602777778,-7.0580555556	38.8655555556,-7.0366666667	38.8833333333,-7.0333333333	38.8983333333,-7.0438888889	38.9155555556,-7.0388888889	38.9258333333,-7.0208333333	38.9463888889,-7.0169444444	39.0,-6.9736111111	39.0,-6.2247222222
245	999	1504306800	1504310399	11	39.0,-6.9736111111	38.9463888889,-7.0169444444	38.9258333333,-7.0208333333	38.9155555556,-7.0388888889	38.8983333333,-7.0438888889	38.8833333333,-7.0333333333	38.8655555556,-7.0366666667	38.8602777778,-7.0580555556	38.8447222222,-7.075	39.0,-7.0483333333	39.0,-6.9736111111
245	999	1504306800	1504310399	4	38.0008333333,-7.1258333333	37.8955555556,-7.2480555556	37.9994444444,-7.23	38.0008333333,-7.1258333333
245	999	1504306800	1504310399	10	39.0,-2.9916666667	39.0,-2.915	39.0,-1.4827777778	38.975,-1.5238888889	38.7833333333,-1.8391666667	38.6847222222,-2.0	38.4333333333,-2.3833333333	38.7833333333,-2.95	38.8833333333,-3.0	39.0,-2.9916666667
145	305	1504306800	1504310399	7	37.1533333333,-4.5186111111	36.8813888889,-4.4763888889	36.7180555556,-4.5769444444	36.8427777778,-4.7577777778	36.8711111111,-4.7463888889	36.8727777778,-4.7080555556	37.1533333333,-4.5186111111
145	305	1504306800	1504310399	8	36.3291666667,-3.9144444444	36.2436111111,-4.0	36.2422222222,-4.6652777778	36.3377777778,-4.8294444444	36.6833333333,-4.5275	36.6341666667,-4.4866666667	36.5936111111,-4.2461111111	36.3291666667,-3.9144444444
145	305	1504306800	1504310399	10	37.3833333333,-5.1005555556	37.3833333333,-4.7069444444	37.3594444444,-4.5508333333	36.8711111111,-4.7463888889	36.8583333333,-5.0386111111	36.85,-5.15	37.0,-5.15	37.0638888889,-5.1472222222	37.35,-5.15	37.3833333333,-5.1005555556
145	305	1504306800	1504310399	7	36.7761111111,-1.8611111111	36.7138888889,-1.6994444444	36.6819444444,-1.7052777778	36.6027777778,-1.7483333333	36.5197222222,-1.825	36.4530555556,-1.9236111111	36.7761111111,-1.8611111111
145	305	1504306800	1504310399	12	37.3105555556,-4.2083333333	37.0,-4.0661111111	36.645,-3.9041666667	36.3291666667,-3.9144444444	36.5936111111,-4.2461111111	36.6341666667,-4.4866666667	36.6833333333,-4.5275	36.7180555556,-4.5769444444	36.8813888889,-4.4763888889	37.1533333333,-4.5186111111	37.3386111111,-4.3933333333	37.3105555556,-4.2083333333
145	305	1504306800	1504310399	5	37.3594444444,-4.5508333333	37.1533333333,-4.5186111111	36.8727777778,-4.7080555556	36.8711111111,-4.7463888889	37.3594444444,-4.5508333333
145	305	1504306800	1504310399	6	37.09,-1.7722222222	37.0633333333,-1.7508333333	36.9769444444,-1.7027777778	36.85,-1.6741666667	36.85,-1.8333333333	37.09,-1.7722222222
145	305	1504306800	1504310399	18	37.2997222222,-2.29	37.2861111111,-2.1241666667	37.2452777778,-1.985	37.1641666667,-1.8475	37.09,-1.7722222222	36.85,-1.8333333333	36.7761111111,-1.8611111111	36.4530555556,-1.9236111111	36.4166666667,-2.5105555556	36.4694444444,-2.6236111111	36.6027777778,-2.7647222222	36.6819444444,-2.8080555556	36.8316666667,-2.8408333333	36.9769444444,-2.8102777778	37.0513888889,-2.7741666667	37.1958333333,-2.6269444444	37.2494444444,-2.5155555556	37.2997222222,-2.29
145	305	1504306800	1504310399	8	36.8711111111,-4.7463888889	36.8427777778,-4.7577777778	36.7180555556,-4.5769444444	36.6833333333,-4.5275	36.3377777778,-4.8294444444	36.4875,-5.0427777778	36.8583333333,-5.0386111111	36.8711111111,-4.7463888889
145	305	1504306800	1504310399	5	36.85,-1.6741666667	36.7138888889,-1.6994444444	36.7761111111,-1.8611111111	36.85,-1.8333333333	36.85,-1.6741666667
145	305	1504306800	1504310399	4	37.3594444444,-4.5508333333	37.3386111111,-4.3933333333	37.1533333333,-4.5186111111	37.3594444444,-4.5508333333
