13
305	999	1504296000	1504297799	5	37.4241666667,-6.5427777778	37.275,-6.2527777778	37.2,-6.6805555556	37.3166666667,-6.6666666667	37.4241666667,-6.5427777778
305	999	1504296000	1504297799	11	37.7986111111,-7.2652777778	37.4241666667,-6.5427777778	37.3166666667,-6.6666666667	37.2,-6.6805555556	37.175,-6.8333333333	36.8916666667,-7.1333333333	36.9166666667,-7.3833333333	37.0366666667,-7.3833333333	37.0761111111,-7.3833333333	37.1288888889,-7.3833333333	37.7986111111,-7.2652777778
0	999	1504296000	1504297799	7	39.0,-4.2666666667	38.8038888889,-4.5297222222	38.935,-4.6133333333	39.0005555556,-4.5741666667	39.0,-4.4644444444	39.0,-4.2694444444	39.0,-4.2666666667
0	999	1504296000	1504297799	32	39.0,-6.2247222222	39.0,-5.7813888889	38.9997222222,-5.3502777778	39.0,-5.15	39.0,-4.9619444444	39.0,-4.8977777778	39.0005555556,-4.5741666667	38.935,-4.6133333333	38.8038888889,-4.5297222222	38.5,-4.9333333333	37.9863888889,-5.1197222222	38.0,-5.8833333333	37.4241666667,-6.5427777778	37.7986111111,-7.2652777778	37.8955555556,-7.2480555556	38.0008333333,-7.1258333333	38.0213888889,-7.1011111111	38.0833333333,-7.0	38.1247222222,-7.0197222222	38.15,-7.0	38.3461111111,-7.1675	38.5741666667,-7.1263888889	38.4825,-7.0127777778	38.4236111111,-6.8644444444	38.4033333333,-6.7	38.4236111111,-6.5355555556	38.4825,-6.3872222222	38.5741666667,-6.2688888889	38.69,-6.1922222222	38.8188888889,-6.1652777778	38.9475,-6.1902777778	39.0,-6.2247222222
0	999	1504296000	1504297799	16	36.8916666667,-7.1333333333	36.2388888889,-6.8805555556	36.2383333333,-6.7172222222	36.2361111111,-6.3166666667	35.8333333333,-6.7175	35.8333333333,-6.75	35.8333333333,-6.8027777778	35.8333333333,-7.0	35.8333333333,-7.3833333333	35.9666666667,-7.3833333333	36.0266666667,-7.3833333333	36.6666666667,-7.3833333333	36.7666666667,-7.3833333333	36.8333333333,-7.3833333333	36.9166666667,-7.3833333333	36.8916666667,-7.1333333333
0	305	1504296000	1504297799	11	37.7986111111,-7.2652777778	37.4241666667,-6.5427777778	37.3166666667,-6.6666666667	37.2,-6.6805555556	37.175,-6.8333333333	36.8916666667,-7.1333333333	36.9166666667,-7.3833333333	37.0366666667,-7.3833333333	37.0761111111,-7.3833333333	37.1288888889,-7.3833333333	37.7986111111,-7.2652777778
205	305	1504296000	1504297799	5	37.4241666667,-6.5427777778	37.275,-6.2527777778	37.2,-6.6805555556	37.3166666667,-6.6666666667	37.4241666667,-6.5427777778
205	999	1504296000	1504297799	11	37.0144444444,-5.5869444444	36.445,-6.1169444444	36.2361111111,-6.3166666667	36.2383333333,-6.7172222222	36.2388888889,-6.8805555556	36.8916666667,-7.1333333333	37.175,-6.8333333333	37.2,-6.6805555556	37.275,-6.2527777778	37.0,-5.7166666667	37.0144444444,-5.5869444444
205	999	1504296000	1504297799	9	37.9863888889,-5.1197222222	37.5333333333,-5.2833333333	37.2247222222,-5.3902777778	37.0144444444,-5.5869444444	37.0,-5.7166666667	37.275,-6.2527777778	37.4241666667,-6.5427777778	38.0,-5.8833333333	37.9863888889,-5.1197222222
245	999	1504296000	1504297799	4	38.0008333333,-7.1258333333	37.8955555556,-7.2480555556	37.9994444444,-7.23	38.0008333333,-7.1258333333
245	999	1504296000	1504297799	9	38.3461111111,-7.1675	38.15,-7.0	38.1247222222,-7.0197222222	38.0833333333,-7.0	38.0213888889,-7.1011111111	38.0008333333,-7.1258333333	37.9994444444,-7.23	38.0375,-7.2227777778	38.3461111111,-7.1675
245	999	1504296000	1504297799	21	39.0,-6.2247222222	38.9475,-6.1902777778	38.8188888889,-6.1652777778	38.69,-6.1922222222	38.5741666667,-6.2688888889	38.4825,-6.3872222222	38.4236111111,-6.5355555556	38.4033333333,-6.7	38.4236111111,-6.8644444444	38.4825,-7.0127777778	38.5741666667,-7.1263888889	38.8447222222,-7.075	38.8602777778,-7.0580555556	38.8655555556,-7.0366666667	38.8833333333,-7.0333333333	38.8983333333,-7.0438888889	38.9155555556,-7.0388888889	38.9258333333,-7.0208333333	38.9463888889,-7.0169444444	39.0,-6.9736111111	39.0,-6.2247222222
245	999	1504296000	1504297799	11	39.0,-6.9736111111	38.9463888889,-7.0169444444	38.9258333333,-7.0208333333	38.9155555556,-7.0388888889	38.8983333333,-7.0438888889	38.8833333333,-7.0333333333	38.8655555556,-7.0366666667	38.8602777778,-7.0580555556	38.8447222222,-7.075	39.0,-7.0483333333	39.0,-6.9736111111
