56
365	999	1504224000	1504234799	15	50.1905555556,12.3386111111	50.1697222222,12.3444444444	50.1322222222,12.3547222222	50.1305555556,12.3552777778	50.0247222222,12.3844444444	50.0158333333,12.3869444444	50.0377777778,12.3233333333	50.0447222222,12.3213888889	50.0544444444,12.3066666667	50.0675,12.2638888889	50.1027777778,12.2141666667	50.1016666667,12.2083333333	50.1577777778,12.2116666667	50.1738888889,12.3172222222	50.1905555556,12.3386111111
365	999	1504224000	1504234799	31	51.8411111111,11.2083333333	51.7213888889,11.4072222222	51.7802777778,12.2608333333	51.5927777778,12.5230555556	51.5291666667,12.6658333333	51.4572222222,12.8269444444	51.2611111111,12.5211111111	50.6908333333,12.1144444444	50.6102777778,12.3144444444	50.5377777778,12.4933333333	50.4325,12.7505555556	50.3922222222,12.6336111111	50.3772222222,12.5925	50.3413888889,12.4872222222	50.3255555556,12.44	50.4525,12.1547222222	50.5069444444,11.9858333333	50.5019444444,11.3316666667	50.5213888889,11.2513888889	50.6575,10.7027777778	50.8483333333,10.6441666667	51.0438888889,10.5836111111	51.3333333333,10.4927777778	51.3338888889,10.3875	51.4869444444,10.5925	51.5255555556,10.645	51.5666666667,10.7	51.7211111111,10.9847222222	51.7327777778,11.0063888889	51.8044444444,11.1402777778	51.8411111111,11.2083333333
365	999	1504224000	1504234799	46	53.3780555556,14.3886111111	53.3580555556,14.405	53.3333333333,14.4166666667	53.2758333333,14.41	53.1777777778,14.3775	53.1666666667,14.3333333333	52.9061111111,14.1566666667	52.815,14.2208333333	52.8475,13.0	52.8861111111,12.0994444444	52.7305555556,11.1072222222	52.7897222222,11.1369444444	52.8847222222,11.1855555556	53.1972222222,11.3447222222	53.3544444444,11.4275	53.3694444444,11.4341666667	53.3955555556,11.4438888889	53.5,11.5	53.6458333333,11.5755555556	54.25,11.8927777778	54.45,12.0	54.4863888889,12.065	54.6086111111,12.2855555556	54.7344444444,12.5147222222	54.7333333333,12.5166666667	54.5880555556,12.7766666667	54.6922222222,12.9522222222	54.7205555556,13.0	54.9166666667,13.0	54.9166666667,13.3861111111	54.9166666667,13.5608333333	54.9166666667,13.6608333333	54.9166666667,13.75	54.9166666667,13.7608333333	54.6666666667,14.3252777778	54.3333333333,14.2805555556	54.1666666667,14.2597222222	54.0516666667,14.2233333333	53.9294444444,14.2283333333	53.8530555556,14.2277777778	53.7594444444,14.2755555556	53.7377777778,14.29	53.6844444444,14.2786111111	53.6444444444,14.3136111111	53.5077777778,14.3258333333	53.3780555556,14.3886111111
365	999	1504224000	1504234799	35	51.5083333333,13.1	51.5083333333,13.1263888889	51.5083333333,13.2486111111	51.5086111111,13.335	51.5083333333,13.75	51.75,14.6666666667	51.6986111111,14.7144444444	51.5830555556,14.7380555556	51.5,15.0	51.4069444444,14.9616666667	51.2030555556,15.0105555556	51.1183333333,14.9902777778	50.9905555556,14.9169444444	51.0,14.8586111111	50.9991666667,14.7252777778	50.9580555556,14.575	51.0033333333,14.5666666667	51.0166666667,14.4	51.0183333333,14.27	50.95,14.3	50.9416666667,14.3966666667	50.9183333333,14.3983333333	50.9027777778,14.3861111111	50.8833333333,14.3333333333	50.7341666667,13.7675	50.7155555556,13.6288888889	50.5205555556,13.0091666667	50.4769444444,12.9116666667	50.4325,12.7505555556	50.5377777778,12.4933333333	50.6102777778,12.3144444444	50.6908333333,12.1144444444	51.2611111111,12.5211111111	51.4572222222,12.8269444444	51.5083333333,13.1
365	999	1504224000	1504234799	6	50.6575,10.7027777778	50.5213888889,11.2513888889	50.5019444444,11.3316666667	50.5116666667,10.5347222222	50.5372222222,10.5641666667	50.6575,10.7027777778
365	999	1504224000	1504234799	4	50.5019444444,11.3316666667	50.5069444444,11.9858333333	50.3377777778,11.9819444444	50.5019444444,11.3316666667
365	999	1504224000	1504234799	28	50.5116666667,10.5347222222	50.5019444444,11.3316666667	50.3377777778,11.9819444444	50.2402777778,12.3516666667	50.1905555556,12.3386111111	50.1738888889,12.3172222222	50.1577777778,12.2116666667	50.1016666667,12.2083333333	50.1027777778,12.2141666667	50.0675,12.2638888889	50.0544444444,12.3066666667	50.0447222222,12.3213888889	50.0377777778,12.3233333333	50.0158333333,12.3869444444	49.7972222222,12.4466666667	49.7538888889,12.4005555556	49.7033333333,12.4725	49.6833333333,11.9666666667	49.7047222222,11.3727777778	49.4416666667,10.9666666667	50.0161111111,10.4733333333	50.1263888889,10.3772222222	50.2269444444,10.2888888889	50.2508333333,10.3091666667	50.4197222222,10.4527777778	50.3625,10.8625	50.4594444444,10.8972222222	50.5116666667,10.5347222222
365	999	1504224000	1504234799	6	51.7977777778,12.3397222222	51.6038888889,12.8513888889	51.5291666667,12.6658333333	51.5927777778,12.5230555556	51.7802777778,12.2608333333	51.7977777778,12.3397222222
365	999	1504224000	1504234799	9	49.6833333333,11.9666666667	49.6708333333,11.9602777778	49.65,11.95	49.6166666667,11.9166666667	49.4344444444,11.8188888889	49.4308333333,11.6119444444	49.4416666667,10.9666666667	49.7047222222,11.3727777778	49.6833333333,11.9666666667
365	999	1504224000	1504234799	4	49.7972222222,12.4466666667	49.7033333333,12.4725	49.7538888889,12.4005555556	49.7972222222,12.4466666667
365	999	1504224000	1504234799	10	54.9166666667,13.0	54.7205555556,13.0	54.6922222222,12.9522222222	54.5880555556,12.7766666667	54.7333333333,12.5166666667	54.7344444444,12.5147222222	54.78,12.5977777778	54.8788888889,12.7802777778	54.9166666667,12.85	54.9166666667,13.0
365	999	1504224000	1504234799	5	50.0161111111,10.4733333333	49.4416666667,10.9666666667	49.6547222222,10.7655555556	50.0008333333,10.4341666667	50.0161111111,10.4733333333
365	999	1504224000	1504234799	6	51.8411111111,11.2083333333	51.9330555556,11.625	51.7977777778,12.3397222222	51.7802777778,12.2608333333	51.7213888889,11.4072222222	51.8411111111,11.2083333333
365	999	1504224000	1504234799	6	50.2269444444,10.2888888889	50.1263888889,10.3772222222	50.0161111111,10.4733333333	50.0008333333,10.4341666667	50.1436111111,10.2947222222	50.2269444444,10.2888888889
365	999	1504224000	1504234799	7	50.5069444444,11.9858333333	50.4525,12.1547222222	50.3255555556,12.44	50.2911111111,12.3811111111	50.2402777778,12.3516666667	50.3377777778,11.9819444444	50.5069444444,11.9858333333
365	999	1504224000	1504234799	4	50.2269444444,10.2888888889	50.1436111111,10.2947222222	50.1869444444,10.255	50.2269444444,10.2888888889
365	999	1504224000	1504234799	4	51.6038888889,12.8513888889	51.5083333333,13.1	51.4572222222,12.8269444444	51.6038888889,12.8513888889
365	999	1504224000	1504234799	5	51.7125,13.1672222222	51.5083333333,13.1263888889	51.5083333333,13.1	51.6038888889,12.8513888889	51.7125,13.1672222222
365	999	1504224000	1504234799	13	52.145,14.4655555556	52.1386111111,14.6802777778	52.0583333333,14.7555555556	51.9030555556,14.6752777778	51.8333333333,14.6333333333	51.8,14.6166666667	51.75,14.6666666667	51.5083333333,13.75	51.5086111111,13.335	51.5083333333,13.2486111111	51.5083333333,13.1263888889	51.7125,13.1672222222	52.145,14.4655555556
365	999	1504224000	1504234799	7	51.2491666667,10.3708333333	51.3333333333,10.4927777778	51.0438888889,10.5836111111	50.9783333333,10.4255555556	51.0805555556,10.3380555556	51.1608333333,10.3536111111	51.2491666667,10.3708333333
365	999	1504224000	1504234799	4	50.8483333333,10.6441666667	50.6575,10.7027777778	50.82,10.5636111111	50.8483333333,10.6441666667
365	999	1504224000	1504234799	4	51.6038888889,12.8513888889	51.4572222222,12.8269444444	51.5291666667,12.6658333333	51.6038888889,12.8513888889
365	999	1504224000	1504234799	7	50.5116666667,10.5347222222	50.4594444444,10.8972222222	50.3625,10.8625	50.4197222222,10.4527777778	50.4683333333,10.4947222222	50.5,10.5216666667	50.5116666667,10.5347222222
365	999	1504224000	1504234799	14	49.7033333333,12.4725	49.7022222222,12.4738888889	49.6633333333,12.5397222222	49.6361111111,12.5805555556	49.6522222222,12.46	49.6613888889,12.37	49.5822222222,12.1761111111	49.5230555556,12.0330555556	49.4344444444,11.8188888889	49.6166666667,11.9166666667	49.65,11.95	49.6708333333,11.9602777778	49.6833333333,11.9666666667	49.7033333333,12.4725
365	999	1504224000	1504234799	30	52.8475,13.0	52.815,14.2208333333	52.7286111111,14.3738888889	52.6316666667,14.5258333333	52.6016666667,14.6083333333	52.5386111111,14.6397222222	52.4,14.5388888889	52.2938888889,14.5788888889	52.2091666667,14.6591666667	52.1386111111,14.6802777778	52.145,14.4655555556	51.7125,13.1672222222	51.6038888889,12.8513888889	51.7977777778,12.3397222222	51.9330555556,11.625	51.8411111111,11.2083333333	51.8044444444,11.1402777778	51.9063888889,11.13	51.9083333333,11.13	51.9722222222,11.12	52.0,11.1166666667	52.2919444444,11.0808333333	52.3027777778,11.0811111111	52.3197222222,11.0780555556	52.3736111111,11.0702777778	52.4616666667,11.08	52.4794444444,11.0822222222	52.7305555556,11.1072222222	52.8861111111,12.0994444444	52.8475,13.0
365	999	1504224000	1504234799	4	51.3338888889,10.3875	51.3333333333,10.4927777778	51.2491666667,10.3708333333	51.3338888889,10.3875
365	999	1504224000	1504234799	5	51.0438888889,10.5836111111	50.8483333333,10.6441666667	50.82,10.5636111111	50.9783333333,10.4255555556	51.0438888889,10.5836111111
365	999	1504224000	1504234799	9	51.0183333333,14.27	51.0166666667,14.4	51.0033333333,14.5666666667	50.9580555556,14.575	50.9027777778,14.3861111111	50.9183333333,14.3983333333	50.9416666667,14.3966666667	50.95,14.3	51.0183333333,14.27
285	365	1504224000	1504234799	30	52.8475,13.0	52.815,14.2208333333	52.7286111111,14.3738888889	52.6316666667,14.5258333333	52.6016666667,14.6083333333	52.5386111111,14.6397222222	52.4,14.5388888889	52.2938888889,14.5788888889	52.2091666667,14.6591666667	52.1386111111,14.6802777778	52.145,14.4655555556	51.7125,13.1672222222	51.6038888889,12.8513888889	51.7977777778,12.3397222222	51.9330555556,11.625	51.8411111111,11.2083333333	51.8044444444,11.1402777778	51.9063888889,11.13	51.9083333333,11.13	51.9722222222,11.12	52.0,11.1166666667	52.2919444444,11.0808333333	52.3027777778,11.0811111111	52.3197222222,11.0780555556	52.3736111111,11.0702777778	52.4616666667,11.08	52.4794444444,11.0822222222	52.7305555556,11.1072222222	52.8861111111,12.0994444444	52.8475,13.0
285	365	1504224000	1504234799	46	53.3780555556,14.3886111111	53.3580555556,14.405	53.3333333333,14.4166666667	53.2758333333,14.41	53.1777777778,14.3775	53.1666666667,14.3333333333	52.9061111111,14.1566666667	52.815,14.2208333333	52.8475,13.0	52.8861111111,12.0994444444	52.7305555556,11.1072222222	52.7897222222,11.1369444444	52.8847222222,11.1855555556	53.1972222222,11.3447222222	53.3544444444,11.4275	53.3694444444,11.4341666667	53.3955555556,11.4438888889	53.5,11.5	53.6458333333,11.5755555556	54.25,11.8927777778	54.45,12.0	54.4863888889,12.065	54.6086111111,12.2855555556	54.7344444444,12.5147222222	54.7333333333,12.5166666667	54.5880555556,12.7766666667	54.6922222222,12.9522222222	54.7205555556,13.0	54.9166666667,13.0	54.9166666667,13.3861111111	54.9166666667,13.5608333333	54.9166666667,13.6608333333	54.9166666667,13.75	54.9166666667,13.7608333333	54.6666666667,14.3252777778	54.3333333333,14.2805555556	54.1666666667,14.2597222222	54.0516666667,14.2233333333	53.9294444444,14.2283333333	53.8530555556,14.2277777778	53.7594444444,14.2755555556	53.7377777778,14.29	53.6844444444,14.2786111111	53.6444444444,14.3136111111	53.5077777778,14.3258333333	53.3780555556,14.3886111111
285	365	1504224000	1504234799	10	54.9166666667,13.0	54.7205555556,13.0	54.6922222222,12.9522222222	54.5880555556,12.7766666667	54.7333333333,12.5166666667	54.7344444444,12.5147222222	54.78,12.5977777778	54.8788888889,12.7802777778	54.9166666667,12.85	54.9166666667,13.0
315	365	1504224000	1504234799	15	50.1905555556,12.3386111111	50.1697222222,12.3444444444	50.1322222222,12.3547222222	50.1305555556,12.3552777778	50.0247222222,12.3844444444	50.0158333333,12.3869444444	50.0377777778,12.3233333333	50.0447222222,12.3213888889	50.0544444444,12.3066666667	50.0675,12.2638888889	50.1027777778,12.2141666667	50.1016666667,12.2083333333	50.1577777778,12.2116666667	50.1738888889,12.3172222222	50.1905555556,12.3386111111
315	365	1504224000	1504234799	31	51.8411111111,11.2083333333	51.7213888889,11.4072222222	51.7802777778,12.2608333333	51.5927777778,12.5230555556	51.5291666667,12.6658333333	51.4572222222,12.8269444444	51.2611111111,12.5211111111	50.6908333333,12.1144444444	50.6102777778,12.3144444444	50.5377777778,12.4933333333	50.4325,12.7505555556	50.3922222222,12.6336111111	50.3772222222,12.5925	50.3413888889,12.4872222222	50.3255555556,12.44	50.4525,12.1547222222	50.5069444444,11.9858333333	50.5019444444,11.3316666667	50.5213888889,11.2513888889	50.6575,10.7027777778	50.8483333333,10.6441666667	51.0438888889,10.5836111111	51.3333333333,10.4927777778	51.3338888889,10.3875	51.4869444444,10.5925	51.5255555556,10.645	51.5666666667,10.7	51.7211111111,10.9847222222	51.7327777778,11.0063888889	51.8044444444,11.1402777778	51.8411111111,11.2083333333
315	365	1504224000	1504234799	35	51.5083333333,13.1	51.5083333333,13.1263888889	51.5083333333,13.2486111111	51.5086111111,13.335	51.5083333333,13.75	51.75,14.6666666667	51.6986111111,14.7144444444	51.5830555556,14.7380555556	51.5,15.0	51.4069444444,14.9616666667	51.2030555556,15.0105555556	51.1183333333,14.9902777778	50.9905555556,14.9169444444	51.0,14.8586111111	50.9991666667,14.7252777778	50.9580555556,14.575	51.0033333333,14.5666666667	51.0166666667,14.4	51.0183333333,14.27	50.95,14.3	50.9416666667,14.3966666667	50.9183333333,14.3983333333	50.9027777778,14.3861111111	50.8833333333,14.3333333333	50.7341666667,13.7675	50.7155555556,13.6288888889	50.5205555556,13.0091666667	50.4769444444,12.9116666667	50.4325,12.7505555556	50.5377777778,12.4933333333	50.6102777778,12.3144444444	50.6908333333,12.1144444444	51.2611111111,12.5211111111	51.4572222222,12.8269444444	51.5083333333,13.1
315	365	1504224000	1504234799	28	50.5116666667,10.5347222222	50.5019444444,11.3316666667	50.3377777778,11.9819444444	50.2402777778,12.3516666667	50.1905555556,12.3386111111	50.1738888889,12.3172222222	50.1577777778,12.2116666667	50.1016666667,12.2083333333	50.1027777778,12.2141666667	50.0675,12.2638888889	50.0544444444,12.3066666667	50.0447222222,12.3213888889	50.0377777778,12.3233333333	50.0158333333,12.3869444444	49.7972222222,12.4466666667	49.7538888889,12.4005555556	49.7033333333,12.4725	49.6833333333,11.9666666667	49.7047222222,11.3727777778	49.4416666667,10.9666666667	50.0161111111,10.4733333333	50.1263888889,10.3772222222	50.2269444444,10.2888888889	50.2508333333,10.3091666667	50.4197222222,10.4527777778	50.3625,10.8625	50.4594444444,10.8972222222	50.5116666667,10.5347222222
315	365	1504224000	1504234799	6	50.6575,10.7027777778	50.5213888889,11.2513888889	50.5019444444,11.3316666667	50.5116666667,10.5347222222	50.5372222222,10.5641666667	50.6575,10.7027777778
315	365	1504224000	1504234799	4	50.5019444444,11.3316666667	50.5069444444,11.9858333333	50.3377777778,11.9819444444	50.5019444444,11.3316666667
315	365	1504224000	1504234799	4	49.7972222222,12.4466666667	49.7033333333,12.4725	49.7538888889,12.4005555556	49.7972222222,12.4466666667
315	365	1504224000	1504234799	9	49.6833333333,11.9666666667	49.6708333333,11.9602777778	49.65,11.95	49.6166666667,11.9166666667	49.4344444444,11.8188888889	49.4308333333,11.6119444444	49.4416666667,10.9666666667	49.7047222222,11.3727777778	49.6833333333,11.9666666667
315	365	1504224000	1504234799	5	51.7125,13.1672222222	51.5083333333,13.1263888889	51.5083333333,13.1	51.6038888889,12.8513888889	51.7125,13.1672222222
315	365	1504224000	1504234799	5	50.0161111111,10.4733333333	49.4416666667,10.9666666667	49.6547222222,10.7655555556	50.0008333333,10.4341666667	50.0161111111,10.4733333333
315	365	1504224000	1504234799	6	51.8411111111,11.2083333333	51.9330555556,11.625	51.7977777778,12.3397222222	51.7802777778,12.2608333333	51.7213888889,11.4072222222	51.8411111111,11.2083333333
315	365	1504224000	1504234799	6	50.2269444444,10.2888888889	50.1263888889,10.3772222222	50.0161111111,10.4733333333	50.0008333333,10.4341666667	50.1436111111,10.2947222222	50.2269444444,10.2888888889
315	365	1504224000	1504234799	7	50.5069444444,11.9858333333	50.4525,12.1547222222	50.3255555556,12.44	50.2911111111,12.3811111111	50.2402777778,12.3516666667	50.3377777778,11.9819444444	50.5069444444,11.9858333333
315	365	1504224000	1504234799	4	50.2269444444,10.2888888889	50.1436111111,10.2947222222	50.1869444444,10.255	50.2269444444,10.2888888889
315	365	1504224000	1504234799	6	51.7977777778,12.3397222222	51.6038888889,12.8513888889	51.5291666667,12.6658333333	51.5927777778,12.5230555556	51.7802777778,12.2608333333	51.7977777778,12.3397222222
315	365	1504224000	1504234799	4	51.6038888889,12.8513888889	51.5083333333,13.1	51.4572222222,12.8269444444	51.6038888889,12.8513888889
315	365	1504224000	1504234799	13	52.145,14.4655555556	52.1386111111,14.6802777778	52.0583333333,14.7555555556	51.9030555556,14.6752777778	51.8333333333,14.6333333333	51.8,14.6166666667	51.75,14.6666666667	51.5083333333,13.75	51.5086111111,13.335	51.5083333333,13.2486111111	51.5083333333,13.1263888889	51.7125,13.1672222222	52.145,14.4655555556
315	365	1504224000	1504234799	7	51.2491666667,10.3708333333	51.3333333333,10.4927777778	51.0438888889,10.5836111111	50.9783333333,10.4255555556	51.0805555556,10.3380555556	51.1608333333,10.3536111111	51.2491666667,10.3708333333
315	365	1504224000	1504234799	4	50.8483333333,10.6441666667	50.6575,10.7027777778	50.82,10.5636111111	50.8483333333,10.6441666667
315	365	1504224000	1504234799	4	51.6038888889,12.8513888889	51.4572222222,12.8269444444	51.5291666667,12.6658333333	51.6038888889,12.8513888889
315	365	1504224000	1504234799	7	50.5116666667,10.5347222222	50.4594444444,10.8972222222	50.3625,10.8625	50.4197222222,10.4527777778	50.4683333333,10.4947222222	50.5,10.5216666667	50.5116666667,10.5347222222
315	365	1504224000	1504234799	14	49.7033333333,12.4725	49.7022222222,12.4738888889	49.6633333333,12.5397222222	49.6361111111,12.5805555556	49.6522222222,12.46	49.6613888889,12.37	49.5822222222,12.1761111111	49.5230555556,12.0330555556	49.4344444444,11.8188888889	49.6166666667,11.9166666667	49.65,11.95	49.6708333333,11.9602777778	49.6833333333,11.9666666667	49.7033333333,12.4725
315	365	1504224000	1504234799	4	51.3338888889,10.3875	51.3333333333,10.4927777778	51.2491666667,10.3708333333	51.3338888889,10.3875
315	365	1504224000	1504234799	5	51.0438888889,10.5836111111	50.8483333333,10.6441666667	50.82,10.5636111111	50.9783333333,10.4255555556	51.0438888889,10.5836111111
315	365	1504224000	1504234799	9	51.0183333333,14.27	51.0166666667,14.4	51.0033333333,14.5666666667	50.9580555556,14.575	50.9027777778,14.3861111111	50.9183333333,14.3983333333	50.9416666667,14.3966666667	50.95,14.3	51.0183333333,14.27
