18
145	999	1504296000	1504297799	6	36.4530555556,-1.9236111111	36.4113888889,-2.0	36.3811111111,-2.1036111111	36.3647222222,-2.2594444444	36.4166666667,-2.5105555556	36.4530555556,-1.9236111111
0	999	1504296000	1504297799	13	36.2436111111,-4.0	35.8333333333,-4.3708333333	35.8333333333,-4.9	35.8333333333,-4.9108333333	35.8333333333,-5.1191666667	35.8333333333,-5.1436111111	35.8333333333,-5.6666666667	35.8333333333,-5.7	36.1666666667,-5.6666666667	36.4875,-5.0427777778	36.3377777778,-4.8294444444	36.2422222222,-4.6652777778	36.2436111111,-4.0
0	999	1504296000	1504297799	28	36.4536111111,-1.0236111111	36.405,-1.1377777778	36.2522222222,-1.495	35.8833333333,-2.025	35.8333333333,-2.0	35.8333333333,-2.1	35.8333333333,-2.1166666667	35.8333333333,-2.6863888889	35.8333333333,-3.05	35.8333333333,-3.2358333333	35.8333333333,-3.2638888889	35.8333333333,-3.4333333333	35.8333333333,-3.4408333333	35.8333333333,-3.5	35.8333333333,-3.7033333333	35.8333333333,-3.9583333333	35.8333333333,-4.0	35.8333333333,-4.0480555556	35.8333333333,-4.3708333333	36.2436111111,-4.0	36.3291666667,-3.9144444444	36.4166666667,-2.5105555556	36.3647222222,-2.2594444444	36.3811111111,-2.1036111111	36.4113888889,-2.0	36.4530555556,-1.9236111111	36.6377777778,-1.4988888889	36.4536111111,-1.0236111111
305	999	1504296000	1504297799	7	37.1533333333,-4.5186111111	36.8813888889,-4.4763888889	36.7180555556,-4.5769444444	36.8427777778,-4.7577777778	36.8711111111,-4.7463888889	36.8727777778,-4.7080555556	37.1533333333,-4.5186111111
305	999	1504296000	1504297799	6	37.5263888889,-3.7619444444	37.3105555556,-4.2083333333	37.3386111111,-4.3933333333	37.5333333333,-4.2555555556	37.5277777778,-3.7788888889	37.5263888889,-3.7619444444
305	999	1504296000	1504297799	6	37.0,-3.3180555556	36.6422222222,-3.3561111111	36.3291666667,-3.9144444444	36.645,-3.9041666667	37.0,-4.0661111111	37.0,-3.3180555556
305	999	1504296000	1504297799	8	36.3291666667,-3.9144444444	36.2436111111,-4.0	36.2422222222,-4.6652777778	36.3377777778,-4.8294444444	36.6833333333,-4.5275	36.6341666667,-4.4866666667	36.5936111111,-4.2461111111	36.3291666667,-3.9144444444
305	999	1504296000	1504297799	6	37.5194444444,-3.2625	37.0,-3.3180555556	37.0,-4.0661111111	37.3105555556,-4.2083333333	37.5263888889,-3.7619444444	37.5194444444,-3.2625
305	999	1504296000	1504297799	7	36.7761111111,-1.8611111111	36.7138888889,-1.6994444444	36.6819444444,-1.7052777778	36.6027777778,-1.7483333333	36.5197222222,-1.825	36.4530555556,-1.9236111111	36.7761111111,-1.8611111111
305	999	1504296000	1504297799	12	37.3105555556,-4.2083333333	37.0,-4.0661111111	36.645,-3.9041666667	36.3291666667,-3.9144444444	36.5936111111,-4.2461111111	36.6341666667,-4.4866666667	36.6833333333,-4.5275	36.7180555556,-4.5769444444	36.8813888889,-4.4763888889	37.1533333333,-4.5186111111	37.3386111111,-4.3933333333	37.3105555556,-4.2083333333
305	999	1504296000	1504297799	6	37.09,-1.7722222222	37.0633333333,-1.7508333333	36.9769444444,-1.7027777778	36.85,-1.6741666667	36.85,-1.8333333333	37.09,-1.7722222222
305	999	1504296000	1504297799	7	36.7138888889,-1.6994444444	36.6377777778,-1.4988888889	36.4530555556,-1.9236111111	36.5197222222,-1.825	36.6027777778,-1.7483333333	36.6819444444,-1.7052777778	36.7138888889,-1.6994444444
305	999	1504296000	1504297799	25	37.9519444444,-1.6677777778	37.8977777778,-1.5841666667	37.9075,-1.5575	37.8827777778,-1.5647222222	37.09,-1.7722222222	37.1641666667,-1.8475	37.2452777778,-1.985	37.2861111111,-2.1241666667	37.2997222222,-2.29	37.2494444444,-2.5155555556	37.1958333333,-2.6269444444	37.0513888889,-2.7741666667	36.9769444444,-2.8102777778	36.8316666667,-2.8408333333	36.6819444444,-2.8080555556	36.6027777778,-2.7647222222	36.4694444444,-2.6236111111	36.4166666667,-2.5105555556	36.3291666667,-3.9144444444	36.6422222222,-3.3561111111	37.0,-3.3180555556	37.5194444444,-3.2625	37.5194444444,-2.9583333333	37.5816666667,-2.7805555556	37.9519444444,-1.6677777778
305	999	1504296000	1504297799	5	36.9769444444,-1.7027777778	36.8833333333,-1.6463888889	36.85,-1.6666666667	36.85,-1.6741666667	36.9769444444,-1.7027777778
305	999	1504296000	1504297799	18	37.2997222222,-2.29	37.2861111111,-2.1241666667	37.2452777778,-1.985	37.1641666667,-1.8475	37.09,-1.7722222222	36.85,-1.8333333333	36.7761111111,-1.8611111111	36.4530555556,-1.9236111111	36.4166666667,-2.5105555556	36.4694444444,-2.6236111111	36.6027777778,-2.7647222222	36.6819444444,-2.8080555556	36.8316666667,-2.8408333333	36.9769444444,-2.8102777778	37.0513888889,-2.7741666667	37.1958333333,-2.6269444444	37.2494444444,-2.5155555556	37.2997222222,-2.29
305	999	1504296000	1504297799	8	36.8711111111,-4.7463888889	36.8427777778,-4.7577777778	36.7180555556,-4.5769444444	36.6833333333,-4.5275	36.3377777778,-4.8294444444	36.4875,-5.0427777778	36.8583333333,-5.0386111111	36.8711111111,-4.7463888889
305	999	1504296000	1504297799	5	36.85,-1.6741666667	36.7138888889,-1.6994444444	36.7761111111,-1.8611111111	36.85,-1.8333333333	36.85,-1.6741666667
305	999	1504296000	1504297799	6	36.8833333333,-1.6463888889	36.6377777778,-1.4988888889	36.7138888889,-1.6994444444	36.85,-1.6741666667	36.85,-1.6666666667	36.8833333333,-1.6463888889
