12
195	295	1504249200	1504252799	10	47.3138888889,3.065	46.5666666667,3.5	46.5241666667,3.3697222222	46.3761111111,2.9113888889	46.1888888889,2.3630555556	46.3708333333,2.3533333333	46.8816666667,1.8141666667	46.8977777778,1.8475	47.1788888889,2.4341666667	47.3138888889,3.065
295	345	1504249200	1504252799	14	48.1333333333,1.7822222222	48.1333333333,2.6102777778	47.7341666667,2.8327777778	47.7194444444,2.7041666667	47.7194444444,2.0558333333	47.8305555556,1.6908333333	47.9155555556,1.7072222222	47.9536111111,1.7152777778	47.9988888889,1.73	48.0591666667,1.7508333333	48.0683333333,1.7536111111	48.0833333333,1.7586111111	48.1102777778,1.7663888889	48.1333333333,1.7822222222
295	345	1504249200	1504252799	10	47.3138888889,3.065	46.5666666667,3.5	46.5241666667,3.3697222222	46.3761111111,2.9113888889	46.1888888889,2.3630555556	46.3708333333,2.3533333333	46.8816666667,1.8141666667	46.8977777778,1.8475	47.1788888889,2.4341666667	47.3138888889,3.065
295	345	1504249200	1504252799	13	47.7341666667,2.8327777778	47.3138888889,3.065	47.1788888889,2.4341666667	46.8977777778,1.8475	46.8816666667,1.8141666667	47.1666666667,1.4666666667	47.5502777778,1.6333333333	47.6586111111,1.6555555556	47.7733333333,1.6777777778	47.8305555556,1.6908333333	47.7194444444,2.0558333333	47.7194444444,2.7041666667	47.7341666667,2.8327777778
365	999	1504249200	1504252799	14	48.1333333333,1.7822222222	48.1333333333,2.6102777778	47.7341666667,2.8327777778	47.7194444444,2.7041666667	47.7194444444,2.0558333333	47.8305555556,1.6908333333	47.9155555556,1.7072222222	47.9536111111,1.7152777778	47.9988888889,1.73	48.0591666667,1.7508333333	48.0683333333,1.7536111111	48.0833333333,1.7586111111	48.1102777778,1.7663888889	48.1333333333,1.7822222222
365	999	1504249200	1504252799	10	47.3138888889,3.065	46.5666666667,3.5	46.5241666667,3.3697222222	46.3761111111,2.9113888889	46.1888888889,2.3630555556	46.3708333333,2.3533333333	46.8816666667,1.8141666667	46.8977777778,1.8475	47.1788888889,2.4341666667	47.3138888889,3.065
365	999	1504249200	1504252799	13	47.7341666667,2.8327777778	47.3138888889,3.065	47.1788888889,2.4341666667	46.8977777778,1.8475	46.8816666667,1.8141666667	47.1666666667,1.4666666667	47.5502777778,1.6333333333	47.6586111111,1.6555555556	47.7733333333,1.6777777778	47.8305555556,1.6908333333	47.7194444444,2.0558333333	47.7194444444,2.7041666667	47.7341666667,2.8327777778
345	365	1504249200	1504252799	14	48.1333333333,1.7822222222	48.1333333333,2.6102777778	47.7341666667,2.8327777778	47.7194444444,2.7041666667	47.7194444444,2.0558333333	47.8305555556,1.6908333333	47.9155555556,1.7072222222	47.9536111111,1.7152777778	47.9988888889,1.73	48.0591666667,1.7508333333	48.0683333333,1.7536111111	48.0833333333,1.7586111111	48.1102777778,1.7663888889	48.1333333333,1.7822222222
345	365	1504249200	1504252799	10	47.3138888889,3.065	46.5666666667,3.5	46.5241666667,3.3697222222	46.3761111111,2.9113888889	46.1888888889,2.3630555556	46.3708333333,2.3533333333	46.8816666667,1.8141666667	46.8977777778,1.8475	47.1788888889,2.4341666667	47.3138888889,3.065
345	365	1504249200	1504252799	13	47.7341666667,2.8327777778	47.3138888889,3.065	47.1788888889,2.4341666667	46.8977777778,1.8475	46.8816666667,1.8141666667	47.1666666667,1.4666666667	47.5502777778,1.6333333333	47.6586111111,1.6555555556	47.7733333333,1.6777777778	47.8305555556,1.6908333333	47.7194444444,2.0558333333	47.7194444444,2.7041666667	47.7341666667,2.8327777778
265	295	1504249200	1504252799	14	48.1333333333,1.7822222222	48.1333333333,2.6102777778	47.7341666667,2.8327777778	47.7194444444,2.7041666667	47.7194444444,2.0558333333	47.8305555556,1.6908333333	47.9155555556,1.7072222222	47.9536111111,1.7152777778	47.9988888889,1.73	48.0591666667,1.7508333333	48.0683333333,1.7536111111	48.0833333333,1.7586111111	48.1102777778,1.7663888889	48.1333333333,1.7822222222
265	295	1504249200	1504252799	13	47.7341666667,2.8327777778	47.3138888889,3.065	47.1788888889,2.4341666667	46.8977777778,1.8475	46.8816666667,1.8141666667	47.1666666667,1.4666666667	47.5502777778,1.6333333333	47.6586111111,1.6555555556	47.7733333333,1.6777777778	47.8305555556,1.6908333333	47.7194444444,2.0558333333	47.7194444444,2.7041666667	47.7341666667,2.8327777778
