16
345	365	1504306800	1504310399	12	46.5241666667,3.3697222222	45.8991666667,3.6208333333	45.7777777778,3.6688888889	45.6894444444,4.2294444444	45.3583333333,4.4916666667	44.8588888889,3.3691666667	44.5166666667,2.625	44.7611111111,2.2805555556	44.9597222222,2.4277777778	46.1888888889,2.3630555556	46.3761111111,2.9113888889	46.5241666667,3.3697222222
345	365	1504306800	1504310399	14	48.1333333333,1.7822222222	48.1333333333,2.6102777778	47.7341666667,2.8327777778	47.7194444444,2.7041666667	47.7194444444,2.0558333333	47.8305555556,1.6908333333	47.9155555556,1.7072222222	47.9536111111,1.7152777778	47.9988888889,1.73	48.0591666667,1.7508333333	48.0683333333,1.7536111111	48.0833333333,1.7586111111	48.1102777778,1.7663888889	48.1333333333,1.7822222222
345	365	1504306800	1504310399	10	47.3138888889,3.065	46.5666666667,3.5	46.5241666667,3.3697222222	46.3761111111,2.9113888889	46.1888888889,2.3630555556	46.3708333333,2.3533333333	46.8816666667,1.8141666667	46.8977777778,1.8475	47.1788888889,2.4341666667	47.3138888889,3.065
345	365	1504306800	1504310399	13	47.7341666667,2.8327777778	47.3138888889,3.065	47.1788888889,2.4341666667	46.8977777778,1.8475	46.8816666667,1.8141666667	47.1666666667,1.4666666667	47.5502777778,1.6333333333	47.6586111111,1.6555555556	47.7733333333,1.6777777778	47.8305555556,1.6908333333	47.7194444444,2.0558333333	47.7194444444,2.7041666667	47.7341666667,2.8327777778
265	295	1504306800	1504310399	14	48.1333333333,1.7822222222	48.1333333333,2.6102777778	47.7341666667,2.8327777778	47.7194444444,2.7041666667	47.7194444444,2.0558333333	47.8305555556,1.6908333333	47.9155555556,1.7072222222	47.9536111111,1.7152777778	47.9988888889,1.73	48.0591666667,1.7508333333	48.0683333333,1.7536111111	48.0833333333,1.7586111111	48.1102777778,1.7663888889	48.1333333333,1.7822222222
265	295	1504306800	1504310399	13	47.7341666667,2.8327777778	47.3138888889,3.065	47.1788888889,2.4341666667	46.8977777778,1.8475	46.8816666667,1.8141666667	47.1666666667,1.4666666667	47.5502777778,1.6333333333	47.6586111111,1.6555555556	47.7733333333,1.6777777778	47.8305555556,1.6908333333	47.7194444444,2.0558333333	47.7194444444,2.7041666667	47.7341666667,2.8327777778
365	999	1504306800	1504310399	12	46.5241666667,3.3697222222	45.8991666667,3.6208333333	45.7777777778,3.6688888889	45.6894444444,4.2294444444	45.3583333333,4.4916666667	44.8588888889,3.3691666667	44.5166666667,2.625	44.7611111111,2.2805555556	44.9597222222,2.4277777778	46.1888888889,2.3630555556	46.3761111111,2.9113888889	46.5241666667,3.3697222222
365	999	1504306800	1504310399	14	48.1333333333,1.7822222222	48.1333333333,2.6102777778	47.7341666667,2.8327777778	47.7194444444,2.7041666667	47.7194444444,2.0558333333	47.8305555556,1.6908333333	47.9155555556,1.7072222222	47.9536111111,1.7152777778	47.9988888889,1.73	48.0591666667,1.7508333333	48.0683333333,1.7536111111	48.0833333333,1.7586111111	48.1102777778,1.7663888889	48.1333333333,1.7822222222
365	999	1504306800	1504310399	10	47.3138888889,3.065	46.5666666667,3.5	46.5241666667,3.3697222222	46.3761111111,2.9113888889	46.1888888889,2.3630555556	46.3708333333,2.3533333333	46.8816666667,1.8141666667	46.8977777778,1.8475	47.1788888889,2.4341666667	47.3138888889,3.065
365	999	1504306800	1504310399	13	47.7341666667,2.8327777778	47.3138888889,3.065	47.1788888889,2.4341666667	46.8977777778,1.8475	46.8816666667,1.8141666667	47.1666666667,1.4666666667	47.5502777778,1.6333333333	47.6586111111,1.6555555556	47.7733333333,1.6777777778	47.8305555556,1.6908333333	47.7194444444,2.0558333333	47.7194444444,2.7041666667	47.7341666667,2.8327777778
195	295	1504306800	1504310399	12	46.5241666667,3.3697222222	45.8991666667,3.6208333333	45.7777777778,3.6688888889	45.6894444444,4.2294444444	45.3583333333,4.4916666667	44.8588888889,3.3691666667	44.5166666667,2.625	44.7611111111,2.2805555556	44.9597222222,2.4277777778	46.1888888889,2.3630555556	46.3761111111,2.9113888889	46.5241666667,3.3697222222
195	295	1504306800	1504310399	10	47.3138888889,3.065	46.5666666667,3.5	46.5241666667,3.3697222222	46.3761111111,2.9113888889	46.1888888889,2.3630555556	46.3708333333,2.3533333333	46.8816666667,1.8141666667	46.8977777778,1.8475	47.1788888889,2.4341666667	47.3138888889,3.065
295	345	1504306800	1504310399	12	46.5241666667,3.3697222222	45.8991666667,3.6208333333	45.7777777778,3.6688888889	45.6894444444,4.2294444444	45.3583333333,4.4916666667	44.8588888889,3.3691666667	44.5166666667,2.625	44.7611111111,2.2805555556	44.9597222222,2.4277777778	46.1888888889,2.3630555556	46.3761111111,2.9113888889	46.5241666667,3.3697222222
295	345	1504306800	1504310399	14	48.1333333333,1.7822222222	48.1333333333,2.6102777778	47.7341666667,2.8327777778	47.7194444444,2.7041666667	47.7194444444,2.0558333333	47.8305555556,1.6908333333	47.9155555556,1.7072222222	47.9536111111,1.7152777778	47.9988888889,1.73	48.0591666667,1.7508333333	48.0683333333,1.7536111111	48.0833333333,1.7586111111	48.1102777778,1.7663888889	48.1333333333,1.7822222222
295	345	1504306800	1504310399	10	47.3138888889,3.065	46.5666666667,3.5	46.5241666667,3.3697222222	46.3761111111,2.9113888889	46.1888888889,2.3630555556	46.3708333333,2.3533333333	46.8816666667,1.8141666667	46.8977777778,1.8475	47.1788888889,2.4341666667	47.3138888889,3.065
295	345	1504306800	1504310399	13	47.7341666667,2.8327777778	47.3138888889,3.065	47.1788888889,2.4341666667	46.8977777778,1.8475	46.8816666667,1.8141666667	47.1666666667,1.4666666667	47.5502777778,1.6333333333	47.6586111111,1.6555555556	47.7733333333,1.6777777778	47.8305555556,1.6908333333	47.7194444444,2.0558333333	47.7194444444,2.7041666667	47.7341666667,2.8327777778
