12
225	315	1504290000	1504292399	28	48.0,6.6	47.9641666667,6.8083333333	47.8363888889,7.5608333333	47.8302777778,7.5575	47.7833333333,7.5319444444	47.6886111111,7.5338888889	47.6327777778,7.5	47.4138888889,7.3811111111	47.4255555556,7.2025	47.5,7.1422222222	47.4961111111,6.9894444444	47.4697222222,6.9944444444	47.4630555556,6.9647222222	47.3811111111,6.8991666667	47.3441666667,7.0625	47.3236111111,7.0058333333	47.2433333333,6.9544444444	47.1333333333,6.8166666667	47.0533333333,6.7166666667	47.0658333333,6.6916666667	47.0652777778,6.2991666667	47.0383333333,6.1763888889	46.9986111111,5.9991666667	46.9833333333,5.95	47.4666666667,5.7833333333	47.9833333333,6.0	47.9166666667,6.5	48.0,6.6
225	315	1504290000	1504292399	5	47.4630555556,6.9647222222	47.4255555556,7.2025	47.3441666667,7.0625	47.3811111111,6.8991666667	47.4630555556,6.9647222222
225	315	1504290000	1504292399	6	47.4961111111,6.9894444444	47.5,7.1422222222	47.4255555556,7.2025	47.4630555556,6.9647222222	47.4697222222,6.9944444444	47.4961111111,6.9894444444
345	365	1504290000	1504292399	28	48.0,6.6	47.9641666667,6.8083333333	47.8363888889,7.5608333333	47.8302777778,7.5575	47.7833333333,7.5319444444	47.6886111111,7.5338888889	47.6327777778,7.5	47.4138888889,7.3811111111	47.4255555556,7.2025	47.5,7.1422222222	47.4961111111,6.9894444444	47.4697222222,6.9944444444	47.4630555556,6.9647222222	47.3811111111,6.8991666667	47.3441666667,7.0625	47.3236111111,7.0058333333	47.2433333333,6.9544444444	47.1333333333,6.8166666667	47.0533333333,6.7166666667	47.0658333333,6.6916666667	47.0652777778,6.2991666667	47.0383333333,6.1763888889	46.9986111111,5.9991666667	46.9833333333,5.95	47.4666666667,5.7833333333	47.9833333333,6.0	47.9166666667,6.5	48.0,6.6
345	365	1504290000	1504292399	5	47.4630555556,6.9647222222	47.4255555556,7.2025	47.3441666667,7.0625	47.3811111111,6.8991666667	47.4630555556,6.9647222222
345	365	1504290000	1504292399	6	47.4961111111,6.9894444444	47.5,7.1422222222	47.4255555556,7.2025	47.4630555556,6.9647222222	47.4697222222,6.9944444444	47.4961111111,6.9894444444
365	999	1504290000	1504292399	28	48.0,6.6	47.9641666667,6.8083333333	47.8363888889,7.5608333333	47.8302777778,7.5575	47.7833333333,7.5319444444	47.6886111111,7.5338888889	47.6327777778,7.5	47.4138888889,7.3811111111	47.4255555556,7.2025	47.5,7.1422222222	47.4961111111,6.9894444444	47.4697222222,6.9944444444	47.4630555556,6.9647222222	47.3811111111,6.8991666667	47.3441666667,7.0625	47.3236111111,7.0058333333	47.2433333333,6.9544444444	47.1333333333,6.8166666667	47.0533333333,6.7166666667	47.0658333333,6.6916666667	47.0652777778,6.2991666667	47.0383333333,6.1763888889	46.9986111111,5.9991666667	46.9833333333,5.95	47.4666666667,5.7833333333	47.9833333333,6.0	47.9166666667,6.5	48.0,6.6
365	999	1504290000	1504292399	5	47.4630555556,6.9647222222	47.4255555556,7.2025	47.3441666667,7.0625	47.3811111111,6.8991666667	47.4630555556,6.9647222222
365	999	1504290000	1504292399	6	47.4961111111,6.9894444444	47.5,7.1422222222	47.4255555556,7.2025	47.4630555556,6.9647222222	47.4697222222,6.9944444444	47.4961111111,6.9894444444
315	345	1504290000	1504292399	28	48.0,6.6	47.9641666667,6.8083333333	47.8363888889,7.5608333333	47.8302777778,7.5575	47.7833333333,7.5319444444	47.6886111111,7.5338888889	47.6327777778,7.5	47.4138888889,7.3811111111	47.4255555556,7.2025	47.5,7.1422222222	47.4961111111,6.9894444444	47.4697222222,6.9944444444	47.4630555556,6.9647222222	47.3811111111,6.8991666667	47.3441666667,7.0625	47.3236111111,7.0058333333	47.2433333333,6.9544444444	47.1333333333,6.8166666667	47.0533333333,6.7166666667	47.0658333333,6.6916666667	47.0652777778,6.2991666667	47.0383333333,6.1763888889	46.9986111111,5.9991666667	46.9833333333,5.95	47.4666666667,5.7833333333	47.9833333333,6.0	47.9166666667,6.5	48.0,6.6
315	345	1504290000	1504292399	5	47.4630555556,6.9647222222	47.4255555556,7.2025	47.3441666667,7.0625	47.3811111111,6.8991666667	47.4630555556,6.9647222222
315	345	1504290000	1504292399	6	47.4961111111,6.9894444444	47.5,7.1422222222	47.4255555556,7.2025	47.4630555556,6.9647222222	47.4697222222,6.9944444444	47.4961111111,6.9894444444
