10
365	999	1504242000	1504245599	15	50.1905555556,12.3386111111	50.1697222222,12.3444444444	50.1322222222,12.3547222222	50.1305555556,12.3552777778	50.0247222222,12.3844444444	50.0158333333,12.3869444444	50.0377777778,12.3233333333	50.0447222222,12.3213888889	50.0544444444,12.3066666667	50.0675,12.2638888889	50.1027777778,12.2141666667	50.1016666667,12.2083333333	50.1577777778,12.2116666667	50.1738888889,12.3172222222	50.1905555556,12.3386111111
365	999	1504242000	1504245599	4	49.7972222222,12.4466666667	49.7033333333,12.4725	49.7538888889,12.4005555556	49.7972222222,12.4466666667
365	999	1504242000	1504245599	5	50.0161111111,10.4733333333	49.4416666667,10.9666666667	49.6547222222,10.7655555556	50.0008333333,10.4341666667	50.0161111111,10.4733333333
365	999	1504242000	1504245599	7	50.5116666667,10.5347222222	50.4594444444,10.8972222222	50.3625,10.8625	50.4197222222,10.4527777778	50.4683333333,10.4947222222	50.5,10.5216666667	50.5116666667,10.5347222222
365	999	1504242000	1504245599	14	49.7033333333,12.4725	49.7022222222,12.4738888889	49.6633333333,12.5397222222	49.6361111111,12.5805555556	49.6522222222,12.46	49.6613888889,12.37	49.5822222222,12.1761111111	49.5230555556,12.0330555556	49.4344444444,11.8188888889	49.6166666667,11.9166666667	49.65,11.95	49.6708333333,11.9602777778	49.6833333333,11.9666666667	49.7033333333,12.4725
365	999	1504242000	1504245599	6	50.6575,10.7027777778	50.5213888889,11.2513888889	50.5019444444,11.3316666667	50.5116666667,10.5347222222	50.5372222222,10.5641666667	50.6575,10.7027777778
365	999	1504242000	1504245599	6	50.2269444444,10.2888888889	50.1263888889,10.3772222222	50.0161111111,10.4733333333	50.0008333333,10.4341666667	50.1436111111,10.2947222222	50.2269444444,10.2888888889
365	999	1504242000	1504245599	28	50.5116666667,10.5347222222	50.5019444444,11.3316666667	50.3377777778,11.9819444444	50.2402777778,12.3516666667	50.1905555556,12.3386111111	50.1738888889,12.3172222222	50.1577777778,12.2116666667	50.1016666667,12.2083333333	50.1027777778,12.2141666667	50.0675,12.2638888889	50.0544444444,12.3066666667	50.0447222222,12.3213888889	50.0377777778,12.3233333333	50.0158333333,12.3869444444	49.7972222222,12.4466666667	49.7538888889,12.4005555556	49.7033333333,12.4725	49.6833333333,11.9666666667	49.7047222222,11.3727777778	49.4416666667,10.9666666667	50.0161111111,10.4733333333	50.1263888889,10.3772222222	50.2269444444,10.2888888889	50.2508333333,10.3091666667	50.4197222222,10.4527777778	50.3625,10.8625	50.4594444444,10.8972222222	50.5116666667,10.5347222222
365	999	1504242000	1504245599	4	50.2269444444,10.2888888889	50.1436111111,10.2947222222	50.1869444444,10.255	50.2269444444,10.2888888889
365	999	1504242000	1504245599	9	49.6833333333,11.9666666667	49.6708333333,11.9602777778	49.65,11.95	49.6166666667,11.9166666667	49.4344444444,11.8188888889	49.4308333333,11.6119444444	49.4416666667,10.9666666667	49.7047222222,11.3727777778	49.6833333333,11.9666666667
