9
345	365	1504274400	1504276799	9	49.5494444444,5.8161111111	49.5430555556,5.8241666667	49.5430555556,5.8333333333	49.53,5.8458333333	49.4555555556,6.0	49.4536111111,5.7944444444	49.5416666667,5.75	49.5422222222,5.7555555556	49.5494444444,5.8161111111
345	365	1504274400	1504276799	57	50.35,3.6666666667	50.3422222222,3.675	50.3397222222,3.7875	50.3405555556,3.8730555556	50.3338888889,3.9266666667	50.3283333333,3.9730555556	50.3147222222,4.0897222222	50.2966666667,4.1188888889	50.2247222222,4.1780555556	50.1488888889,4.1680555556	49.9805555556,4.1458333333	49.9802777778,4.1502777778	49.9616666667,4.3666666667	49.95,4.4833333333	49.9655555556,4.5352777778	49.975,4.5666666667	49.9833333333,4.8666666667	49.8619444444,4.8577777778	49.8,4.8583333333	49.8,4.9394444444	49.8,4.9880555556	49.7361111111,5.115	49.7341666667,5.1205555556	49.7166666667,5.1633333333	49.6930555556,5.2627777778	49.6772222222,5.2911111111	49.6483333333,5.3158333333	49.6252777778,5.3716666667	49.6166666667,5.3833333333	49.6011111111,5.4205555556	49.5677777778,5.4422222222	49.5469444444,5.4527777778	49.5188888889,5.4375	49.5275,5.5752777778	49.5416666667,5.75	49.4536111111,5.7944444444	49.3072222222,5.1302777778	49.2666666667,5.5541666667	48.95,4.8	48.9738888889,4.2319444444	48.95,4.1666666667	48.7,3.5	48.6666666667,3.1166666667	48.5833333333,3.0166666667	49.0,2.5333333333	49.0755555556,2.4469444444	49.1658333333,2.34	49.2805555556,2.2055555556	49.4222222222,2.6725	49.45,2.75	49.7391666667,2.9833333333	50.1,3.2805555556	50.4838888889,3.6005555556	50.4733333333,3.6333333333	50.4519444444,3.6455555556	50.4166666667,3.6666666667	50.35,3.6666666667
345	365	1504274400	1504276799	6	49.4536111111,5.7944444444	49.4555555556,6.0	49.3625,5.8069444444	49.2666666667,5.5541666667	49.3072222222,5.1302777778	49.4536111111,5.7944444444
365	375	1504274400	1504276799	9	49.5494444444,5.8161111111	49.5430555556,5.8241666667	49.5430555556,5.8333333333	49.53,5.8458333333	49.4555555556,6.0	49.4536111111,5.7944444444	49.5416666667,5.75	49.5422222222,5.7555555556	49.5494444444,5.8161111111
365	375	1504274400	1504276799	57	50.35,3.6666666667	50.3422222222,3.675	50.3397222222,3.7875	50.3405555556,3.8730555556	50.3338888889,3.9266666667	50.3283333333,3.9730555556	50.3147222222,4.0897222222	50.2966666667,4.1188888889	50.2247222222,4.1780555556	50.1488888889,4.1680555556	49.9805555556,4.1458333333	49.9802777778,4.1502777778	49.9616666667,4.3666666667	49.95,4.4833333333	49.9655555556,4.5352777778	49.975,4.5666666667	49.9833333333,4.8666666667	49.8619444444,4.8577777778	49.8,4.8583333333	49.8,4.9394444444	49.8,4.9880555556	49.7361111111,5.115	49.7341666667,5.1205555556	49.7166666667,5.1633333333	49.6930555556,5.2627777778	49.6772222222,5.2911111111	49.6483333333,5.3158333333	49.6252777778,5.3716666667	49.6166666667,5.3833333333	49.6011111111,5.4205555556	49.5677777778,5.4422222222	49.5469444444,5.4527777778	49.5188888889,5.4375	49.5275,5.5752777778	49.5416666667,5.75	49.4536111111,5.7944444444	49.3072222222,5.1302777778	49.2666666667,5.5541666667	48.95,4.8	48.9738888889,4.2319444444	48.95,4.1666666667	48.7,3.5	48.6666666667,3.1166666667	48.5833333333,3.0166666667	49.0,2.5333333333	49.0755555556,2.4469444444	49.1658333333,2.34	49.2805555556,2.2055555556	49.4222222222,2.6725	49.45,2.75	49.7391666667,2.9833333333	50.1,3.2805555556	50.4838888889,3.6005555556	50.4733333333,3.6333333333	50.4519444444,3.6455555556	50.4166666667,3.6666666667	50.35,3.6666666667
365	375	1504274400	1504276799	6	49.4536111111,5.7944444444	49.4555555556,6.0	49.3625,5.8069444444	49.2666666667,5.5541666667	49.3072222222,5.1302777778	49.4536111111,5.7944444444
375	999	1504274400	1504276799	9	49.5494444444,5.8161111111	49.5430555556,5.8241666667	49.5430555556,5.8333333333	49.53,5.8458333333	49.4555555556,6.0	49.4536111111,5.7944444444	49.5416666667,5.75	49.5422222222,5.7555555556	49.5494444444,5.8161111111
375	999	1504274400	1504276799	57	50.35,3.6666666667	50.3422222222,3.675	50.3397222222,3.7875	50.3405555556,3.8730555556	50.3338888889,3.9266666667	50.3283333333,3.9730555556	50.3147222222,4.0897222222	50.2966666667,4.1188888889	50.2247222222,4.1780555556	50.1488888889,4.1680555556	49.9805555556,4.1458333333	49.9802777778,4.1502777778	49.9616666667,4.3666666667	49.95,4.4833333333	49.9655555556,4.5352777778	49.975,4.5666666667	49.9833333333,4.8666666667	49.8619444444,4.8577777778	49.8,4.8583333333	49.8,4.9394444444	49.8,4.9880555556	49.7361111111,5.115	49.7341666667,5.1205555556	49.7166666667,5.1633333333	49.6930555556,5.2627777778	49.6772222222,5.2911111111	49.6483333333,5.3158333333	49.6252777778,5.3716666667	49.6166666667,5.3833333333	49.6011111111,5.4205555556	49.5677777778,5.4422222222	49.5469444444,5.4527777778	49.5188888889,5.4375	49.5275,5.5752777778	49.5416666667,5.75	49.4536111111,5.7944444444	49.3072222222,5.1302777778	49.2666666667,5.5541666667	48.95,4.8	48.9738888889,4.2319444444	48.95,4.1666666667	48.7,3.5	48.6666666667,3.1166666667	48.5833333333,3.0166666667	49.0,2.5333333333	49.0755555556,2.4469444444	49.1658333333,2.34	49.2805555556,2.2055555556	49.4222222222,2.6725	49.45,2.75	49.7391666667,2.9833333333	50.1,3.2805555556	50.4838888889,3.6005555556	50.4733333333,3.6333333333	50.4519444444,3.6455555556	50.4166666667,3.6666666667	50.35,3.6666666667
375	999	1504274400	1504276799	6	49.4536111111,5.7944444444	49.4555555556,6.0	49.3625,5.8069444444	49.2666666667,5.5541666667	49.3072222222,5.1302777778	49.4536111111,5.7944444444
