30
365	375	1504224000	1504238399	9	49.5494444444,5.8161111111	49.5430555556,5.8241666667	49.5430555556,5.8333333333	49.53,5.8458333333	49.4555555556,6.0	49.4536111111,5.7944444444	49.5416666667,5.75	49.5422222222,5.7555555556	49.5494444444,5.8161111111
365	375	1504224000	1504238399	57	50.35,3.6666666667	50.3422222222,3.675	50.3397222222,3.7875	50.3405555556,3.8730555556	50.3338888889,3.9266666667	50.3283333333,3.9730555556	50.3147222222,4.0897222222	50.2966666667,4.1188888889	50.2247222222,4.1780555556	50.1488888889,4.1680555556	49.9805555556,4.1458333333	49.9802777778,4.1502777778	49.9616666667,4.3666666667	49.95,4.4833333333	49.9655555556,4.5352777778	49.975,4.5666666667	49.9833333333,4.8666666667	49.8619444444,4.8577777778	49.8,4.8583333333	49.8,4.9394444444	49.8,4.9880555556	49.7361111111,5.115	49.7341666667,5.1205555556	49.7166666667,5.1633333333	49.6930555556,5.2627777778	49.6772222222,5.2911111111	49.6483333333,5.3158333333	49.6252777778,5.3716666667	49.6166666667,5.3833333333	49.6011111111,5.4205555556	49.5677777778,5.4422222222	49.5469444444,5.4527777778	49.5188888889,5.4375	49.5275,5.5752777778	49.5416666667,5.75	49.4536111111,5.7944444444	49.3072222222,5.1302777778	49.2666666667,5.5541666667	48.95,4.8	48.9738888889,4.2319444444	48.95,4.1666666667	48.7,3.5	48.6666666667,3.1166666667	48.5833333333,3.0166666667	49.0,2.5333333333	49.0755555556,2.4469444444	49.1658333333,2.34	49.2805555556,2.2055555556	49.4222222222,2.6725	49.45,2.75	49.7391666667,2.9833333333	50.1,3.2805555556	50.4838888889,3.6005555556	50.4733333333,3.6333333333	50.4519444444,3.6455555556	50.4166666667,3.6666666667	50.35,3.6666666667
365	375	1504224000	1504238399	6	49.4536111111,5.7944444444	49.4555555556,6.0	49.3625,5.8069444444	49.2666666667,5.5541666667	49.3072222222,5.1302777778	49.4536111111,5.7944444444
265	285	1504224000	1504238399	5	49.9975,1.3880555556	49.9488888889,1.4525	49.9219444444,1.4033333333	49.9780555556,1.3288888889	49.9975,1.3880555556
265	315	1504224000	1504238399	29	50.35,3.6666666667	50.3422222222,3.675	50.3397222222,3.7875	50.3405555556,3.8730555556	50.3338888889,3.9266666667	50.3283333333,3.9730555556	49.2113888889,3.9080555556	49.1102777778,3.7272222222	48.9930555556,3.8133333333	48.9886111111,3.9261111111	48.9761111111,4.1936111111	48.9738888889,4.2319444444	48.95,4.1666666667	48.7,3.5	48.6666666667,3.1166666667	48.5833333333,3.0166666667	49.0,2.5333333333	49.0755555556,2.4469444444	49.1658333333,2.34	49.2805555556,2.2055555556	49.4222222222,2.6725	49.45,2.75	49.7391666667,2.9833333333	50.1,3.2805555556	50.4838888889,3.6005555556	50.4733333333,3.6333333333	50.4519444444,3.6455555556	50.4166666667,3.6666666667	50.35,3.6666666667
315	345	1504224000	1504238399	9	49.5494444444,5.8161111111	49.5430555556,5.8241666667	49.5430555556,5.8333333333	49.53,5.8458333333	49.4555555556,6.0	49.4536111111,5.7944444444	49.5416666667,5.75	49.5422222222,5.7555555556	49.5494444444,5.8161111111
315	345	1504224000	1504238399	57	50.35,3.6666666667	50.3422222222,3.675	50.3397222222,3.7875	50.3405555556,3.8730555556	50.3338888889,3.9266666667	50.3283333333,3.9730555556	50.3147222222,4.0897222222	50.2966666667,4.1188888889	50.2247222222,4.1780555556	50.1488888889,4.1680555556	49.9805555556,4.1458333333	49.9802777778,4.1502777778	49.9616666667,4.3666666667	49.95,4.4833333333	49.9655555556,4.5352777778	49.975,4.5666666667	49.9833333333,4.8666666667	49.8619444444,4.8577777778	49.8,4.8583333333	49.8,4.9394444444	49.8,4.9880555556	49.7361111111,5.115	49.7341666667,5.1205555556	49.7166666667,5.1633333333	49.6930555556,5.2627777778	49.6772222222,5.2911111111	49.6483333333,5.3158333333	49.6252777778,5.3716666667	49.6166666667,5.3833333333	49.6011111111,5.4205555556	49.5677777778,5.4422222222	49.5469444444,5.4527777778	49.5188888889,5.4375	49.5275,5.5752777778	49.5416666667,5.75	49.4536111111,5.7944444444	49.3072222222,5.1302777778	49.2666666667,5.5541666667	48.95,4.8	48.9738888889,4.2319444444	48.95,4.1666666667	48.7,3.5	48.6666666667,3.1166666667	48.5833333333,3.0166666667	49.0,2.5333333333	49.0755555556,2.4469444444	49.1658333333,2.34	49.2805555556,2.2055555556	49.4222222222,2.6725	49.45,2.75	49.7391666667,2.9833333333	50.1,3.2805555556	50.4838888889,3.6005555556	50.4733333333,3.6333333333	50.4519444444,3.6455555556	50.4166666667,3.6666666667	50.35,3.6666666667
315	345	1504224000	1504238399	6	49.4536111111,5.7944444444	49.4555555556,6.0	49.3625,5.8069444444	49.2666666667,5.5541666667	49.3072222222,5.1302777778	49.4536111111,5.7944444444
375	999	1504224000	1504238399	9	49.5494444444,5.8161111111	49.5430555556,5.8241666667	49.5430555556,5.8333333333	49.53,5.8458333333	49.4555555556,6.0	49.4536111111,5.7944444444	49.5416666667,5.75	49.5422222222,5.7555555556	49.5494444444,5.8161111111
375	999	1504224000	1504238399	57	50.35,3.6666666667	50.3422222222,3.675	50.3397222222,3.7875	50.3405555556,3.8730555556	50.3338888889,3.9266666667	50.3283333333,3.9730555556	50.3147222222,4.0897222222	50.2966666667,4.1188888889	50.2247222222,4.1780555556	50.1488888889,4.1680555556	49.9805555556,4.1458333333	49.9802777778,4.1502777778	49.9616666667,4.3666666667	49.95,4.4833333333	49.9655555556,4.5352777778	49.975,4.5666666667	49.9833333333,4.8666666667	49.8619444444,4.8577777778	49.8,4.8583333333	49.8,4.9394444444	49.8,4.9880555556	49.7361111111,5.115	49.7341666667,5.1205555556	49.7166666667,5.1633333333	49.6930555556,5.2627777778	49.6772222222,5.2911111111	49.6483333333,5.3158333333	49.6252777778,5.3716666667	49.6166666667,5.3833333333	49.6011111111,5.4205555556	49.5677777778,5.4422222222	49.5469444444,5.4527777778	49.5188888889,5.4375	49.5275,5.5752777778	49.5416666667,5.75	49.4536111111,5.7944444444	49.3072222222,5.1302777778	49.2666666667,5.5541666667	48.95,4.8	48.9738888889,4.2319444444	48.95,4.1666666667	48.7,3.5	48.6666666667,3.1166666667	48.5833333333,3.0166666667	49.0,2.5333333333	49.0755555556,2.4469444444	49.1658333333,2.34	49.2805555556,2.2055555556	49.4222222222,2.6725	49.45,2.75	49.7391666667,2.9833333333	50.1,3.2805555556	50.4838888889,3.6005555556	50.4733333333,3.6333333333	50.4519444444,3.6455555556	50.4166666667,3.6666666667	50.35,3.6666666667
375	999	1504224000	1504238399	6	49.4536111111,5.7944444444	49.4555555556,6.0	49.3625,5.8069444444	49.2666666667,5.5541666667	49.3072222222,5.1302777778	49.4536111111,5.7944444444
345	365	1504224000	1504238399	28	51.0,1.4666666667	50.96,1.5419444444	50.7166666667,2.0	50.6608333333,2.03	50.0758333333,2.3430555556	50.0,2.3833333333	49.8341666667,2.4666666667	49.8338888889,2.1555555556	49.8333333333,1.5880555556	49.8997222222,1.5105555556	49.9488888889,1.4525	49.985,1.5177777778	50.0583333333,1.6519444444	50.0708333333,1.6741666667	50.1163888889,1.7575	50.1713888889,1.8586111111	50.2294444444,1.9516666667	50.6019444444,1.5388888889	50.6286111111,1.5863888889	50.6569444444,1.6363888889	50.7122222222,1.7347222222	50.9044444444,1.4666666667	50.9055555556,1.4666666667	50.9161111111,1.4666666667	50.9211111111,1.4666666667	50.9577777778,1.4666666667	50.9666666667,1.4666666667	51.0,1.4666666667
345	365	1504224000	1504238399	39	51.0155555556,2.5727777778	51.0138888889,2.5916666667	50.8188888889,2.6472222222	50.8083333333,2.65	50.7,2.9	50.6916666667,2.9083333333	50.7833333333,3.15	50.6780555556,3.2227777778	50.6097222222,3.27	50.5947222222,3.2841666667	50.515,3.3616666667	50.495,3.3766666667	50.5194444444,3.4847222222	50.5266666667,3.5116666667	50.4972222222,3.5541666667	50.4838888889,3.6005555556	50.1,3.2805555556	49.7391666667,2.9833333333	49.45,2.75	49.4222222222,2.6725	49.2805555556,2.2055555556	49.605,1.8108333333	49.6558333333,1.7455555556	49.7594444444,1.6127777778	49.8333333333,1.5175	49.8333333333,1.5880555556	49.8338888889,2.1555555556	49.8341666667,2.4666666667	50.0,2.3833333333	50.0758333333,2.3430555556	50.6608333333,2.03	50.7166666667,2.0	50.96,1.5419444444	51.0,1.4666666667	51.0,1.8666666667	51.0,1.9102777778	51.0,2.1833333333	51.0308333333,2.3291666667	51.0155555556,2.5727777778
345	365	1504224000	1504238399	6	51.1013888889,2.245	51.0308333333,2.3291666667	51.0,2.1833333333	51.0666666667,2.0	51.1166666667,2.0	51.1013888889,2.245
345	365	1504224000	1504238399	9	49.5494444444,5.8161111111	49.5430555556,5.8241666667	49.5430555556,5.8333333333	49.53,5.8458333333	49.4555555556,6.0	49.4536111111,5.7944444444	49.5416666667,5.75	49.5422222222,5.7555555556	49.5494444444,5.8161111111
345	365	1504224000	1504238399	6	49.4536111111,5.7944444444	49.4555555556,6.0	49.3625,5.8069444444	49.2666666667,5.5541666667	49.3072222222,5.1302777778	49.4536111111,5.7944444444
345	365	1504224000	1504238399	57	50.35,3.6666666667	50.3422222222,3.675	50.3397222222,3.7875	50.3405555556,3.8730555556	50.3338888889,3.9266666667	50.3283333333,3.9730555556	50.3147222222,4.0897222222	50.2966666667,4.1188888889	50.2247222222,4.1780555556	50.1488888889,4.1680555556	49.9805555556,4.1458333333	49.9802777778,4.1502777778	49.9616666667,4.3666666667	49.95,4.4833333333	49.9655555556,4.5352777778	49.975,4.5666666667	49.9833333333,4.8666666667	49.8619444444,4.8577777778	49.8,4.8583333333	49.8,4.9394444444	49.8,4.9880555556	49.7361111111,5.115	49.7341666667,5.1205555556	49.7166666667,5.1633333333	49.6930555556,5.2627777778	49.6772222222,5.2911111111	49.6483333333,5.3158333333	49.6252777778,5.3716666667	49.6166666667,5.3833333333	49.6011111111,5.4205555556	49.5677777778,5.4422222222	49.5469444444,5.4527777778	49.5188888889,5.4375	49.5275,5.5752777778	49.5416666667,5.75	49.4536111111,5.7944444444	49.3072222222,5.1302777778	49.2666666667,5.5541666667	48.95,4.8	48.9738888889,4.2319444444	48.95,4.1666666667	48.7,3.5	48.6666666667,3.1166666667	48.5833333333,3.0166666667	49.0,2.5333333333	49.0755555556,2.4469444444	49.1658333333,2.34	49.2805555556,2.2055555556	49.4222222222,2.6725	49.45,2.75	49.7391666667,2.9833333333	50.1,3.2805555556	50.4838888889,3.6005555556	50.4733333333,3.6333333333	50.4519444444,3.6455555556	50.4166666667,3.6666666667	50.35,3.6666666667
345	365	1504224000	1504238399	6	51.1013888889,2.245	51.0833333333,2.55	51.0138888889,2.5916666667	51.0155555556,2.5727777778	51.0308333333,2.3291666667	51.1013888889,2.245
345	365	1504224000	1504238399	6	49.9488888889,1.4525	49.8997222222,1.5105555556	49.8333333333,1.5880555556	49.8333333333,1.5175	49.9219444444,1.4033333333	49.9488888889,1.4525
345	365	1504224000	1504238399	11	51.1166666667,2.0	51.0666666667,2.0	51.0,2.1833333333	51.0,1.9102777778	51.0,1.8666666667	51.0,1.4666666667	51.02,1.555	51.0327777778,1.6155555556	51.0447222222,1.6697222222	51.0586111111,1.7322222222	51.1166666667,2.0
365	999	1504224000	1504238399	29	51.0,1.4666666667	50.96,1.5419444444	50.7166666667,2.0	50.6608333333,2.03	50.0758333333,2.3430555556	50.0,2.3833333333	49.8341666667,2.4666666667	49.8338888889,2.1555555556	49.8333333333,1.5880555556	49.8333333333,1.5175	49.9219444444,1.4033333333	49.9488888889,1.4525	49.985,1.5177777778	50.0583333333,1.6519444444	50.0708333333,1.6741666667	50.1163888889,1.7575	50.1713888889,1.8586111111	50.2294444444,1.9516666667	50.6019444444,1.5388888889	50.6286111111,1.5863888889	50.6569444444,1.6363888889	50.7122222222,1.7347222222	50.9044444444,1.4666666667	50.9055555556,1.4666666667	50.9161111111,1.4666666667	50.9211111111,1.4666666667	50.9577777778,1.4666666667	50.9666666667,1.4666666667	51.0,1.4666666667
365	999	1504224000	1504238399	6	51.1013888889,2.245	51.0308333333,2.3291666667	51.0,2.1833333333	51.0666666667,2.0	51.1166666667,2.0	51.1013888889,2.245
365	999	1504224000	1504238399	39	51.0155555556,2.5727777778	51.0138888889,2.5916666667	50.8188888889,2.6472222222	50.8083333333,2.65	50.7,2.9	50.6916666667,2.9083333333	50.7833333333,3.15	50.6780555556,3.2227777778	50.6097222222,3.27	50.5947222222,3.2841666667	50.515,3.3616666667	50.495,3.3766666667	50.5194444444,3.4847222222	50.5266666667,3.5116666667	50.4972222222,3.5541666667	50.4838888889,3.6005555556	50.1,3.2805555556	49.7391666667,2.9833333333	49.45,2.75	49.4222222222,2.6725	49.2805555556,2.2055555556	49.605,1.8108333333	49.6558333333,1.7455555556	49.7594444444,1.6127777778	49.8333333333,1.5175	49.8333333333,1.5880555556	49.8338888889,2.1555555556	49.8341666667,2.4666666667	50.0,2.3833333333	50.0758333333,2.3430555556	50.6608333333,2.03	50.7166666667,2.0	50.96,1.5419444444	51.0,1.4666666667	51.0,1.8666666667	51.0,1.9102777778	51.0,2.1833333333	51.0308333333,2.3291666667	51.0155555556,2.5727777778
365	999	1504224000	1504238399	11	51.1166666667,2.0	51.0666666667,2.0	51.0,2.1833333333	51.0,1.9102777778	51.0,1.8666666667	51.0,1.4666666667	51.02,1.555	51.0327777778,1.6155555556	51.0447222222,1.6697222222	51.0586111111,1.7322222222	51.1166666667,2.0
365	999	1504224000	1504238399	6	51.1013888889,2.245	51.0833333333,2.55	51.0138888889,2.5916666667	51.0155555556,2.5727777778	51.0308333333,2.3291666667	51.1013888889,2.245
265	345	1504224000	1504238399	11	51.1166666667,2.0	51.0666666667,2.0	51.0,2.1833333333	51.0,1.9102777778	51.0,1.8666666667	51.0,1.4666666667	51.02,1.555	51.0327777778,1.6155555556	51.0447222222,1.6697222222	51.0586111111,1.7322222222	51.1166666667,2.0
265	345	1504224000	1504238399	6	51.1013888889,2.245	51.0308333333,2.3291666667	51.0,2.1833333333	51.0666666667,2.0	51.1166666667,2.0	51.1013888889,2.245
265	345	1504224000	1504238399	34	51.0155555556,2.5727777778	51.0138888889,2.5916666667	50.8188888889,2.6472222222	50.8083333333,2.65	50.7,2.9	50.6916666667,2.9083333333	50.7833333333,3.15	50.6780555556,3.2227777778	50.6097222222,3.27	50.5947222222,3.2841666667	50.515,3.3616666667	50.495,3.3766666667	50.5194444444,3.4847222222	50.5266666667,3.5116666667	50.4972222222,3.5541666667	50.4838888889,3.6005555556	50.1,3.2805555556	49.7391666667,2.9833333333	49.8586111111,2.8766666667	50.6652777778,1.9041666667	50.7413888889,1.7819444444	50.7122222222,1.7347222222	50.9044444444,1.4666666667	50.9055555556,1.4666666667	50.9161111111,1.4666666667	50.9211111111,1.4666666667	50.9577777778,1.4666666667	50.9666666667,1.4666666667	51.0,1.4666666667	51.0,1.8666666667	51.0,1.9102777778	51.0,2.1833333333	51.0308333333,2.3291666667	51.0155555556,2.5727777778
265	345	1504224000	1504238399	6	51.1013888889,2.245	51.0833333333,2.55	51.0138888889,2.5916666667	51.0155555556,2.5727777778	51.0308333333,2.3291666667	51.1013888889,2.245
265	345	1504224000	1504238399	24	50.7413888889,1.7819444444	50.6652777778,1.9041666667	49.8586111111,2.8766666667	49.7391666667,2.9833333333	49.45,2.75	49.4222222222,2.6725	49.2805555556,2.2055555556	49.605,1.8108333333	49.6558333333,1.7455555556	49.7594444444,1.6127777778	49.8333333333,1.5175	49.9219444444,1.4033333333	49.9488888889,1.4525	49.985,1.5177777778	50.0583333333,1.6519444444	50.0708333333,1.6741666667	50.1163888889,1.7575	50.1713888889,1.8586111111	50.2294444444,1.9516666667	50.6019444444,1.5388888889	50.6286111111,1.5863888889	50.6569444444,1.6363888889	50.7122222222,1.7347222222	50.7413888889,1.7819444444
