12
165	255	1504239300	1504241999	6	47.9155555556,1.7072222222	47.9155555556,3.2883333333	47.8969444444,3.2997222222	47.8316666667,3.34	47.8305555556,1.6908333333	47.9155555556,1.7072222222
175	255	1504239300	1504241999	8	47.7952777778,3.3627777778	47.7472222222,2.9461111111	47.7341666667,2.8327777778	47.7194444444,2.7041666667	47.7194444444,2.0558333333	47.8305555556,1.6908333333	47.8316666667,3.34	47.7952777778,3.3627777778
195	265	1504239300	1504241999	11	48.4513888889,1.8808333333	48.3833333333,2.1166666667	48.3522222222,2.3280555556	48.3083333333,2.6252777778	48.2916666667,2.7833333333	48.2836111111,2.8427777778	48.2833333333,2.5297222222	48.2833333333,2.3	48.2833333333,1.8875	48.2969444444,1.8972222222	48.4513888889,1.8808333333
195	265	1504239300	1504241999	12	49.0,2.0	49.0,2.5333333333	48.5833333333,3.0166666667	48.3952777778,2.7927777778	48.5016666667,2.0538888889	48.5025,1.8752777778	48.5833333333,1.8666666667	48.6311111111,1.8283333333	48.6380555556,1.8211111111	48.7322222222,1.7425	48.7833333333,1.7	49.0,2.0
195	265	1504239300	1504241999	10	48.2833333333,1.8875	48.2833333333,2.3	48.2833333333,2.5297222222	48.2836111111,2.8427777778	48.2744444444,2.9108333333	48.2713888889,2.9316666667	48.1833333333,3.03	48.1833333333,2.9966666667	48.1833333333,1.8183333333	48.2833333333,1.8875
195	265	1504239300	1504241999	18	47.4966666667,3.5480555556	47.3138888889,3.065	47.1788888889,2.4341666667	46.8977777778,1.8475	46.8816666667,1.8141666667	47.1666666667,1.4666666667	47.5502777778,1.6333333333	47.6586111111,1.6555555556	47.7733333333,1.6777777778	47.8305555556,1.6908333333	47.7194444444,2.0558333333	47.7194444444,2.7041666667	47.7341666667,2.8327777778	47.7472222222,2.9461111111	47.7952777778,3.3627777778	47.5275,3.5286111111	47.5152777778,3.5363888889	47.4966666667,3.5480555556
195	265	1504239300	1504241999	13	48.5025,1.8752777778	48.5016666667,2.0538888889	48.3952777778,2.7927777778	48.2833333333,2.9186111111	48.2713888889,2.9316666667	48.2744444444,2.9108333333	48.2836111111,2.8427777778	48.2916666667,2.7833333333	48.3083333333,2.6252777778	48.3522222222,2.3280555556	48.3833333333,2.1166666667	48.4513888889,1.8808333333	48.5025,1.8752777778
235	265	1504239300	1504241999	7	47.9988888889,1.73	48.0,2.0316666667	47.9988888889,3.2352777778	47.9155555556,3.2883333333	47.9155555556,1.7072222222	47.9536111111,1.7152777778	47.9988888889,1.73
205	265	1504239300	1504241999	16	48.1833333333,1.8183333333	48.1833333333,2.9966666667	48.1833333333,3.03	48.1311111111,3.0880555556	48.0916666667,3.1322222222	48.0833333333,3.1413888889	48.0833333333,3.1047222222	48.0833333333,3.0480555556	48.0833333333,2.7777777778	48.0836111111,2.5166666667	48.0833333333,2.2597222222	48.0833333333,2.0097222222	48.0833333333,1.7586111111	48.1102777778,1.7663888889	48.1333333333,1.7822222222	48.1833333333,1.8183333333
255	265	1504239300	1504241999	6	47.9155555556,1.7072222222	47.9155555556,3.2883333333	47.8969444444,3.2997222222	47.8316666667,3.34	47.8305555556,1.6908333333	47.9155555556,1.7072222222
255	265	1504239300	1504241999	8	47.7952777778,3.3627777778	47.7472222222,2.9461111111	47.7341666667,2.8327777778	47.7194444444,2.7041666667	47.7194444444,2.0558333333	47.8305555556,1.6908333333	47.8316666667,3.34	47.7952777778,3.3627777778
220	265	1504239300	1504241999	14	48.0833333333,1.7586111111	48.0833333333,2.0097222222	48.0833333333,2.2597222222	48.0836111111,2.5166666667	48.0833333333,2.7777777778	48.0833333333,3.0480555556	48.0833333333,3.1047222222	48.0833333333,3.1413888889	47.9988888889,3.2352777778	48.0,2.0316666667	47.9988888889,1.73	48.0591666667,1.7508333333	48.0683333333,1.7536111111	48.0833333333,1.7586111111
