11
285	305	1504303200	1504310399	13	47.5175,0.5575	47.8,0.8	47.735,1.0169444444	47.5502777778,1.6333333333	47.1666666667,1.4666666667	47.0041666667,0.9866666667	47.0813888889,0.4525	47.0444444444,-0.25	47.1666666667,-0.25	47.4066666667,-0.5525	47.5202777778,-0.6963888889	47.5577777778,-0.6544444444	47.5175,0.5575
285	295	1504303200	1504310399	22	50.0,-0.25	50.0555555556,-0.1108333333	50.1,0.0	50.1333333333,0.1	50.2044444444,0.2647222222	50.2744444444,0.4436111111	50.3516666667,0.6413888889	50.4013888889,0.7697222222	50.0697222222,1.2083333333	49.9780555556,1.3288888889	49.9219444444,1.4033333333	49.8333333333,1.5175	49.7594444444,1.6127777778	49.6558333333,1.7455555556	49.605,1.8108333333	49.0944444444,1.0847222222	49.125,0.5202777778	49.1666666667,-0.25	49.4469444444,-0.25	49.5266666667,-0.25	49.8166666667,-0.25	50.0,-0.25
265	285	1504303200	1504310399	22	50.0,-0.25	50.0555555556,-0.1108333333	50.1,0.0	50.1333333333,0.1	50.2044444444,0.2647222222	50.2744444444,0.4436111111	50.3516666667,0.6413888889	50.4013888889,0.7697222222	50.0697222222,1.2083333333	49.9780555556,1.3288888889	49.9219444444,1.4033333333	49.8333333333,1.5175	49.7594444444,1.6127777778	49.6558333333,1.7455555556	49.605,1.8108333333	49.0944444444,1.0847222222	49.125,0.5202777778	49.1666666667,-0.25	49.4469444444,-0.25	49.5266666667,-0.25	49.8166666667,-0.25	50.0,-0.25
195	305	1504303200	1504310399	6	47.8,0.8	47.5175,0.5575	47.5577777778,-0.6544444444	47.7372222222,-0.4611111111	48.0169444444,0.0802777778	47.8,0.8
245	265	1504303200	1504310399	22	50.0,-0.25	50.0555555556,-0.1108333333	50.1,0.0	50.1333333333,0.1	50.2044444444,0.2647222222	50.2744444444,0.4436111111	49.9361111111,0.8333333333	49.8477777778,0.9352777778	49.7313888889,1.0683333333	49.8997222222,1.5105555556	49.8333333333,1.5880555556	49.7241666667,1.7155555556	49.685,1.7583333333	49.6183333333,1.8297222222	49.605,1.8108333333	49.0944444444,1.0847222222	49.125,0.5202777778	49.1666666667,-0.25	49.4469444444,-0.25	49.5266666667,-0.25	49.8166666667,-0.25	50.0,-0.25
245	265	1504303200	1504310399	49	49.2805555556,2.2055555556	49.1658333333,2.34	49.0755555556,2.4469444444	49.0,2.5333333333	49.0,2.0	48.7833333333,1.7	48.7322222222,1.7425	48.6380555556,1.8211111111	48.6311111111,1.8283333333	48.5833333333,1.8666666667	48.5025,1.8752777778	48.4513888889,1.8808333333	48.2969444444,1.8972222222	48.2833333333,1.8875	48.1833333333,1.8183333333	48.1333333333,1.7822222222	48.1102777778,1.7663888889	48.0833333333,1.7586111111	48.0683333333,1.7536111111	48.0591666667,1.7508333333	47.9988888889,1.73	47.9536111111,1.7152777778	47.9155555556,1.7072222222	47.8305555556,1.6908333333	47.7733333333,1.6777777778	47.6586111111,1.6555555556	47.5502777778,1.6333333333	47.735,1.0169444444	47.8,0.8	48.0166666667,0.7833333333	48.1386111111,0.4152777778	48.2011111111,0.2266666667	48.0480555556,-0.0711111111	47.9333333333,-0.25	48.1722222222,-0.2494444444	48.3616666667,-0.25	48.4622222222,-0.25	48.5333333333,-0.25	48.5505555556,-0.25	48.6591666667,-0.2486111111	48.7375,-0.25	48.8380555556,-0.25	48.9297222222,-0.25	48.95,-0.25	49.1666666667,-0.25	49.125,0.5202777778	49.0944444444,1.0847222222	49.605,1.8108333333	49.2805555556,2.2055555556
245	265	1504303200	1504310399	5	49.6183333333,1.8297222222	49.5,1.9611111111	49.2805555556,2.2055555556	49.605,1.8108333333	49.6183333333,1.8297222222
245	265	1504303200	1504310399	12	50.2744444444,0.4436111111	50.3516666667,0.6413888889	50.4013888889,0.7697222222	50.4213888889,0.8213888889	50.2747222222,1.0188888889	49.9975,1.3880555556	49.9488888889,1.4525	49.8997222222,1.5105555556	49.7313888889,1.0683333333	49.8477777778,0.9352777778	49.9361111111,0.8333333333	50.2744444444,0.4436111111
195	285	1504303200	1504310399	13	47.5175,0.5575	47.8,0.8	47.735,1.0169444444	47.5502777778,1.6333333333	47.1666666667,1.4666666667	47.0041666667,0.9866666667	47.0813888889,0.4525	47.0444444444,-0.25	47.1666666667,-0.25	47.4066666667,-0.5525	47.5202777778,-0.6963888889	47.5577777778,-0.6544444444	47.5175,0.5575
195	295	1504303200	1504310399	10	48.2011111111,0.2266666667	48.1386111111,0.4152777778	48.0166666667,0.7833333333	47.8,0.8	48.0169444444,0.0802777778	47.7372222222,-0.4611111111	47.7952777778,-0.3994444444	47.9333333333,-0.25	48.0480555556,-0.0711111111	48.2011111111,0.2266666667
265	295	1504303200	1504310399	41	48.5833333333,3.0166666667	48.3952777778,2.7927777778	48.1333333333,2.6102777778	48.1333333333,1.7822222222	48.1102777778,1.7663888889	48.0833333333,1.7586111111	48.0683333333,1.7536111111	48.0591666667,1.7508333333	47.9988888889,1.73	47.9536111111,1.7152777778	47.9155555556,1.7072222222	47.8305555556,1.6908333333	47.7733333333,1.6777777778	47.6586111111,1.6555555556	47.5502777778,1.6333333333	47.735,1.0169444444	47.8,0.8	48.0166666667,0.7833333333	48.1386111111,0.4152777778	48.2011111111,0.2266666667	48.0480555556,-0.0711111111	47.9333333333,-0.25	48.1722222222,-0.2494444444	48.3616666667,-0.25	48.4622222222,-0.25	48.5333333333,-0.25	48.5505555556,-0.25	48.6591666667,-0.2486111111	48.7375,-0.25	48.8380555556,-0.25	48.9297222222,-0.25	48.95,-0.25	49.1666666667,-0.25	49.125,0.5202777778	49.0944444444,1.0847222222	49.605,1.8108333333	49.2805555556,2.2055555556	49.1658333333,2.34	49.0755555556,2.4469444444	49.0,2.5333333333	48.5833333333,3.0166666667
