10
115	265	1504299600	1504301399	16	48.9886111111,3.9261111111	48.9761111111,4.1936111111	48.9,4.5166666667	48.8291666667,4.575	48.5833333333,4.5144444444	48.5730555556,4.5283333333	48.3616666667,4.8066666667	48.1277777778,5.1227777778	48.0166666667,5.0	47.9741666667,4.9527777778	48.1916666667,4.5863888889	48.2702777778,4.4583333333	48.4677777778,4.0908333333	48.5455555556,3.9261111111	48.5769444444,3.9352777778	48.9886111111,3.9261111111
115	265	1504299600	1504301399	14	48.9761111111,4.1936111111	48.9738888889,4.2319444444	48.95,4.8	48.5041666667,5.3986111111	48.25,5.7333333333	48.2166666667,5.5	48.1666666667,5.1666666667	48.1277777778,5.1227777778	48.3616666667,4.8066666667	48.5730555556,4.5283333333	48.5833333333,4.5144444444	48.8291666667,4.575	48.9,4.5166666667	48.9761111111,4.1936111111
115	265	1504299600	1504301399	5	49.0333333333,3.95	48.9761111111,4.1936111111	48.9886111111,3.9261111111	49.0333333333,3.925	49.0333333333,3.95
115	265	1504299600	1504301399	6	49.4536111111,5.7944444444	49.4555555556,6.0	49.3625,5.8069444444	49.2666666667,5.5541666667	49.3072222222,5.1302777778	49.4536111111,5.7944444444
75	265	1504299600	1504301399	15	49.1058333333,3.6616666667	49.1372222222,3.7077777778	49.1586111111,3.7388888889	49.1988888889,3.7394444444	49.2225,3.72	49.2666666667,4.05	49.3191666667,4.2925	48.95,4.8	48.9738888889,4.2319444444	48.9761111111,4.1936111111	49.0333333333,3.95	49.0333333333,3.925	48.9886111111,3.9261111111	49.0005555556,3.6602777778	49.1058333333,3.6616666667
75	265	1504299600	1504301399	9	49.5494444444,5.8161111111	49.5430555556,5.8241666667	49.5430555556,5.8333333333	49.53,5.8458333333	49.4555555556,6.0	49.4536111111,5.7944444444	49.5416666667,5.75	49.5422222222,5.7555555556	49.5494444444,5.8161111111
195	265	1504299600	1504301399	10	49.1269444444,3.0127777778	49.0211111111,3.1927777778	49.0083333333,3.4838888889	48.7336111111,3.5063888889	48.6666666667,3.1166666667	48.5833333333,3.0166666667	49.0,2.5333333333	49.0755555556,2.4469444444	49.1111111111,2.8358333333	49.1269444444,3.0127777778
195	265	1504299600	1504301399	9	49.0083333333,3.4838888889	49.0005555556,3.6602777778	48.9886111111,3.9261111111	48.5769444444,3.9352777778	48.5455555556,3.9261111111	48.6013888889,3.8080555556	48.7019444444,3.6452777778	48.7336111111,3.5063888889	49.0083333333,3.4838888889
195	265	1504299600	1504301399	13	49.1372222222,3.7077777778	49.1058333333,3.6616666667	49.0005555556,3.6602777778	49.0083333333,3.4838888889	49.0211111111,3.1927777778	49.1269444444,3.0127777778	49.1333333333,3.0833333333	49.1666666667,3.3	49.1827777778,3.4213888889	49.2225,3.72	49.1988888889,3.7394444444	49.1586111111,3.7388888889	49.1372222222,3.7077777778
0	265	1504299600	1504301399	11	49.5469444444,5.4527777778	49.5188888889,5.4375	49.5275,5.5752777778	49.5416666667,5.75	49.4536111111,5.7944444444	49.3072222222,5.1302777778	49.2666666667,5.5541666667	48.95,4.8	49.3191666667,4.2925	49.5677777778,5.4422222222	49.5469444444,5.4527777778
