13
115	265	1504299600	1504301399	11	51.1166666667,2.0	51.0666666667,2.0	51.0,2.1833333333	51.0,1.9102777778	51.0,1.8666666667	51.0,1.4666666667	51.02,1.555	51.0327777778,1.6155555556	51.0447222222,1.6697222222	51.0586111111,1.7322222222	51.1166666667,2.0
115	265	1504299600	1504301399	28	51.0,1.4666666667	50.96,1.5419444444	50.7166666667,2.0	50.6608333333,2.03	50.0758333333,2.3430555556	50.0,2.3833333333	49.8341666667,2.4666666667	49.8338888889,2.1555555556	49.8333333333,1.5880555556	49.8997222222,1.5105555556	49.9488888889,1.4525	49.985,1.5177777778	50.0583333333,1.6519444444	50.0708333333,1.6741666667	50.1163888889,1.7575	50.1713888889,1.8586111111	50.2294444444,1.9516666667	50.6019444444,1.5388888889	50.6286111111,1.5863888889	50.6569444444,1.6363888889	50.7122222222,1.7347222222	50.9044444444,1.4666666667	50.9055555556,1.4666666667	50.9161111111,1.4666666667	50.9211111111,1.4666666667	50.9577777778,1.4666666667	50.9666666667,1.4666666667	51.0,1.4666666667
115	265	1504299600	1504301399	4	50.6019444444,1.5388888889	50.2294444444,1.9516666667	50.1713888889,1.8586111111	50.6019444444,1.5388888889
115	265	1504299600	1504301399	37	51.0155555556,2.5727777778	51.0138888889,2.5916666667	50.8188888889,2.6472222222	50.8083333333,2.65	50.7,2.9	50.6916666667,2.9083333333	50.7833333333,3.15	50.6780555556,3.2227777778	50.6097222222,3.27	50.5947222222,3.2841666667	50.515,3.3616666667	50.495,3.3766666667	50.5194444444,3.4847222222	50.5266666667,3.5116666667	50.4972222222,3.5541666667	50.4838888889,3.6005555556	50.4733333333,3.6333333333	50.4519444444,3.6455555556	50.4166666667,3.6666666667	50.35,3.6666666667	50.3422222222,3.675	50.3397222222,3.7875	50.0,3.5597222222	49.9283333333,3.5116666667	49.8188888889,3.4391666667	49.8341666667,2.4666666667	50.0,2.3833333333	50.0758333333,2.3430555556	50.6608333333,2.03	50.7166666667,2.0	50.96,1.5419444444	51.0,1.4666666667	51.0,1.8666666667	51.0,1.9102777778	51.0,2.1833333333	51.0308333333,2.3291666667	51.0155555556,2.5727777778
245	265	1504299600	1504301399	6	51.1013888889,2.245	51.0308333333,2.3291666667	51.0,2.1833333333	51.0666666667,2.0	51.1166666667,2.0	51.1013888889,2.245
245	265	1504299600	1504301399	6	51.1013888889,2.245	51.0833333333,2.55	51.0138888889,2.5916666667	51.0155555556,2.5727777778	51.0308333333,2.3291666667	51.1013888889,2.245
195	265	1504299600	1504301399	12	49.4127777778,2.6772222222	49.3666666667,2.7	49.15,2.8166666667	49.1111111111,2.8358333333	49.0755555556,2.4469444444	49.1658333333,2.34	49.2805555556,2.2055555556	49.5,1.9611111111	49.4333333333,2.5	49.4855555556,2.6408333333	49.4222222222,2.6725	49.4127777778,2.6772222222
195	265	1504299600	1504301399	19	49.4855555556,2.6408333333	49.5105555556,2.7088888889	49.6352777778,2.7438888889	49.6691666667,2.7777777778	49.7833333333,2.8944444444	49.7833333333,3.1916666667	49.7833333333,3.4158333333	49.6908333333,3.3547222222	49.5111111111,3.2361111111	49.4569444444,3.2002777778	49.1666666667,3.3	49.1333333333,3.0833333333	49.1269444444,3.0127777778	49.1111111111,2.8358333333	49.15,2.8166666667	49.3666666667,2.7	49.4127777778,2.6772222222	49.4222222222,2.6725	49.4855555556,2.6408333333
65	265	1504299600	1504301399	9	49.8341666667,2.4666666667	49.8188888889,3.4391666667	49.7833333333,3.4158333333	49.7833333333,3.1916666667	49.7833333333,2.8944444444	49.6691666667,2.7777777778	49.7166666667,2.6686111111	49.7166666667,2.5255555556	49.8341666667,2.4666666667
65	265	1504299600	1504301399	6	49.8338888889,2.1555555556	49.7166666667,2.065	49.7166666667,1.7786111111	49.7241666667,1.7155555556	49.8333333333,1.5880555556	49.8338888889,2.1555555556
65	265	1504299600	1504301399	10	49.7166666667,1.7786111111	49.7166666667,2.065	49.7166666667,2.5255555556	49.4855555556,2.6408333333	49.4333333333,2.5	49.5,1.9611111111	49.6183333333,1.8297222222	49.685,1.7583333333	49.7241666667,1.7155555556	49.7166666667,1.7786111111
65	265	1504299600	1504301399	5	49.8341666667,2.4666666667	49.7166666667,2.5255555556	49.7166666667,2.065	49.8338888889,2.1555555556	49.8341666667,2.4666666667
65	265	1504299600	1504301399	7	49.7166666667,2.6686111111	49.6691666667,2.7777777778	49.6352777778,2.7438888889	49.5105555556,2.7088888889	49.4855555556,2.6408333333	49.7166666667,2.5255555556	49.7166666667,2.6686111111
