12
245	305	1504299600	1504301399	11	46.0244444444,5.7969444444	45.95,5.9166666667	45.9302777778,5.9452777778	45.9213888889,5.9105555556	45.91,5.8608333333	45.9008333333,5.8069444444	45.9016666667,5.7458333333	45.9127777778,5.6952777778	45.9247222222,5.6586111111	45.9275,5.6508333333	46.0244444444,5.7969444444
245	305	1504299600	1504301399	28	45.2686111111,4.7261111111	45.4983333333,4.9825	45.9275,5.6508333333	45.9247222222,5.6586111111	45.9127777778,5.6952777778	45.9016666667,5.7458333333	45.9008333333,5.8069444444	45.91,5.8608333333	45.9213888889,5.9105555556	45.9302777778,5.9452777778	45.9275,5.9516666667	45.9,6.0713888889	45.8933333333,6.0902777778	45.8777777778,6.1333333333	45.5833333333,6.3333333333	45.5,6.3833333333	45.3897222222,6.4416666667	45.3558333333,6.4608333333	45.115,6.5938888889	44.9902777778,6.6625	44.5022222222,6.3669444444	44.3652777778,6.285	44.5383333333,6.14	44.9727777778,5.7727777778	44.9877777778,5.4955555556	45.1963888889,5.3108333333	45.2072222222,4.8588888889	45.2686111111,4.7261111111
245	305	1504299600	1504301399	21	46.5241666667,3.3697222222	46.5666666667,3.5	46.2833333333,3.6833333333	46.2833333333,4.05	46.2833333333,4.5	46.275,4.6	46.2333333333,5.1333333333	46.2,5.3333333333	46.1472222222,5.5530555556	46.1416666667,5.6	46.1166666667,5.7	46.0244444444,5.7969444444	45.9275,5.6508333333	45.4983333333,4.9825	45.2686111111,4.7261111111	45.2916666667,4.6666666667	45.3583333333,4.4916666667	45.6894444444,4.2294444444	45.7777777778,3.6688888889	45.8991666667,3.6208333333	46.5241666667,3.3697222222
305	355	1504299600	1504301399	11	46.0244444444,5.7969444444	45.95,5.9166666667	45.9302777778,5.9452777778	45.9213888889,5.9105555556	45.91,5.8608333333	45.9008333333,5.8069444444	45.9016666667,5.7458333333	45.9127777778,5.6952777778	45.9247222222,5.6586111111	45.9275,5.6508333333	46.0244444444,5.7969444444
305	355	1504299600	1504301399	28	45.2686111111,4.7261111111	45.4983333333,4.9825	45.9275,5.6508333333	45.9247222222,5.6586111111	45.9127777778,5.6952777778	45.9016666667,5.7458333333	45.9008333333,5.8069444444	45.91,5.8608333333	45.9213888889,5.9105555556	45.9302777778,5.9452777778	45.9275,5.9516666667	45.9,6.0713888889	45.8933333333,6.0902777778	45.8777777778,6.1333333333	45.5833333333,6.3333333333	45.5,6.3833333333	45.3897222222,6.4416666667	45.3558333333,6.4608333333	45.115,6.5938888889	44.9902777778,6.6625	44.5022222222,6.3669444444	44.3652777778,6.285	44.5383333333,6.14	44.9727777778,5.7727777778	44.9877777778,5.4955555556	45.1963888889,5.3108333333	45.2072222222,4.8588888889	45.2686111111,4.7261111111
305	355	1504299600	1504301399	21	46.5241666667,3.3697222222	46.5666666667,3.5	46.2833333333,3.6833333333	46.2833333333,4.05	46.2833333333,4.5	46.275,4.6	46.2333333333,5.1333333333	46.2,5.3333333333	46.1472222222,5.5530555556	46.1416666667,5.6	46.1166666667,5.7	46.0244444444,5.7969444444	45.9275,5.6508333333	45.4983333333,4.9825	45.2686111111,4.7261111111	45.2916666667,4.6666666667	45.3583333333,4.4916666667	45.6894444444,4.2294444444	45.7777777778,3.6688888889	45.8991666667,3.6208333333	46.5241666667,3.3697222222
375	999	1504299600	1504301399	11	46.0244444444,5.7969444444	45.95,5.9166666667	45.9302777778,5.9452777778	45.9213888889,5.9105555556	45.91,5.8608333333	45.9008333333,5.8069444444	45.9016666667,5.7458333333	45.9127777778,5.6952777778	45.9247222222,5.6586111111	45.9275,5.6508333333	46.0244444444,5.7969444444
375	999	1504299600	1504301399	28	45.2686111111,4.7261111111	45.4983333333,4.9825	45.9275,5.6508333333	45.9247222222,5.6586111111	45.9127777778,5.6952777778	45.9016666667,5.7458333333	45.9008333333,5.8069444444	45.91,5.8608333333	45.9213888889,5.9105555556	45.9302777778,5.9452777778	45.9275,5.9516666667	45.9,6.0713888889	45.8933333333,6.0902777778	45.8777777778,6.1333333333	45.5833333333,6.3333333333	45.5,6.3833333333	45.3897222222,6.4416666667	45.3558333333,6.4608333333	45.115,6.5938888889	44.9902777778,6.6625	44.5022222222,6.3669444444	44.3652777778,6.285	44.5383333333,6.14	44.9727777778,5.7727777778	44.9877777778,5.4955555556	45.1963888889,5.3108333333	45.2072222222,4.8588888889	45.2686111111,4.7261111111
375	999	1504299600	1504301399	21	46.5241666667,3.3697222222	46.5666666667,3.5	46.2833333333,3.6833333333	46.2833333333,4.05	46.2833333333,4.5	46.275,4.6	46.2333333333,5.1333333333	46.2,5.3333333333	46.1472222222,5.5530555556	46.1416666667,5.6	46.1166666667,5.7	46.0244444444,5.7969444444	45.9275,5.6508333333	45.4983333333,4.9825	45.2686111111,4.7261111111	45.2916666667,4.6666666667	45.3583333333,4.4916666667	45.6894444444,4.2294444444	45.7777777778,3.6688888889	45.8991666667,3.6208333333	46.5241666667,3.3697222222
355	375	1504299600	1504301399	11	46.0244444444,5.7969444444	45.95,5.9166666667	45.9302777778,5.9452777778	45.9213888889,5.9105555556	45.91,5.8608333333	45.9008333333,5.8069444444	45.9016666667,5.7458333333	45.9127777778,5.6952777778	45.9247222222,5.6586111111	45.9275,5.6508333333	46.0244444444,5.7969444444
355	375	1504299600	1504301399	28	45.2686111111,4.7261111111	45.4983333333,4.9825	45.9275,5.6508333333	45.9247222222,5.6586111111	45.9127777778,5.6952777778	45.9016666667,5.7458333333	45.9008333333,5.8069444444	45.91,5.8608333333	45.9213888889,5.9105555556	45.9302777778,5.9452777778	45.9275,5.9516666667	45.9,6.0713888889	45.8933333333,6.0902777778	45.8777777778,6.1333333333	45.5833333333,6.3333333333	45.5,6.3833333333	45.3897222222,6.4416666667	45.3558333333,6.4608333333	45.115,6.5938888889	44.9902777778,6.6625	44.5022222222,6.3669444444	44.3652777778,6.285	44.5383333333,6.14	44.9727777778,5.7727777778	44.9877777778,5.4955555556	45.1963888889,5.3108333333	45.2072222222,4.8588888889	45.2686111111,4.7261111111
355	375	1504299600	1504301399	21	46.5241666667,3.3697222222	46.5666666667,3.5	46.2833333333,3.6833333333	46.2833333333,4.05	46.2833333333,4.5	46.275,4.6	46.2333333333,5.1333333333	46.2,5.3333333333	46.1472222222,5.5530555556	46.1416666667,5.6	46.1166666667,5.7	46.0244444444,5.7969444444	45.9275,5.6508333333	45.4983333333,4.9825	45.2686111111,4.7261111111	45.2916666667,4.6666666667	45.3583333333,4.4916666667	45.6894444444,4.2294444444	45.7777777778,3.6688888889	45.8991666667,3.6208333333	46.5241666667,3.3697222222
