16
355	375	1504303200	1504310399	18	43.95,5.175	43.7902777778,5.4280555556	43.475,5.925	43.4,5.9166666667	43.1716666667,5.635	42.0986111111,4.3333333333	42.1722222222,4.1155555556	42.1972222222,4.0375	42.2091666667,4.0002777778	42.2169444444,3.9222222222	42.2602777778,3.8286111111	42.3333333333,3.5	42.3747222222,3.3755555556	42.4311111111,3.2008333333	43.6030555556,3.8919444444	43.8041666667,4.0222222222	43.95,4.1166666667	43.95,5.175
355	375	1504303200	1504310399	17	43.4,5.9166666667	43.425,6.1916666667	43.0336111111,6.1861111111	42.9394444444,6.2786111111	43.0041666667,6.6391666667	42.9175,6.7244444444	42.4916666667,6.4833333333	42.2833333333,6.3666666667	41.9916666667,6.1833333333	41.4166666667,4.6666666667	41.7333333333,4.6666666667	42.0,4.6666666667	42.0688888889,4.4347222222	42.0797222222,4.415	42.0986111111,4.3333333333	43.1716666667,5.635	43.4,5.9166666667
305	355	1504303200	1504310399	18	43.95,5.175	43.7902777778,5.4280555556	43.475,5.925	43.4,5.9166666667	43.1716666667,5.635	42.0986111111,4.3333333333	42.1722222222,4.1155555556	42.1972222222,4.0375	42.2091666667,4.0002777778	42.2169444444,3.9222222222	42.2602777778,3.8286111111	42.3333333333,3.5	42.3747222222,3.3755555556	42.4311111111,3.2008333333	43.6030555556,3.8919444444	43.8041666667,4.0222222222	43.95,4.1166666667	43.95,5.175
305	355	1504303200	1504310399	17	43.4,5.9166666667	43.425,6.1916666667	43.0336111111,6.1861111111	42.9394444444,6.2786111111	43.0041666667,6.6391666667	42.9175,6.7244444444	42.4916666667,6.4833333333	42.2833333333,6.3666666667	41.9916666667,6.1833333333	41.4166666667,4.6666666667	41.7333333333,4.6666666667	42.0,4.6666666667	42.0688888889,4.4347222222	42.0797222222,4.415	42.0986111111,4.3333333333	43.1716666667,5.635	43.4,5.9166666667
145	355	1504303200	1504310399	6	41.8747222222,7.9277777778	41.8375,8.07	41.5980555556,8.3333333333	41.3333333333,8.3333333333	41.2527777778,7.9833333333	41.8747222222,7.9277777778
145	355	1504303200	1504310399	6	41.3333333333,8.3333333333	41.2833333333,8.2833333333	41.1619444444,8.1613888889	41.0,8.0	41.2527777778,7.9833333333	41.3333333333,8.3333333333
355	999	1504303200	1504310399	28	40.745,8.0	40.6080555556,8.0	40.4247222222,8.0	40.35,8.0	40.0,8.0	39.6986111111,8.0	39.2094444444,8.0	39.15,8.0	39.0,8.0	39.0,7.9619444444	39.0,7.6333333333	39.0,7.5666666667	39.0,7.3311111111	39.0,7.0333333333	39.0,6.7166666667	39.0,6.25	39.0,6.0883333333	39.0,5.3747222222	39.0,5.0	39.0,4.685	39.5855555556,4.6666666667	39.7166666667,4.6666666667	39.9566666667,4.6666666667	40.0311111111,4.6666666667	40.3988888889,5.5027777778	40.5088888889,6.3269444444	40.7061111111,6.495	40.745,8.0
355	999	1504303200	1504310399	6	41.8747222222,7.9277777778	41.8375,8.07	41.5980555556,8.3333333333	41.3333333333,8.3333333333	41.2527777778,7.9833333333	41.8747222222,7.9277777778
355	999	1504303200	1504310399	22	42.2833333333,6.3666666667	41.8747222222,7.9277777778	41.2527777778,7.9833333333	41.0,8.0	40.9166666667,8.0	40.8622222222,8.0	40.745,8.0	40.7061111111,6.495	40.5088888889,6.3269444444	40.3988888889,5.5027777778	40.0311111111,4.6666666667	40.0647222222,4.6666666667	40.1802777778,4.6666666667	40.2822222222,4.6666666667	40.3911111111,4.6666666667	40.5,4.6666666667	40.5522222222,4.6666666667	40.8569444444,4.6666666667	41.0575,4.6666666667	41.4166666667,4.6666666667	41.9916666667,6.1833333333	42.2833333333,6.3666666667
355	999	1504303200	1504310399	6	41.3333333333,8.3333333333	41.2833333333,8.2833333333	41.1619444444,8.1613888889	41.0,8.0	41.2527777778,7.9833333333	41.3333333333,8.3333333333
245	305	1504303200	1504310399	18	43.95,5.175	43.7902777778,5.4280555556	43.475,5.925	43.4,5.9166666667	43.1716666667,5.635	42.0986111111,4.3333333333	42.1722222222,4.1155555556	42.1972222222,4.0375	42.2091666667,4.0002777778	42.2169444444,3.9222222222	42.2602777778,3.8286111111	42.3333333333,3.5	42.3747222222,3.3755555556	42.4311111111,3.2008333333	43.6030555556,3.8919444444	43.8041666667,4.0222222222	43.95,4.1166666667	43.95,5.175
245	305	1504303200	1504310399	17	43.4,5.9166666667	43.425,6.1916666667	43.0336111111,6.1861111111	42.9394444444,6.2786111111	43.0041666667,6.6391666667	42.9175,6.7244444444	42.4916666667,6.4833333333	42.2833333333,6.3666666667	41.9916666667,6.1833333333	41.4166666667,4.6666666667	41.7333333333,4.6666666667	42.0,4.6666666667	42.0688888889,4.4347222222	42.0797222222,4.415	42.0986111111,4.3333333333	43.1716666667,5.635	43.4,5.9166666667
0	355	1504303200	1504310399	28	40.745,8.0	40.6080555556,8.0	40.4247222222,8.0	40.35,8.0	40.0,8.0	39.6986111111,8.0	39.2094444444,8.0	39.15,8.0	39.0,8.0	39.0,7.9619444444	39.0,7.6333333333	39.0,7.5666666667	39.0,7.3311111111	39.0,7.0333333333	39.0,6.7166666667	39.0,6.25	39.0,6.0883333333	39.0,5.3747222222	39.0,5.0	39.0,4.685	39.5855555556,4.6666666667	39.7166666667,4.6666666667	39.9566666667,4.6666666667	40.0311111111,4.6666666667	40.3988888889,5.5027777778	40.5088888889,6.3269444444	40.7061111111,6.495	40.745,8.0
0	355	1504303200	1504310399	22	42.2833333333,6.3666666667	41.8747222222,7.9277777778	41.2527777778,7.9833333333	41.0,8.0	40.9166666667,8.0	40.8622222222,8.0	40.745,8.0	40.7061111111,6.495	40.5088888889,6.3269444444	40.3988888889,5.5027777778	40.0311111111,4.6666666667	40.0647222222,4.6666666667	40.1802777778,4.6666666667	40.2822222222,4.6666666667	40.3911111111,4.6666666667	40.5,4.6666666667	40.5522222222,4.6666666667	40.8569444444,4.6666666667	41.0575,4.6666666667	41.4166666667,4.6666666667	41.9916666667,6.1833333333	42.2833333333,6.3666666667
375	999	1504303200	1504310399	18	43.95,5.175	43.7902777778,5.4280555556	43.475,5.925	43.4,5.9166666667	43.1716666667,5.635	42.0986111111,4.3333333333	42.1722222222,4.1155555556	42.1972222222,4.0375	42.2091666667,4.0002777778	42.2169444444,3.9222222222	42.2602777778,3.8286111111	42.3333333333,3.5	42.3747222222,3.3755555556	42.4311111111,3.2008333333	43.6030555556,3.8919444444	43.8041666667,4.0222222222	43.95,4.1166666667	43.95,5.175
375	999	1504303200	1504310399	17	43.4,5.9166666667	43.425,6.1916666667	43.0336111111,6.1861111111	42.9394444444,6.2786111111	43.0041666667,6.6391666667	42.9175,6.7244444444	42.4916666667,6.4833333333	42.2833333333,6.3666666667	41.9916666667,6.1833333333	41.4166666667,4.6666666667	41.7333333333,4.6666666667	42.0,4.6666666667	42.0688888889,4.4347222222	42.0797222222,4.415	42.0986111111,4.3333333333	43.1716666667,5.635	43.4,5.9166666667
