28
115	255	1504274400	1504277999	11	48.4719444444,-0.9333333333	48.1588888889,-0.9308333333	48.105,-1.6077777778	48.0666666667,-2.0861111111	48.0552777778,-2.2055555556	48.2452777778,-2.2069444444	48.2583333333,-2.1163888889	48.2827777778,-1.95	48.3405555556,-1.7369444444	48.4805555556,-1.2333333333	48.4719444444,-0.9333333333
115	255	1504274400	1504277999	10	48.1588888889,-0.9308333333	47.8522222222,-0.9333333333	47.6608333333,-1.2397222222	47.6,-2.0333333333	47.7288888889,-2.2069444444	47.7427777778,-2.2069444444	48.0552777778,-2.2055555556	48.0666666667,-2.0861111111	48.105,-1.6077777778	48.1588888889,-0.9308333333
115	255	1504274400	1504277999	12	47.9275,-2.4791666667	47.7288888889,-2.2069444444	47.6,-2.0333333333	47.4166666667,-2.3333333333	47.2758333333,-2.2675	47.2627777778,-2.1936111111	47.2844444444,-2.0677777778	47.1816666667,-2.0247222222	47.2447222222,-3.2366666667	47.3202777778,-3.2525	47.5,-3.2525	47.9275,-2.4791666667
115	255	1504274400	1504277999	7	48.2452777778,-2.2069444444	48.0552777778,-2.2055555556	48.0475,-2.2588888889	47.9275,-2.4791666667	47.9513888889,-2.5122222222	48.3386111111,-3.05	48.2452777778,-2.2069444444
115	255	1504274400	1504277999	5	47.9513888889,-2.5122222222	47.9275,-2.4791666667	47.5,-3.2525	47.5,-3.4261111111	47.9513888889,-2.5122222222
115	255	1504274400	1504277999	6	48.0552777778,-2.2055555556	47.7427777778,-2.2069444444	47.7288888889,-2.2069444444	47.9275,-2.4791666667	48.0475,-2.2588888889	48.0552777778,-2.2055555556
115	255	1504274400	1504277999	11	47.6608333333,-1.2397222222	47.4869444444,-0.9538888889	47.3202777778,-0.9225	47.1608333333,-1.6130555556	47.1816666667,-2.0247222222	47.2844444444,-2.0677777778	47.2627777778,-2.1936111111	47.2758333333,-2.2675	47.4166666667,-2.3333333333	47.6,-2.0333333333	47.6608333333,-1.2397222222
115	255	1504274400	1504277999	10	48.4622222222,-0.25	48.3616666667,-0.25	48.1722222222,-0.2494444444	47.9333333333,-0.25	47.7952777778,-0.3994444444	47.8725,-0.9005555556	47.8522222222,-0.9333333333	48.1588888889,-0.9308333333	48.1805555556,-0.7491666667	48.4622222222,-0.25
115	255	1504274400	1504277999	8	48.6591666667,-0.2486111111	48.5505555556,-0.25	48.5333333333,-0.25	48.4622222222,-0.25	48.1805555556,-0.7491666667	48.1588888889,-0.9308333333	48.4719444444,-0.9333333333	48.6591666667,-0.2486111111
115	255	1504274400	1504277999	20	49.0333333333,-3.05	49.0333333333,-3.0	49.0333333333,-2.6880555556	49.0333333333,-2.2941666667	49.0333333333,-2.0569444444	49.0338888889,-1.8252777778	49.0333333333,-1.6666666667	48.6591666667,-1.2486111111	48.4719444444,-0.9333333333	48.4805555556,-1.2333333333	48.3405555556,-1.7369444444	48.2827777778,-1.95	48.2583333333,-2.1163888889	48.2452777778,-2.2069444444	48.3386111111,-3.05	48.45,-3.05	48.6,-3.05	48.7791666667,-3.05	49.0222222222,-3.05	49.0333333333,-3.05
115	255	1504274400	1504277999	11	47.4066666667,-0.5525	47.3202777778,-0.9225	47.4869444444,-0.9538888889	47.6608333333,-1.2397222222	47.8522222222,-0.9333333333	47.8725,-0.9005555556	47.7952777778,-0.3994444444	47.7372222222,-0.4611111111	47.5577777778,-0.6544444444	47.5202777778,-0.6963888889	47.4066666667,-0.5525
145	255	1504274400	1504277999	12	47.3202777778,-0.9225	46.6666666667,-0.805	46.5,-0.8908333333	46.5,-1.1333333333	46.5,-1.3508333333	46.5,-1.4311111111	46.5,-1.5833333333	46.5,-1.6333333333	46.89,-1.8980555556	47.1816666667,-2.0247222222	47.1608333333,-1.6130555556	47.3202777778,-0.9225
145	255	1504274400	1504277999	9	47.1816666667,-2.0247222222	46.89,-1.8980555556	46.5,-1.6333333333	45.9813888889,-1.6666666667	46.1833333333,-2.55	46.2119444444,-2.6666666667	46.7969444444,-3.1425	47.2447222222,-3.2366666667	47.1816666667,-2.0247222222
145	255	1504274400	1504277999	10	47.1666666667,-0.25	47.0444444444,-0.25	46.6258333333,-0.25	46.5,-0.25	46.305,-0.7222222222	46.5,-0.8908333333	46.6666666667,-0.805	47.3202777778,-0.9225	47.4066666667,-0.5525	47.1666666667,-0.25
195	255	1504274400	1504277999	16	48.3386111111,-3.05	47.9513888889,-2.5122222222	47.5,-3.4261111111	47.5,-3.5	47.5,-3.5227777778	47.5166666667,-3.6027777778	47.5383333333,-3.6625	47.5661111111,-3.7113888889	47.6055555556,-3.7608333333	47.6444444444,-3.7961111111	47.6933333333,-3.82	47.6927777778,-3.7197222222	47.8647222222,-3.6936111111	48.1761111111,-3.4091666667	48.2441666667,-3.2591666667	48.3386111111,-3.05
195	255	1504274400	1504277999	21	48.6611111111,-4.8094444444	48.6083333333,-4.8094444444	48.3288888889,-4.8094444444	48.3288888889,-4.7158333333	48.3333333333,-4.6644444444	48.3541666667,-4.5722222222	48.4,-4.5111111111	48.4,-4.4666666667	48.3836111111,-4.36	48.3930555556,-4.1752777778	48.3097222222,-4.1325	48.2783333333,-4.0102777778	48.175,-3.6166666667	48.1761111111,-3.4091666667	47.8647222222,-3.6936111111	47.6927777778,-3.7197222222	47.6933333333,-3.82	47.6947222222,-4.1769444444	48.2497222222,-5.2841666667	48.5805555556,-5.1869444444	48.6611111111,-4.8094444444
195	255	1504274400	1504277999	17	49.7333333333,-2.0	49.665,-2.0	49.5,-2.0	49.3852777778,-1.9175	49.3233333333,-1.9233333333	49.2147222222,-1.7955555556	49.0669444444,-1.6905555556	49.0333333333,-1.6666666667	49.0338888889,-1.8252777778	49.0333333333,-2.0569444444	49.0333333333,-2.2941666667	49.0333333333,-2.6880555556	49.0333333333,-3.0	49.4513888889,-2.9994444444	49.5833333333,-3.0	49.6586111111,-2.5013888889	49.7333333333,-2.0
195	255	1504274400	1504277999	17	48.6611111111,-4.8094444444	49.0222222222,-3.05	48.7791666667,-3.05	48.6,-3.05	48.4472222222,-3.55	48.2783333333,-4.0102777778	48.3097222222,-4.1325	48.3930555556,-4.1752777778	48.3836111111,-4.36	48.4,-4.4666666667	48.4,-4.5111111111	48.3541666667,-4.5722222222	48.3333333333,-4.6644444444	48.3288888889,-4.7158333333	48.3288888889,-4.8094444444	48.6083333333,-4.8094444444	48.6611111111,-4.8094444444
195	255	1504274400	1504277999	9	48.3386111111,-3.05	48.2441666667,-3.2591666667	48.1761111111,-3.4091666667	48.175,-3.6166666667	48.2783333333,-4.0102777778	48.4472222222,-3.55	48.6,-3.05	48.45,-3.05	48.3386111111,-3.05
85	255	1504274400	1504277999	12	49.85,-1.5333333333	49.805,-0.75	49.8166666667,-0.25	49.5266666667,-0.25	49.4469444444,-0.25	49.1666666667,-0.25	48.95,-0.25	49.1,-0.75	49.5666666667,-1.75	49.605,-1.75	49.6833333333,-1.75	49.85,-1.5333333333
0	255	1504274400	1504277999	5	46.2119444444,-2.6666666667	46.3027777778,-3.0397222222	46.4566666667,-3.0713888889	46.7969444444,-3.1425	46.2119444444,-2.6666666667
0	255	1504274400	1504277999	15	49.7852777778,-3.2594444444	49.4513888889,-2.9994444444	49.0333333333,-3.0	49.0333333333,-3.05	49.0222222222,-3.05	48.6611111111,-4.8094444444	48.5805555556,-5.1869444444	49.4780555556,-4.9163888889	49.5675,-4.45	49.5902777778,-4.3302777778	49.6216666667,-4.1613888889	49.6513888889,-4.0013888889	49.6847222222,-3.82	49.7372222222,-3.5294444444	49.7852777778,-3.2594444444
0	255	1504274400	1504277999	38	50.0,-0.25	49.8166666667,-0.25	49.805,-0.75	49.85,-1.5333333333	49.6833333333,-1.75	49.605,-1.75	49.5666666667,-1.75	49.1,-0.75	48.95,-0.25	48.9297222222,-0.25	48.8380555556,-0.25	48.7375,-0.25	48.6591666667,-0.2486111111	48.4719444444,-0.9333333333	48.6591666667,-1.2486111111	49.0333333333,-1.6666666667	49.0669444444,-1.6905555556	49.2147222222,-1.7955555556	49.3233333333,-1.9233333333	49.3852777778,-1.9175	49.5,-2.0	49.665,-2.0	49.7333333333,-2.0	50.0,-1.7833333333	50.0,-1.7169444444	50.0,-1.6913888889	50.0,-1.5102777778	50.0,-1.5	50.0,-1.3805555556	50.0,-1.2527777778	50.0,-1.1905555556	50.0,-1.0538888889	50.0,-1.0	50.0,-0.8333333333	50.0,-0.5333333333	50.0,-0.5319444444	50.0,-0.3683333333	50.0,-0.25
0	255	1504274400	1504277999	12	48.2497222222,-5.2841666667	47.6947222222,-4.1769444444	47.6933333333,-3.82	47.6444444444,-3.7961111111	47.6055555556,-3.7608333333	47.5661111111,-3.7113888889	47.5383333333,-3.6625	47.5166666667,-3.6027777778	47.5,-3.5227777778	47.5,-4.9975	47.5,-5.5	48.2497222222,-5.2841666667
0	255	1504274400	1504277999	5	49.8013888889,-3.1736111111	49.5833333333,-3.0	49.4513888889,-2.9994444444	49.7852777778,-3.2594444444	49.8013888889,-3.1736111111
155	255	1504274400	1504277999	10	46.5,-0.8908333333	46.305,-0.7222222222	46.2133333333,-0.9419444444	45.9813888889,-1.6666666667	46.5,-1.6333333333	46.5,-1.5833333333	46.5,-1.4311111111	46.5,-1.3508333333	46.5,-1.1333333333	46.5,-0.8908333333
205	255	1504274400	1504277999	16	50.0,-1.7833333333	49.7333333333,-2.0	49.6586111111,-2.5013888889	49.9155555556,-2.5086111111	49.9383333333,-2.3711111111	49.9597222222,-2.2433333333	49.9711111111,-2.1730555556	49.9727777778,-2.1636111111	49.9825,-2.1063888889	49.9991666667,-2.005	50.0,-2.0	50.0,-1.9747222222	50.0,-1.8833333333	50.0,-1.8591666667	50.0,-1.845	50.0,-1.7833333333
205	255	1504274400	1504277999	9	49.9155555556,-2.5086111111	49.6586111111,-2.5013888889	49.5833333333,-3.0	49.8013888889,-3.1736111111	49.8033333333,-3.1619444444	49.8186111111,-3.0680555556	49.8247222222,-3.0341666667	49.8333333333,-3.0	49.9155555556,-2.5086111111
