15
115	345	1504224000	1504238399	7	47.5,-3.2525	47.3202777778,-3.2525	47.2447222222,-3.2366666667	47.2547222222,-3.4308333333	47.4941666667,-3.4261111111	47.5,-3.4261111111	47.5,-3.2525
0	345	1504224000	1504238399	25	46.3027777778,-3.0397222222	46.2119444444,-2.6666666667	46.1833333333,-2.55	45.9813888889,-1.6666666667	45.5611111111,-1.6780555556	44.8166666667,-1.72	44.2,-1.7583333333	44.0666666667,-1.7666666667	43.6833333333,-2.0666666667	43.7194444444,-2.1658333333	43.8388888889,-2.5194444444	43.9108333333,-2.7288888889	43.9141666667,-2.7386111111	43.9486111111,-2.8402777778	43.9736111111,-2.9125	44.0513888889,-3.1502777778	44.2972222222,-3.8916666667	44.3288888889,-3.9875	44.3758333333,-4.2313888889	44.4125,-4.4361111111	44.4433333333,-4.6069444444	44.5052777778,-4.9475	44.5441666667,-5.1394444444	46.4566666667,-3.0713888889	46.3027777778,-3.0397222222
0	345	1504224000	1504238399	29	47.25,-5.5	47.5,-4.9975	47.5,-3.5227777778	47.5,-3.5	47.5,-3.4261111111	47.4941666667,-3.4261111111	47.2547222222,-3.4308333333	47.1477777778,-3.4333333333	46.7969444444,-3.1425	46.4566666667,-3.0713888889	44.5441666667,-5.1394444444	44.6222222222,-5.625	44.6588888889,-5.8366666667	44.8347222222,-6.9166666667	44.8352777778,-6.9197222222	45.0,-8.0	45.0,-8.75	45.355,-8.75	45.7361111111,-8.75	46.0,-8.75	46.2469444444,-8.75	46.5,-8.75	46.7608333333,-8.75	46.8166666667,-8.75	47.0,-8.75	47.25,-8.75	47.25,-8.0	47.25,-6.2333333333	47.25,-5.5
345	365	1504224000	1504238399	25	46.3027777778,-3.0397222222	46.2119444444,-2.6666666667	46.1833333333,-2.55	45.9813888889,-1.6666666667	45.5611111111,-1.6780555556	44.8166666667,-1.72	44.2,-1.7583333333	44.0666666667,-1.7666666667	43.6833333333,-2.0666666667	43.7194444444,-2.1658333333	43.8388888889,-2.5194444444	43.9108333333,-2.7288888889	43.9141666667,-2.7386111111	43.9486111111,-2.8402777778	43.9736111111,-2.9125	44.0513888889,-3.1502777778	44.2972222222,-3.8916666667	44.3288888889,-3.9875	44.3758333333,-4.2313888889	44.4125,-4.4361111111	44.4433333333,-4.6069444444	44.5052777778,-4.9475	44.5441666667,-5.1394444444	46.4566666667,-3.0713888889	46.3027777778,-3.0397222222
345	365	1504224000	1504238399	32	48.4622222222,-0.25	48.3616666667,-0.25	48.1722222222,-0.2494444444	47.9333333333,-0.25	47.7952777778,-0.3994444444	47.7372222222,-0.4611111111	47.5577777778,-0.6544444444	47.5202777778,-0.6963888889	47.4066666667,-0.5525	47.1666666667,-0.25	47.0444444444,-0.25	46.6258333333,-0.25	46.5,-0.25	46.305,-0.7222222222	46.2133333333,-0.9419444444	45.9813888889,-1.6666666667	46.1833333333,-2.55	46.2119444444,-2.6666666667	46.3027777778,-3.0397222222	46.4566666667,-3.0713888889	46.7969444444,-3.1425	47.2447222222,-3.2366666667	47.3202777778,-3.2525	47.5,-3.2525	47.9275,-2.4791666667	48.0475,-2.2588888889	48.0552777778,-2.2055555556	48.0666666667,-2.0861111111	48.105,-1.6077777778	48.1588888889,-0.9308333333	48.1805555556,-0.7491666667	48.4622222222,-0.25
345	365	1504224000	1504238399	29	47.25,-5.5	47.5,-4.9975	47.5,-3.5227777778	47.5,-3.5	47.5,-3.4261111111	47.4941666667,-3.4261111111	47.2547222222,-3.4308333333	47.1477777778,-3.4333333333	46.7969444444,-3.1425	46.4566666667,-3.0713888889	44.5441666667,-5.1394444444	44.6222222222,-5.625	44.6588888889,-5.8366666667	44.8347222222,-6.9166666667	44.8352777778,-6.9197222222	45.0,-8.0	45.0,-8.75	45.355,-8.75	45.7361111111,-8.75	46.0,-8.75	46.2469444444,-8.75	46.5,-8.75	46.7608333333,-8.75	46.8166666667,-8.75	47.0,-8.75	47.25,-8.75	47.25,-8.0	47.25,-6.2333333333	47.25,-5.5
345	365	1504224000	1504238399	7	47.5,-3.2525	47.3202777778,-3.2525	47.2447222222,-3.2366666667	47.2547222222,-3.4308333333	47.4941666667,-3.4261111111	47.5,-3.4261111111	47.5,-3.2525
345	365	1504224000	1504238399	5	47.2547222222,-3.4308333333	47.2447222222,-3.2366666667	46.7969444444,-3.1425	47.1477777778,-3.4333333333	47.2547222222,-3.4308333333
365	999	1504224000	1504238399	25	46.3027777778,-3.0397222222	46.2119444444,-2.6666666667	46.1833333333,-2.55	45.9813888889,-1.6666666667	45.5611111111,-1.6780555556	44.8166666667,-1.72	44.2,-1.7583333333	44.0666666667,-1.7666666667	43.6833333333,-2.0666666667	43.7194444444,-2.1658333333	43.8388888889,-2.5194444444	43.9108333333,-2.7288888889	43.9141666667,-2.7386111111	43.9486111111,-2.8402777778	43.9736111111,-2.9125	44.0513888889,-3.1502777778	44.2972222222,-3.8916666667	44.3288888889,-3.9875	44.3758333333,-4.2313888889	44.4125,-4.4361111111	44.4433333333,-4.6069444444	44.5052777778,-4.9475	44.5441666667,-5.1394444444	46.4566666667,-3.0713888889	46.3027777778,-3.0397222222
365	999	1504224000	1504238399	32	48.4622222222,-0.25	48.3616666667,-0.25	48.1722222222,-0.2494444444	47.9333333333,-0.25	47.7952777778,-0.3994444444	47.7372222222,-0.4611111111	47.5577777778,-0.6544444444	47.5202777778,-0.6963888889	47.4066666667,-0.5525	47.1666666667,-0.25	47.0444444444,-0.25	46.6258333333,-0.25	46.5,-0.25	46.305,-0.7222222222	46.2133333333,-0.9419444444	45.9813888889,-1.6666666667	46.1833333333,-2.55	46.2119444444,-2.6666666667	46.3027777778,-3.0397222222	46.4566666667,-3.0713888889	46.7969444444,-3.1425	47.2447222222,-3.2366666667	47.3202777778,-3.2525	47.5,-3.2525	47.9275,-2.4791666667	48.0475,-2.2588888889	48.0552777778,-2.2055555556	48.0666666667,-2.0861111111	48.105,-1.6077777778	48.1588888889,-0.9308333333	48.1805555556,-0.7491666667	48.4622222222,-0.25
365	999	1504224000	1504238399	29	47.25,-5.5	47.5,-4.9975	47.5,-3.5227777778	47.5,-3.5	47.5,-3.4261111111	47.4941666667,-3.4261111111	47.2547222222,-3.4308333333	47.1477777778,-3.4333333333	46.7969444444,-3.1425	46.4566666667,-3.0713888889	44.5441666667,-5.1394444444	44.6222222222,-5.625	44.6588888889,-5.8366666667	44.8347222222,-6.9166666667	44.8352777778,-6.9197222222	45.0,-8.0	45.0,-8.75	45.355,-8.75	45.7361111111,-8.75	46.0,-8.75	46.2469444444,-8.75	46.5,-8.75	46.7608333333,-8.75	46.8166666667,-8.75	47.0,-8.75	47.25,-8.75	47.25,-8.0	47.25,-6.2333333333	47.25,-5.5
365	999	1504224000	1504238399	7	47.5,-3.2525	47.3202777778,-3.2525	47.2447222222,-3.2366666667	47.2547222222,-3.4308333333	47.4941666667,-3.4261111111	47.5,-3.4261111111	47.5,-3.2525
365	999	1504224000	1504238399	5	47.2547222222,-3.4308333333	47.2447222222,-3.2366666667	46.7969444444,-3.1425	47.1477777778,-3.4333333333	47.2547222222,-3.4308333333
145	345	1504224000	1504238399	5	47.2547222222,-3.4308333333	47.2447222222,-3.2366666667	46.7969444444,-3.1425	47.1477777778,-3.4333333333	47.2547222222,-3.4308333333
255	345	1504224000	1504238399	32	48.4622222222,-0.25	48.3616666667,-0.25	48.1722222222,-0.2494444444	47.9333333333,-0.25	47.7952777778,-0.3994444444	47.7372222222,-0.4611111111	47.5577777778,-0.6544444444	47.5202777778,-0.6963888889	47.4066666667,-0.5525	47.1666666667,-0.25	47.0444444444,-0.25	46.6258333333,-0.25	46.5,-0.25	46.305,-0.7222222222	46.2133333333,-0.9419444444	45.9813888889,-1.6666666667	46.1833333333,-2.55	46.2119444444,-2.6666666667	46.3027777778,-3.0397222222	46.4566666667,-3.0713888889	46.7969444444,-3.1425	47.2447222222,-3.2366666667	47.3202777778,-3.2525	47.5,-3.2525	47.9275,-2.4791666667	48.0475,-2.2588888889	48.0552777778,-2.2055555556	48.0666666667,-2.0861111111	48.105,-1.6077777778	48.1588888889,-0.9308333333	48.1805555556,-0.7491666667	48.4622222222,-0.25
