19
255	325	1504303200	1504306799	41	50.0,-0.25	49.8166666667,-0.25	49.5266666667,-0.25	49.4469444444,-0.25	49.1666666667,-0.25	48.95,-0.25	48.9297222222,-0.25	48.8380555556,-0.25	48.7375,-0.25	48.6591666667,-0.2486111111	48.5505555556,-0.25	48.5333333333,-0.25	48.4622222222,-0.25	48.1805555556,-0.7491666667	48.1588888889,-0.9308333333	48.105,-1.6077777778	48.0666666667,-2.0861111111	48.0552777778,-2.2055555556	48.0475,-2.2588888889	48.9011111111,-2.8061111111	49.0333333333,-2.6880555556	49.4769444444,-2.2255555556	49.7286111111,-1.9736111111	50.0,-2.0	50.0,-1.9747222222	50.0,-1.8833333333	50.0,-1.8591666667	50.0,-1.845	50.0,-1.7833333333	50.0,-1.7169444444	50.0,-1.6913888889	50.0,-1.5102777778	50.0,-1.5	49.6666666667,-1.5	49.6666666667,-1.0	50.0,-1.0	50.0,-0.8333333333	50.0,-0.5333333333	50.0,-0.5319444444	50.0,-0.3683333333	50.0,-0.25
195	355	1504303200	1504306799	5	48.5805555556,-5.1869444444	48.2497222222,-5.2841666667	48.2738888889,-5.3333333333	48.5491666667,-5.3333333333	48.5805555556,-5.1869444444
255	345	1504303200	1504306799	9	50.0,-1.0	49.6666666667,-1.0	49.6666666667,-1.5	50.0,-1.5	50.0,-1.3805555556	50.0,-1.2527777778	50.0,-1.1905555556	50.0,-1.0538888889	50.0,-1.0
245	355	1504303200	1504306799	20	49.5605555556,-6.9344444444	49.5172222222,-5.8177777778	49.5163888889,-5.8011111111	49.5158333333,-5.7833333333	49.5091666667,-5.6316666667	49.4844444444,-5.0572222222	49.4780555556,-4.9163888889	49.4625,-5.0	49.4561111111,-5.0325	49.4105555556,-5.2663888889	49.2916666667,-5.8597222222	49.2338888889,-6.1430555556	49.0072222222,-7.2147222222	48.9283333333,-7.5744444444	49.0052777778,-7.4980555556	49.1888888889,-7.31	49.2413888889,-7.2538888889	49.3780555556,-7.1208333333	49.4752777778,-7.0213888889	49.5605555556,-6.9344444444
325	345	1504303200	1504306799	41	50.0,-0.25	49.8166666667,-0.25	49.5266666667,-0.25	49.4469444444,-0.25	49.1666666667,-0.25	48.95,-0.25	48.9297222222,-0.25	48.8380555556,-0.25	48.7375,-0.25	48.6591666667,-0.2486111111	48.5505555556,-0.25	48.5333333333,-0.25	48.4622222222,-0.25	48.1805555556,-0.7491666667	48.1588888889,-0.9308333333	48.105,-1.6077777778	48.0666666667,-2.0861111111	48.0552777778,-2.2055555556	48.0475,-2.2588888889	48.9011111111,-2.8061111111	49.0333333333,-2.6880555556	49.4769444444,-2.2255555556	49.7286111111,-1.9736111111	50.0,-2.0	50.0,-1.9747222222	50.0,-1.8833333333	50.0,-1.8591666667	50.0,-1.845	50.0,-1.7833333333	50.0,-1.7169444444	50.0,-1.6913888889	50.0,-1.5102777778	50.0,-1.5	49.6666666667,-1.5	49.6666666667,-1.0	50.0,-1.0	50.0,-0.8333333333	50.0,-0.5333333333	50.0,-0.5319444444	50.0,-0.3683333333	50.0,-0.25
255	355	1504303200	1504306799	9	49.4780555556,-4.9163888889	49.5675,-4.45	48.7961111111,-4.0325	48.625,-4.335	47.5,-4.9975	47.5,-5.5	48.2497222222,-5.2841666667	48.5805555556,-5.1869444444	49.4780555556,-4.9163888889
255	355	1504303200	1504306799	27	49.7852777778,-3.2594444444	49.8013888889,-3.1736111111	49.8033333333,-3.1619444444	49.8186111111,-3.0680555556	49.8247222222,-3.0341666667	49.8333333333,-3.0	49.9155555556,-2.5086111111	49.9383333333,-2.3711111111	49.9597222222,-2.2433333333	49.9711111111,-2.1730555556	49.9727777778,-2.1636111111	49.9825,-2.1063888889	49.9991666667,-2.005	50.0,-2.0	49.7286111111,-1.9736111111	49.4769444444,-2.2255555556	49.0333333333,-2.6880555556	48.9011111111,-2.8061111111	48.7686111111,-2.9972222222	48.7961111111,-4.0325	49.5675,-4.45	49.5902777778,-4.3302777778	49.6216666667,-4.1613888889	49.6513888889,-4.0013888889	49.6847222222,-3.82	49.7372222222,-3.5294444444	49.7852777778,-3.2594444444
255	355	1504303200	1504306799	12	48.9011111111,-2.8061111111	48.0475,-2.2588888889	47.9275,-2.4791666667	47.5,-3.2525	47.5,-3.4261111111	47.5,-3.5	47.5,-3.5227777778	47.5,-4.9975	48.625,-4.335	48.7961111111,-4.0325	48.7686111111,-2.9972222222	48.9011111111,-2.8061111111
355	999	1504303200	1504306799	9	50.0,-1.0	49.6666666667,-1.0	49.6666666667,-1.5	50.0,-1.5	50.0,-1.3805555556	50.0,-1.2527777778	50.0,-1.1905555556	50.0,-1.0538888889	50.0,-1.0
355	999	1504303200	1504306799	5	48.5805555556,-5.1869444444	48.2497222222,-5.2841666667	48.2738888889,-5.3333333333	48.5491666667,-5.3333333333	48.5805555556,-5.1869444444
355	999	1504303200	1504306799	9	49.4780555556,-4.9163888889	49.5675,-4.45	48.7961111111,-4.0325	48.625,-4.335	47.5,-4.9975	47.5,-5.5	48.2497222222,-5.2841666667	48.5805555556,-5.1869444444	49.4780555556,-4.9163888889
355	999	1504303200	1504306799	28	49.4780555556,-4.9163888889	48.5805555556,-5.1869444444	48.5491666667,-5.3333333333	48.2738888889,-5.3333333333	48.2497222222,-5.2841666667	47.5,-5.5	47.5,-4.9975	47.25,-5.5	47.25,-6.2333333333	47.25,-8.0	47.25,-8.75	47.5,-8.75	47.7444444444,-8.75	48.0,-8.75	48.2441666667,-8.75	48.5,-8.75	48.54,-8.75	48.5733333333,-8.75	48.5522222222,-8.5336111111	48.5,-8.0	48.9283333333,-7.5744444444	49.0072222222,-7.2147222222	49.2338888889,-6.1430555556	49.2916666667,-5.8597222222	49.4105555556,-5.2663888889	49.4561111111,-5.0325	49.4625,-5.0	49.4780555556,-4.9163888889
355	999	1504303200	1504306799	20	49.5605555556,-6.9344444444	49.5172222222,-5.8177777778	49.5163888889,-5.8011111111	49.5158333333,-5.7833333333	49.5091666667,-5.6316666667	49.4844444444,-5.0572222222	49.4780555556,-4.9163888889	49.4625,-5.0	49.4561111111,-5.0325	49.4105555556,-5.2663888889	49.2916666667,-5.8597222222	49.2338888889,-6.1430555556	49.0072222222,-7.2147222222	48.9283333333,-7.5744444444	49.0052777778,-7.4980555556	49.1888888889,-7.31	49.2413888889,-7.2538888889	49.3780555556,-7.1208333333	49.4752777778,-7.0213888889	49.5605555556,-6.9344444444
355	999	1504303200	1504306799	41	50.0,-0.25	49.8166666667,-0.25	49.5266666667,-0.25	49.4469444444,-0.25	49.1666666667,-0.25	48.95,-0.25	48.9297222222,-0.25	48.8380555556,-0.25	48.7375,-0.25	48.6591666667,-0.2486111111	48.5505555556,-0.25	48.5333333333,-0.25	48.4622222222,-0.25	48.1805555556,-0.7491666667	48.1588888889,-0.9308333333	48.105,-1.6077777778	48.0666666667,-2.0861111111	48.0552777778,-2.2055555556	48.0475,-2.2588888889	48.9011111111,-2.8061111111	49.0333333333,-2.6880555556	49.4769444444,-2.2255555556	49.7286111111,-1.9736111111	50.0,-2.0	50.0,-1.9747222222	50.0,-1.8833333333	50.0,-1.8591666667	50.0,-1.845	50.0,-1.7833333333	50.0,-1.7169444444	50.0,-1.6913888889	50.0,-1.5102777778	50.0,-1.5	49.6666666667,-1.5	49.6666666667,-1.0	50.0,-1.0	50.0,-0.8333333333	50.0,-0.5333333333	50.0,-0.5319444444	50.0,-0.3683333333	50.0,-0.25
355	999	1504303200	1504306799	27	49.7852777778,-3.2594444444	49.8013888889,-3.1736111111	49.8033333333,-3.1619444444	49.8186111111,-3.0680555556	49.8247222222,-3.0341666667	49.8333333333,-3.0	49.9155555556,-2.5086111111	49.9383333333,-2.3711111111	49.9597222222,-2.2433333333	49.9711111111,-2.1730555556	49.9727777778,-2.1636111111	49.9825,-2.1063888889	49.9991666667,-2.005	50.0,-2.0	49.7286111111,-1.9736111111	49.4769444444,-2.2255555556	49.0333333333,-2.6880555556	48.9011111111,-2.8061111111	48.7686111111,-2.9972222222	48.7961111111,-4.0325	49.5675,-4.45	49.5902777778,-4.3302777778	49.6216666667,-4.1613888889	49.6513888889,-4.0013888889	49.6847222222,-3.82	49.7372222222,-3.5294444444	49.7852777778,-3.2594444444
355	999	1504303200	1504306799	12	48.9011111111,-2.8061111111	48.0475,-2.2588888889	47.9275,-2.4791666667	47.5,-3.2525	47.5,-3.4261111111	47.5,-3.5	47.5,-3.5227777778	47.5,-4.9975	48.625,-4.335	48.7961111111,-4.0325	48.7686111111,-2.9972222222	48.9011111111,-2.8061111111
0	355	1504303200	1504306799	28	49.4780555556,-4.9163888889	48.5805555556,-5.1869444444	48.5491666667,-5.3333333333	48.2738888889,-5.3333333333	48.2497222222,-5.2841666667	47.5,-5.5	47.5,-4.9975	47.25,-5.5	47.25,-6.2333333333	47.25,-8.0	47.25,-8.75	47.5,-8.75	47.7444444444,-8.75	48.0,-8.75	48.2441666667,-8.75	48.5,-8.75	48.54,-8.75	48.5733333333,-8.75	48.5522222222,-8.5336111111	48.5,-8.0	48.9283333333,-7.5744444444	49.0072222222,-7.2147222222	49.2338888889,-6.1430555556	49.2916666667,-5.8597222222	49.4105555556,-5.2663888889	49.4561111111,-5.0325	49.4625,-5.0	49.4780555556,-4.9163888889
345	355	1504303200	1504306799	9	50.0,-1.0	49.6666666667,-1.0	49.6666666667,-1.5	50.0,-1.5	50.0,-1.3805555556	50.0,-1.2527777778	50.0,-1.1905555556	50.0,-1.0538888889	50.0,-1.0
345	355	1504303200	1504306799	41	50.0,-0.25	49.8166666667,-0.25	49.5266666667,-0.25	49.4469444444,-0.25	49.1666666667,-0.25	48.95,-0.25	48.9297222222,-0.25	48.8380555556,-0.25	48.7375,-0.25	48.6591666667,-0.2486111111	48.5505555556,-0.25	48.5333333333,-0.25	48.4622222222,-0.25	48.1805555556,-0.7491666667	48.1588888889,-0.9308333333	48.105,-1.6077777778	48.0666666667,-2.0861111111	48.0552777778,-2.2055555556	48.0475,-2.2588888889	48.9011111111,-2.8061111111	49.0333333333,-2.6880555556	49.4769444444,-2.2255555556	49.7286111111,-1.9736111111	50.0,-2.0	50.0,-1.9747222222	50.0,-1.8833333333	50.0,-1.8591666667	50.0,-1.845	50.0,-1.7833333333	50.0,-1.7169444444	50.0,-1.6913888889	50.0,-1.5102777778	50.0,-1.5	49.6666666667,-1.5	49.6666666667,-1.0	50.0,-1.0	50.0,-0.8333333333	50.0,-0.5333333333	50.0,-0.5319444444	50.0,-0.3683333333	50.0,-0.25
