14
245	345	1504250400	1504252799	9	38.15,19.6916666667	37.9333333333,21.275	37.4583333333,21.9833333333	37.4166666667,21.6333333333	36.8397222222,21.3883333333	37.0,21.0	37.5,19.6666666667	38.0,19.6666666667	38.15,19.6916666667
245	345	1504250400	1504252799	11	39.9333333333,19.0	39.1888888889,20.2827777778	38.7833333333,19.9416666667	38.5183333333,19.0	38.7241666667,19.0	38.8833333333,19.0	39.2933333333,19.0	39.3936111111,19.0	39.5569444444,18.9969444444	39.8166666667,19.0	39.9333333333,19.0
245	345	1504250400	1504252799	11	37.7063888889,22.5808333333	37.74,22.5916666667	37.7666666667,22.6	37.8869444444,22.6255555556	37.4666666667,22.9619444444	37.4033333333,22.9775	37.1933333333,23.0366666667	37.2827777778,22.5327777778	37.4208333333,22.5344444444	37.5666666667,22.5333333333	37.7063888889,22.5808333333
85	345	1504250400	1504252799	10	38.5833333333,19.8	38.4333333333,20.5	38.3833333333,20.75	38.3558333333,21.5705555556	38.2075,21.8161111111	37.4666666667,22.1666666667	37.4583333333,21.9833333333	37.9333333333,21.275	38.15,19.6916666667	38.5833333333,19.8
85	345	1504250400	1504252799	4	38.35,21.75	38.2075,21.8161111111	38.3558333333,21.5705555556	38.35,21.75
0	345	1504250400	1504252799	18	38.5183333333,19.0	38.7833333333,19.9416666667	39.1888888889,20.2827777778	39.0722222222,20.4833333333	38.3894444444,21.7344444444	38.35,21.75	38.3558333333,21.5705555556	38.3833333333,20.75	38.4333333333,20.5	38.5833333333,19.8	38.15,19.6916666667	38.0,19.6666666667	37.5,19.6666666667	37.75,19.0	38.1,19.0	38.2675,19.0	38.3422222222,19.0	38.5183333333,19.0
0	345	1504250400	1504252799	18	38.2075,21.8161111111	38.35,21.75	38.3894444444,21.7344444444	37.8869444444,22.6255555556	37.7666666667,22.6	37.74,22.5916666667	37.7063888889,22.5808333333	37.5666666667,22.5333333333	37.4208333333,22.5344444444	37.2827777778,22.5327777778	37.1933333333,23.0366666667	36.2402777778,23.3291666667	36.1183333333,23.0275	36.8397222222,21.3883333333	37.4166666667,21.6333333333	37.4583333333,21.9833333333	37.4666666667,22.1666666667	38.2075,21.8161111111
345	999	1504250400	1504252799	9	38.15,19.6916666667	37.9333333333,21.275	37.4583333333,21.9833333333	37.4166666667,21.6333333333	36.8397222222,21.3883333333	37.0,21.0	37.5,19.6666666667	38.0,19.6666666667	38.15,19.6916666667
345	999	1504250400	1504252799	11	39.9333333333,19.0	39.1888888889,20.2827777778	38.7833333333,19.9416666667	38.5183333333,19.0	38.7241666667,19.0	38.8833333333,19.0	39.2933333333,19.0	39.3936111111,19.0	39.5569444444,18.9969444444	39.8166666667,19.0	39.9333333333,19.0
345	999	1504250400	1504252799	11	37.7063888889,22.5808333333	37.74,22.5916666667	37.7666666667,22.6	37.8869444444,22.6255555556	37.4666666667,22.9619444444	37.4033333333,22.9775	37.1933333333,23.0366666667	37.2827777778,22.5327777778	37.4208333333,22.5344444444	37.5666666667,22.5333333333	37.7063888889,22.5808333333
345	999	1504250400	1504252799	18	38.5183333333,19.0	38.7833333333,19.9416666667	39.1888888889,20.2827777778	39.0722222222,20.4833333333	38.3894444444,21.7344444444	38.35,21.75	38.3558333333,21.5705555556	38.3833333333,20.75	38.4333333333,20.5	38.5833333333,19.8	38.15,19.6916666667	38.0,19.6666666667	37.5,19.6666666667	37.75,19.0	38.1,19.0	38.2675,19.0	38.3422222222,19.0	38.5183333333,19.0
345	999	1504250400	1504252799	10	38.5833333333,19.8	38.4333333333,20.5	38.3833333333,20.75	38.3558333333,21.5705555556	38.2075,21.8161111111	37.4666666667,22.1666666667	37.4583333333,21.9833333333	37.9333333333,21.275	38.15,19.6916666667	38.5833333333,19.8
345	999	1504250400	1504252799	4	38.35,21.75	38.2075,21.8161111111	38.3558333333,21.5705555556	38.35,21.75
345	999	1504250400	1504252799	18	38.2075,21.8161111111	38.35,21.75	38.3894444444,21.7344444444	37.8869444444,22.6255555556	37.7666666667,22.6	37.74,22.5916666667	37.7063888889,22.5808333333	37.5666666667,22.5333333333	37.4208333333,22.5344444444	37.2827777778,22.5327777778	37.1933333333,23.0366666667	36.2402777778,23.3291666667	36.1183333333,23.0275	36.8397222222,21.3883333333	37.4166666667,21.6333333333	37.4583333333,21.9833333333	37.4666666667,22.1666666667	38.2075,21.8161111111
