17
85	345	1504242000	1504249199	10	38.5833333333,19.8	38.4333333333,20.5	38.3833333333,20.75	38.3558333333,21.5705555556	38.2075,21.8161111111	37.4666666667,22.1666666667	37.4583333333,21.9833333333	37.9333333333,21.275	38.15,19.6916666667	38.5833333333,19.8
85	345	1504242000	1504249199	4	38.35,21.75	38.2075,21.8161111111	38.3558333333,21.5705555556	38.35,21.75
245	345	1504242000	1504249199	9	38.15,19.6916666667	37.9333333333,21.275	37.4583333333,21.9833333333	37.4166666667,21.6333333333	36.8397222222,21.3883333333	37.0,21.0	37.5,19.6666666667	38.0,19.6666666667	38.15,19.6916666667
245	345	1504242000	1504249199	11	39.9333333333,19.0	39.1888888889,20.2827777778	38.7833333333,19.9416666667	38.5183333333,19.0	38.7241666667,19.0	38.8833333333,19.0	39.2933333333,19.0	39.3936111111,19.0	39.5569444444,18.9969444444	39.8166666667,19.0	39.9333333333,19.0
245	345	1504242000	1504249199	11	37.7063888889,22.5808333333	37.74,22.5916666667	37.7666666667,22.6	37.8869444444,22.6255555556	37.4666666667,22.9619444444	37.4033333333,22.9775	37.1933333333,23.0366666667	37.2827777778,22.5327777778	37.4208333333,22.5344444444	37.5666666667,22.5333333333	37.7063888889,22.5808333333
0	345	1504242000	1504249199	18	38.5183333333,19.0	38.7833333333,19.9416666667	39.1888888889,20.2827777778	39.0722222222,20.4833333333	38.3894444444,21.7344444444	38.35,21.75	38.3558333333,21.5705555556	38.3833333333,20.75	38.4333333333,20.5	38.5833333333,19.8	38.15,19.6916666667	38.0,19.6666666667	37.5,19.6666666667	37.75,19.0	38.1,19.0	38.2675,19.0	38.3422222222,19.0	38.5183333333,19.0
0	345	1504242000	1504249199	18	38.2075,21.8161111111	38.35,21.75	38.3894444444,21.7344444444	37.8869444444,22.6255555556	37.7666666667,22.6	37.74,22.5916666667	37.7063888889,22.5808333333	37.5666666667,22.5333333333	37.4208333333,22.5344444444	37.2827777778,22.5327777778	37.1933333333,23.0366666667	36.2402777778,23.3291666667	36.1183333333,23.0275	36.8397222222,21.3883333333	37.4166666667,21.6333333333	37.4583333333,21.9833333333	37.4666666667,22.1666666667	38.2075,21.8161111111
0	999	1504242000	1504249199	31	37.75,19.0	37.5,19.6666666667	36.6833333333,21.3166666667	36.8397222222,21.3883333333	36.1183333333,23.0275	36.2402777778,23.3291666667	35.8438888889,23.6158333333	35.7383333333,23.6905555556	35.3333333333,24.0	35.2827777778,24.7580555556	34.9988888889,24.7994444444	34.5822222222,24.7827777778	34.4,25.0	34.4,25.2416666667	34.4119444444,25.27	34.4786111111,25.3119444444	34.0,25.5	34.0,25.15	34.0,24.45	34.0,24.1666666667	34.3333333333,23.5833333333	34.6252777778,23.0	35.0991666667,22.0322222222	35.1333333333,21.9611111111	35.5180555556,21.1533333333	35.9472222222,20.2294444444	36.5,19.0	36.7666666667,19.0	36.9666666667,19.0	37.4,19.0	37.75,19.0
345	999	1504242000	1504249199	9	38.15,19.6916666667	37.9333333333,21.275	37.4583333333,21.9833333333	37.4166666667,21.6333333333	36.8397222222,21.3883333333	37.0,21.0	37.5,19.6666666667	38.0,19.6666666667	38.15,19.6916666667
345	999	1504242000	1504249199	11	39.9333333333,19.0	39.1888888889,20.2827777778	38.7833333333,19.9416666667	38.5183333333,19.0	38.7241666667,19.0	38.8833333333,19.0	39.2933333333,19.0	39.3936111111,19.0	39.5569444444,18.9969444444	39.8166666667,19.0	39.9333333333,19.0
345	999	1504242000	1504249199	11	37.7063888889,22.5808333333	37.74,22.5916666667	37.7666666667,22.6	37.8869444444,22.6255555556	37.4666666667,22.9619444444	37.4033333333,22.9775	37.1933333333,23.0366666667	37.2827777778,22.5327777778	37.4208333333,22.5344444444	37.5666666667,22.5333333333	37.7063888889,22.5808333333
345	999	1504242000	1504249199	18	38.5183333333,19.0	38.7833333333,19.9416666667	39.1888888889,20.2827777778	39.0722222222,20.4833333333	38.3894444444,21.7344444444	38.35,21.75	38.3558333333,21.5705555556	38.3833333333,20.75	38.4333333333,20.5	38.5833333333,19.8	38.15,19.6916666667	38.0,19.6666666667	37.5,19.6666666667	37.75,19.0	38.1,19.0	38.2675,19.0	38.3422222222,19.0	38.5183333333,19.0
345	999	1504242000	1504249199	10	38.5833333333,19.8	38.4333333333,20.5	38.3833333333,20.75	38.3558333333,21.5705555556	38.2075,21.8161111111	37.4666666667,22.1666666667	37.4583333333,21.9833333333	37.9333333333,21.275	38.15,19.6916666667	38.5833333333,19.8
345	999	1504242000	1504249199	4	38.35,21.75	38.2075,21.8161111111	38.3558333333,21.5705555556	38.35,21.75
345	999	1504242000	1504249199	18	38.2075,21.8161111111	38.35,21.75	38.3894444444,21.7344444444	37.8869444444,22.6255555556	37.7666666667,22.6	37.74,22.5916666667	37.7063888889,22.5808333333	37.5666666667,22.5333333333	37.4208333333,22.5344444444	37.2827777778,22.5327777778	37.1933333333,23.0366666667	36.2402777778,23.3291666667	36.1183333333,23.0275	36.8397222222,21.3883333333	37.4166666667,21.6333333333	37.4583333333,21.9833333333	37.4666666667,22.1666666667	38.2075,21.8161111111
155	999	1504242000	1504249199	10	35.2827777778,24.7580555556	35.2666666667,25.0	34.8833333333,25.1522222222	34.4786111111,25.3119444444	34.4119444444,25.27	34.4,25.2416666667	34.4,25.0	34.5822222222,24.7827777778	34.9988888889,24.7994444444	35.2827777778,24.7580555556
245	999	1504242000	1504249199	5	37.5,19.6666666667	37.0,21.0	36.8397222222,21.3883333333	36.6833333333,21.3166666667	37.5,19.6666666667
