9
125	999	1504238400	1504240799	11	35.6988888889,25.7766666667	35.8483333333,26.61	35.6013888889,26.8977777778	35.0866666667,26.6988888889	35.0355555556,26.6055555556	34.9988888889,25.7880555556	35.0419444444,25.8213888889	35.2377777778,25.9094444444	35.4461111111,25.9102777778	35.6419444444,25.8236111111	35.6988888889,25.7766666667
325	999	1504238400	1504240799	20	37.1933333333,23.0366666667	37.1491666667,23.2866666667	37.1333333333,23.4183333333	36.9988888889,24.0661111111	37.0005555556,24.0738888889	37.0969444444,24.4244444444	37.2105555556,24.8525	37.2555555556,25.0327777778	37.3177777778,25.0341666667	36.7955555556,25.3469444444	36.3833333333,26.0	35.8541666667,25.4361111111	35.7,25.4361111111	35.6988888889,24.695	35.2827777778,24.7580555556	35.3333333333,24.0	35.7383333333,23.6905555556	35.8438888889,23.6158333333	36.2402777778,23.3291666667	37.1933333333,23.0366666667
325	999	1504238400	1504240799	15	37.9352777778,24.6583333333	37.3177777778,25.0341666667	37.2555555556,25.0327777778	37.2105555556,24.8525	37.0969444444,24.4244444444	37.0005555556,24.0738888889	36.9988888889,24.0661111111	37.1333333333,23.4183333333	37.1491666667,23.2866666667	37.1933333333,23.0366666667	37.4033333333,22.9775	37.4666666667,22.9619444444	37.81,23.4566666667	37.85,24.3	37.9352777778,24.6583333333
325	999	1504238400	1504240799	6	35.6988888889,24.695	35.7,25.4361111111	35.2333333333,25.4361111111	35.2666666667,25.0	35.2827777778,24.7580555556	35.6988888889,24.695
0	999	1504238400	1504240799	21	35.8455555556,27.6663888889	35.0497222222,27.3613888889	33.9238888889,27.6230555556	33.9516666667,27.3333333333	34.0,27.1666666667	34.0,26.8166666667	34.0,25.5	34.4786111111,25.3119444444	34.8833333333,25.5666666667	35.0,25.75	34.9988888889,25.7880555556	35.0355555556,26.6055555556	35.0866666667,26.6988888889	35.6013888889,26.8977777778	35.8483333333,26.61	35.6988888889,25.7766666667	35.7,25.4361111111	35.8541666667,25.4361111111	36.3833333333,26.0	36.2975,26.7894444444	35.8455555556,27.6663888889
155	999	1504238400	1504240799	14	35.7,25.4361111111	35.6988888889,25.7766666667	35.6419444444,25.8236111111	35.4461111111,25.9102777778	35.2377777778,25.9094444444	35.0419444444,25.8213888889	34.9988888889,25.7880555556	35.0,25.75	34.8833333333,25.5666666667	34.4786111111,25.3119444444	34.8833333333,25.1522222222	35.2666666667,25.0	35.2333333333,25.4361111111	35.7,25.4361111111
0	325	1504238400	1504240799	20	37.1933333333,23.0366666667	37.1491666667,23.2866666667	37.1333333333,23.4183333333	36.9988888889,24.0661111111	37.0005555556,24.0738888889	37.0969444444,24.4244444444	37.2105555556,24.8525	37.2555555556,25.0327777778	37.3177777778,25.0341666667	36.7955555556,25.3469444444	36.3833333333,26.0	35.8541666667,25.4361111111	35.7,25.4361111111	35.6988888889,24.695	35.2827777778,24.7580555556	35.3333333333,24.0	35.7383333333,23.6905555556	35.8438888889,23.6158333333	36.2402777778,23.3291666667	37.1933333333,23.0366666667
245	325	1504238400	1504240799	15	37.9352777778,24.6583333333	37.3177777778,25.0341666667	37.2555555556,25.0327777778	37.2105555556,24.8525	37.0969444444,24.4244444444	37.0005555556,24.0738888889	36.9988888889,24.0661111111	37.1333333333,23.4183333333	37.1491666667,23.2866666667	37.1933333333,23.0366666667	37.4033333333,22.9775	37.4666666667,22.9619444444	37.81,23.4566666667	37.85,24.3	37.9352777778,24.6583333333
155	325	1504238400	1504240799	6	35.6988888889,24.695	35.7,25.4361111111	35.2333333333,25.4361111111	35.2666666667,25.0	35.2827777778,24.7580555556	35.6988888889,24.695
