16
125	999	1504298400	1504299599	11	35.6988888889,25.7766666667	35.8483333333,26.61	35.6013888889,26.8977777778	35.0866666667,26.6988888889	35.0355555556,26.6055555556	34.9988888889,25.7880555556	35.0419444444,25.8213888889	35.2377777778,25.9094444444	35.4461111111,25.9102777778	35.6419444444,25.8236111111	35.6988888889,25.7766666667
325	999	1504298400	1504299599	6	35.6988888889,24.695	35.7,25.4361111111	35.2333333333,25.4361111111	35.2666666667,25.0	35.2827777778,24.7580555556	35.6988888889,24.695
325	999	1504298400	1504299599	20	37.1933333333,23.0366666667	37.1491666667,23.2866666667	37.1333333333,23.4183333333	36.9988888889,24.0661111111	37.0005555556,24.0738888889	37.0969444444,24.4244444444	37.2105555556,24.8525	37.2555555556,25.0327777778	37.3177777778,25.0341666667	36.7955555556,25.3469444444	36.3833333333,26.0	35.8541666667,25.4361111111	35.7,25.4361111111	35.6988888889,24.695	35.2827777778,24.7580555556	35.3333333333,24.0	35.7383333333,23.6905555556	35.8438888889,23.6158333333	36.2402777778,23.3291666667	37.1933333333,23.0366666667
325	999	1504298400	1504299599	11	37.4333333333,27.1166666667	36.9513888889,27.6097222222	36.7,27.8666666667	36.6383333333,27.7194444444	36.5666666667,27.5333333333	36.6133333333,27.3588888889	36.7166666667,27.2333333333	36.8666666667,27.4	37.05,27.175	37.1333333333,27.1	37.4333333333,27.1166666667
325	999	1504298400	1504299599	6	37.9716666667,24.8788888889	37.6155555556,25.0327777778	37.3638888889,25.0341666667	37.3177777778,25.0341666667	37.9352777778,24.6583333333	37.9716666667,24.8788888889
325	999	1504298400	1504299599	15	37.9352777778,24.6583333333	37.3177777778,25.0341666667	37.2555555556,25.0327777778	37.2105555556,24.8525	37.0969444444,24.4244444444	37.0005555556,24.0738888889	36.9988888889,24.0661111111	37.1333333333,23.4183333333	37.1491666667,23.2866666667	37.1933333333,23.0366666667	37.4033333333,22.9775	37.4666666667,22.9619444444	37.81,23.4566666667	37.85,24.3	37.9352777778,24.6583333333
325	999	1504298400	1504299599	36	37.4333333333,27.1166666667	37.1333333333,27.1	37.05,27.175	36.8666666667,27.4	36.7166666667,27.2333333333	36.6133333333,27.3588888889	36.5666666667,27.5333333333	36.6383333333,27.7194444444	36.7,27.8666666667	36.6666666667,27.9166666667	36.4947222222,27.9952777778	36.4833333333,28.05	36.5333333333,28.2083333333	36.55,28.4833333333	36.2833333333,28.5166666667	35.8455555556,27.6663888889	36.2975,26.7894444444	36.3833333333,26.0	36.7955555556,25.3469444444	37.3177777778,25.0341666667	37.3638888889,25.0341666667	37.6155555556,25.0327777778	37.9716666667,24.8788888889	38.1516666667,25.7608333333	38.2452777778,26.1669444444	38.1666666667,26.25	38.1072222222,26.2994444444	37.9822222222,26.5244444444	37.9586111111,26.8738888889	37.95,27.0	37.8833333333,27.0333333333	37.8427777778,27.0444444444	37.7,27.0833333333	37.65,26.9741666667	37.625,26.9833333333	37.4333333333,27.1166666667
0	999	1504298400	1504299599	31	36.55,28.4833333333	36.3833333333,28.55	36.2166666667,28.8166666667	36.0833333333,29.25	36.1833333333,29.3166666667	36.1716666667,29.5	36.1436111111,29.5772222222	36.0833333333,29.7083333333	36.0752777778,29.8091666667	36.0822222222,29.9994444444	35.8333333333,30.0	35.6652777778,30.0	35.5836111111,30.0	35.5294444444,30.0	35.2,30.0	34.9666666667,30.0	34.9152777778,30.0	34.87,30.0	34.65,30.0	34.5833333333,30.0	34.5,30.0	34.3233333333,30.0	33.7333333333,30.0	33.5,30.0	33.7138888889,28.75	33.8,28.2666666667	33.9238888889,27.6230555556	35.0497222222,27.3613888889	35.8455555556,27.6663888889	36.2833333333,28.5166666667	36.55,28.4833333333
0	999	1504298400	1504299599	21	35.8455555556,27.6663888889	35.0497222222,27.3613888889	33.9238888889,27.6230555556	33.9516666667,27.3333333333	34.0,27.1666666667	34.0,26.8166666667	34.0,25.5	34.4786111111,25.3119444444	34.8833333333,25.5666666667	35.0,25.75	34.9988888889,25.7880555556	35.0355555556,26.6055555556	35.0866666667,26.6988888889	35.6013888889,26.8977777778	35.8483333333,26.61	35.6988888889,25.7766666667	35.7,25.4361111111	35.8541666667,25.4361111111	36.3833333333,26.0	36.2975,26.7894444444	35.8455555556,27.6663888889
155	999	1504298400	1504299599	14	35.7,25.4361111111	35.6988888889,25.7766666667	35.6419444444,25.8236111111	35.4461111111,25.9102777778	35.2377777778,25.9094444444	35.0419444444,25.8213888889	34.9988888889,25.7880555556	35.0,25.75	34.8833333333,25.5666666667	34.4786111111,25.3119444444	34.8833333333,25.1522222222	35.2666666667,25.0	35.2333333333,25.4361111111	35.7,25.4361111111
0	325	1504298400	1504299599	20	37.1933333333,23.0366666667	37.1491666667,23.2866666667	37.1333333333,23.4183333333	36.9988888889,24.0661111111	37.0005555556,24.0738888889	37.0969444444,24.4244444444	37.2105555556,24.8525	37.2555555556,25.0327777778	37.3177777778,25.0341666667	36.7955555556,25.3469444444	36.3833333333,26.0	35.8541666667,25.4361111111	35.7,25.4361111111	35.6988888889,24.695	35.2827777778,24.7580555556	35.3333333333,24.0	35.7383333333,23.6905555556	35.8438888889,23.6158333333	36.2402777778,23.3291666667	37.1933333333,23.0366666667
0	325	1504298400	1504299599	36	37.4333333333,27.1166666667	37.1333333333,27.1	37.05,27.175	36.8666666667,27.4	36.7166666667,27.2333333333	36.6133333333,27.3588888889	36.5666666667,27.5333333333	36.6383333333,27.7194444444	36.7,27.8666666667	36.6666666667,27.9166666667	36.4947222222,27.9952777778	36.4833333333,28.05	36.5333333333,28.2083333333	36.55,28.4833333333	36.2833333333,28.5166666667	35.8455555556,27.6663888889	36.2975,26.7894444444	36.3833333333,26.0	36.7955555556,25.3469444444	37.3177777778,25.0341666667	37.3638888889,25.0341666667	37.6155555556,25.0327777778	37.9716666667,24.8788888889	38.1516666667,25.7608333333	38.2452777778,26.1669444444	38.1666666667,26.25	38.1072222222,26.2994444444	37.9822222222,26.5244444444	37.9586111111,26.8738888889	37.95,27.0	37.8833333333,27.0333333333	37.8427777778,27.0444444444	37.7,27.0833333333	37.65,26.9741666667	37.625,26.9833333333	37.4333333333,27.1166666667
0	325	1504298400	1504299599	11	37.4333333333,27.1166666667	36.9513888889,27.6097222222	36.7,27.8666666667	36.6383333333,27.7194444444	36.5666666667,27.5333333333	36.6133333333,27.3588888889	36.7166666667,27.2333333333	36.8666666667,27.4	37.05,27.175	37.1333333333,27.1	37.4333333333,27.1166666667
245	325	1504298400	1504299599	15	37.9352777778,24.6583333333	37.3177777778,25.0341666667	37.2555555556,25.0327777778	37.2105555556,24.8525	37.0969444444,24.4244444444	37.0005555556,24.0738888889	36.9988888889,24.0661111111	37.1333333333,23.4183333333	37.1491666667,23.2866666667	37.1933333333,23.0366666667	37.4033333333,22.9775	37.4666666667,22.9619444444	37.81,23.4566666667	37.85,24.3	37.9352777778,24.6583333333
245	325	1504298400	1504299599	6	37.9716666667,24.8788888889	37.6155555556,25.0327777778	37.3638888889,25.0341666667	37.3177777778,25.0341666667	37.9352777778,24.6583333333	37.9716666667,24.8788888889
155	325	1504298400	1504299599	6	35.6988888889,24.695	35.7,25.4361111111	35.2333333333,25.4361111111	35.2666666667,25.0	35.2827777778,24.7580555556	35.6988888889,24.695
