22
245	345	1504224000	1504231199	16	40.4666666667,22.4166666667	41.0766666667,21.9166666667	41.1333333333,22.0	41.1333333333,22.0333333333	41.1666666667,22.1833333333	41.175,22.2083333333	41.115,22.4352777778	41.1180555556,22.4822222222	41.1291666667,22.5166666667	41.1758333333,22.6177777778	40.3797222222,23.4258333333	40.1833333333,23.3333333333	39.9111111111,22.9194444444	40.1333333333,22.6666666667	40.1833333333,22.55	40.4666666667,22.4166666667
245	345	1504224000	1504231199	17	38.1655555556,24.1827777778	38.2155555556,24.2661111111	38.3,24.2905555556	38.6155555556,24.3827777778	38.5394444444,24.4463888889	38.1697222222,24.37	37.85,24.3	37.81,23.4566666667	38.1655555556,23.1244444444	38.1666666667,23.25	38.1666666667,23.4	38.1666666667,23.5	38.1666666667,23.7166666667	38.1694444444,23.7355555556	38.1666666667,23.8333333333	38.1666666667,24.0333333333	38.1655555556,24.1827777778
0	345	1504224000	1504231199	30	39.6541666667,21.6166666667	40.4311111111,20.7922222222	40.4397222222,20.8227777778	40.48,20.8436111111	40.4702777778,20.8733333333	40.4763888889,20.9066666667	40.4625,20.9266666667	40.4808333333,20.9558333333	40.4886111111,20.9688888889	40.5194444444,20.9688888889	40.5338888889,20.9991666667	40.5527777778,21.0058333333	40.5580555556,21.0422222222	40.6675,21.0572222222	40.7377777778,20.9833333333	40.7619444444,20.9813888889	40.7705555556,20.9552777778	40.7911111111,20.9833333333	40.8552777778,20.9805555556	40.855,21.1219444444	40.8755555556,21.3580555556	40.9233333333,21.4283333333	40.9344444444,21.695	40.9333333333,21.7833333333	41.0766666667,21.9166666667	40.4666666667,22.4166666667	40.1833333333,22.55	40.1333333333,22.6666666667	39.9111111111,22.9194444444	39.6541666667,21.6166666667
0	345	1504224000	1504231199	6	40.3797222222,23.4258333333	40.0516666667,23.7547222222	40.0083333333,23.4916666667	39.9111111111,22.9194444444	40.1833333333,23.3333333333	40.3797222222,23.4258333333
0	345	1504224000	1504231199	19	40.0083333333,23.4916666667	38.9730555556,24.5361111111	38.5394444444,24.4463888889	38.6155555556,24.3827777778	38.3,24.2905555556	38.2155555556,24.2661111111	38.1655555556,24.1827777778	38.1666666667,24.0333333333	38.1666666667,23.8333333333	38.1694444444,23.7355555556	38.1666666667,23.7166666667	38.1666666667,23.5	38.1666666667,23.4	38.1666666667,23.25	38.1655555556,23.1244444444	39.5788888889,21.6986111111	39.6541666667,21.6166666667	39.9111111111,22.9194444444	40.0083333333,23.4916666667
0	365	1504224000	1504231199	8	40.5875,23.9047222222	40.5133333333,23.85	40.4688888889,23.6072222222	40.0516666667,23.7547222222	40.3797222222,23.4258333333	40.4666666667,23.4666666667	40.5805555556,23.8794444444	40.5875,23.9047222222
0	365	1504224000	1504231199	26	40.0083333333,23.4916666667	40.0516666667,23.7547222222	40.1,25.5583333333	39.9044444444,25.6194444444	39.45,25.8833333333	39.3666666667,26.15	39.4333333333,26.3666666667	39.4166666667,26.4333333333	39.3322222222,26.4994444444	39.2827777778,26.5316666667	39.2641666667,26.5272222222	39.0,26.75	38.8833333333,26.6333333333	38.8333333333,26.4333333333	38.6,26.3166666667	38.4833333333,26.3	38.3488888889,26.1994444444	38.2452777778,26.1669444444	38.1516666667,25.7608333333	37.9716666667,24.8788888889	37.9988888889,24.8661111111	38.1655555556,24.7494444444	38.4291666667,24.5386111111	38.5394444444,24.4463888889	38.9730555556,24.5361111111	40.0083333333,23.4916666667
0	365	1504224000	1504231199	50	41.5233333333,24.3133333333	41.5455555556,24.4036111111	41.5336111111,24.4608333333	41.45,24.6	41.4208333333,24.7011111111	41.4133333333,24.8	41.4,24.8766666667	41.3661111111,25.0513888889	41.3461111111,25.0911111111	41.35,25.1205555556	41.2533333333,25.2405555556	41.2436111111,25.3333333333	41.2925,25.4836111111	41.2841666667,25.5363888889	41.3225,25.5716666667	41.3088888889,25.6283333333	41.3166666667,25.66	41.2963888889,25.7205555556	41.3222222222,25.7380555556	41.3502777778,25.835	41.31,25.8905555556	41.3333333333,26.0	41.3661111111,26.1352777778	41.4166666667,26.1666666667	41.7333333333,26.0666666667	41.7333333333,26.3	41.6333333333,26.55	41.3333333333,26.6	41.25,26.3166666667	41.0666666667,26.2916666667	40.95,26.3166666667	40.8822222222,26.2494444444	40.6666666667,25.9	40.5666666667,25.9	40.5,25.8833333333	40.3833333333,25.9166666667	40.1,25.5583333333	40.0516666667,23.7547222222	40.4688888889,23.6072222222	40.5133333333,23.85	40.5875,23.9047222222	40.5966666667,23.9677777778	40.6552777778,23.9191666667	41.3833333333,23.5083333333	41.3666666667,23.6333333333	41.4530555556,24.0391666667	41.5463888889,24.1216666667	41.545,24.1686111111	41.5802777778,24.2716666667	41.5233333333,24.3133333333
345	999	1504224000	1504231199	30	39.6541666667,21.6166666667	40.4311111111,20.7922222222	40.4397222222,20.8227777778	40.48,20.8436111111	40.4702777778,20.8733333333	40.4763888889,20.9066666667	40.4625,20.9266666667	40.4808333333,20.9558333333	40.4886111111,20.9688888889	40.5194444444,20.9688888889	40.5338888889,20.9991666667	40.5527777778,21.0058333333	40.5580555556,21.0422222222	40.6675,21.0572222222	40.7377777778,20.9833333333	40.7619444444,20.9813888889	40.7705555556,20.9552777778	40.7911111111,20.9833333333	40.8552777778,20.9805555556	40.855,21.1219444444	40.8755555556,21.3580555556	40.9233333333,21.4283333333	40.9344444444,21.695	40.9333333333,21.7833333333	41.0766666667,21.9166666667	40.4666666667,22.4166666667	40.1833333333,22.55	40.1333333333,22.6666666667	39.9111111111,22.9194444444	39.6541666667,21.6166666667
345	999	1504224000	1504231199	6	40.3797222222,23.4258333333	40.0516666667,23.7547222222	40.0083333333,23.4916666667	39.9111111111,22.9194444444	40.1833333333,23.3333333333	40.3797222222,23.4258333333
345	999	1504224000	1504231199	16	40.4666666667,22.4166666667	41.0766666667,21.9166666667	41.1333333333,22.0	41.1333333333,22.0333333333	41.1666666667,22.1833333333	41.175,22.2083333333	41.115,22.4352777778	41.1180555556,22.4822222222	41.1291666667,22.5166666667	41.1758333333,22.6177777778	40.3797222222,23.4258333333	40.1833333333,23.3333333333	39.9111111111,22.9194444444	40.1333333333,22.6666666667	40.1833333333,22.55	40.4666666667,22.4166666667
345	999	1504224000	1504231199	19	40.0083333333,23.4916666667	38.9730555556,24.5361111111	38.5394444444,24.4463888889	38.6155555556,24.3827777778	38.3,24.2905555556	38.2155555556,24.2661111111	38.1655555556,24.1827777778	38.1666666667,24.0333333333	38.1666666667,23.8333333333	38.1694444444,23.7355555556	38.1666666667,23.7166666667	38.1666666667,23.5	38.1666666667,23.4	38.1666666667,23.25	38.1655555556,23.1244444444	39.5788888889,21.6986111111	39.6541666667,21.6166666667	39.9111111111,22.9194444444	40.0083333333,23.4916666667
345	999	1504224000	1504231199	17	38.1655555556,24.1827777778	38.2155555556,24.2661111111	38.3,24.2905555556	38.6155555556,24.3827777778	38.5394444444,24.4463888889	38.1697222222,24.37	37.85,24.3	37.81,23.4566666667	38.1655555556,23.1244444444	38.1666666667,23.25	38.1666666667,23.4	38.1666666667,23.5	38.1666666667,23.7166666667	38.1694444444,23.7355555556	38.1666666667,23.8333333333	38.1666666667,24.0333333333	38.1655555556,24.1827777778
365	999	1504224000	1504231199	10	41.1758333333,22.6177777778	41.2472222222,22.7583333333	41.3294444444,22.7913888889	41.35,22.9833333333	41.3872222222,23.2819444444	40.5902777778,23.8813888889	40.5805555556,23.8794444444	40.4666666667,23.4666666667	40.3797222222,23.4258333333	41.1758333333,22.6177777778
365	999	1504224000	1504231199	26	40.0083333333,23.4916666667	40.0516666667,23.7547222222	40.1,25.5583333333	39.9044444444,25.6194444444	39.45,25.8833333333	39.3666666667,26.15	39.4333333333,26.3666666667	39.4166666667,26.4333333333	39.3322222222,26.4994444444	39.2827777778,26.5316666667	39.2641666667,26.5272222222	39.0,26.75	38.8833333333,26.6333333333	38.8333333333,26.4333333333	38.6,26.3166666667	38.4833333333,26.3	38.3488888889,26.1994444444	38.2452777778,26.1669444444	38.1516666667,25.7608333333	37.9716666667,24.8788888889	37.9988888889,24.8661111111	38.1655555556,24.7494444444	38.4291666667,24.5386111111	38.5394444444,24.4463888889	38.9730555556,24.5361111111	40.0083333333,23.4916666667
365	999	1504224000	1504231199	50	41.5233333333,24.3133333333	41.5455555556,24.4036111111	41.5336111111,24.4608333333	41.45,24.6	41.4208333333,24.7011111111	41.4133333333,24.8	41.4,24.8766666667	41.3661111111,25.0513888889	41.3461111111,25.0911111111	41.35,25.1205555556	41.2533333333,25.2405555556	41.2436111111,25.3333333333	41.2925,25.4836111111	41.2841666667,25.5363888889	41.3225,25.5716666667	41.3088888889,25.6283333333	41.3166666667,25.66	41.2963888889,25.7205555556	41.3222222222,25.7380555556	41.3502777778,25.835	41.31,25.8905555556	41.3333333333,26.0	41.3661111111,26.1352777778	41.4166666667,26.1666666667	41.7333333333,26.0666666667	41.7333333333,26.3	41.6333333333,26.55	41.3333333333,26.6	41.25,26.3166666667	41.0666666667,26.2916666667	40.95,26.3166666667	40.8822222222,26.2494444444	40.6666666667,25.9	40.5666666667,25.9	40.5,25.8833333333	40.3833333333,25.9166666667	40.1,25.5583333333	40.0516666667,23.7547222222	40.4688888889,23.6072222222	40.5133333333,23.85	40.5875,23.9047222222	40.5966666667,23.9677777778	40.6552777778,23.9191666667	41.3833333333,23.5083333333	41.3666666667,23.6333333333	41.4530555556,24.0391666667	41.5463888889,24.1216666667	41.545,24.1686111111	41.5802777778,24.2716666667	41.5233333333,24.3133333333
365	999	1504224000	1504231199	9	38.1655555556,24.7494444444	37.9988888889,24.8661111111	37.9716666667,24.8788888889	37.9352777778,24.6583333333	37.85,24.3	38.1697222222,24.37	38.5394444444,24.4463888889	38.4291666667,24.5386111111	38.1655555556,24.7494444444
365	999	1504224000	1504231199	8	40.5875,23.9047222222	40.5133333333,23.85	40.4688888889,23.6072222222	40.0516666667,23.7547222222	40.3797222222,23.4258333333	40.4666666667,23.4666666667	40.5805555556,23.8794444444	40.5875,23.9047222222
365	999	1504224000	1504231199	9	41.4027777778,23.4555555556	41.3833333333,23.5083333333	40.6552777778,23.9191666667	40.5966666667,23.9677777778	40.5875,23.9047222222	40.5805555556,23.8794444444	40.5902777778,23.8813888889	41.3872222222,23.2819444444	41.4027777778,23.4555555556
245	365	1504224000	1504231199	9	41.4027777778,23.4555555556	41.3833333333,23.5083333333	40.6552777778,23.9191666667	40.5966666667,23.9677777778	40.5875,23.9047222222	40.5805555556,23.8794444444	40.5902777778,23.8813888889	41.3872222222,23.2819444444	41.4027777778,23.4555555556
245	365	1504224000	1504231199	10	41.1758333333,22.6177777778	41.2472222222,22.7583333333	41.3294444444,22.7913888889	41.35,22.9833333333	41.3872222222,23.2819444444	40.5902777778,23.8813888889	40.5805555556,23.8794444444	40.4666666667,23.4666666667	40.3797222222,23.4258333333	41.1758333333,22.6177777778
245	365	1504224000	1504231199	9	38.1655555556,24.7494444444	37.9988888889,24.8661111111	37.9716666667,24.8788888889	37.9352777778,24.6583333333	37.85,24.3	38.1697222222,24.37	38.5394444444,24.4463888889	38.4291666667,24.5386111111	38.1655555556,24.7494444444
