10
0	345	1504250400	1504252799	30	39.6541666667,21.6166666667	40.4311111111,20.7922222222	40.4397222222,20.8227777778	40.48,20.8436111111	40.4702777778,20.8733333333	40.4763888889,20.9066666667	40.4625,20.9266666667	40.4808333333,20.9558333333	40.4886111111,20.9688888889	40.5194444444,20.9688888889	40.5338888889,20.9991666667	40.5527777778,21.0058333333	40.5580555556,21.0422222222	40.6675,21.0572222222	40.7377777778,20.9833333333	40.7619444444,20.9813888889	40.7705555556,20.9552777778	40.7911111111,20.9833333333	40.8552777778,20.9805555556	40.855,21.1219444444	40.8755555556,21.3580555556	40.9233333333,21.4283333333	40.9344444444,21.695	40.9333333333,21.7833333333	41.0766666667,21.9166666667	40.4666666667,22.4166666667	40.1833333333,22.55	40.1333333333,22.6666666667	39.9111111111,22.9194444444	39.6541666667,21.6166666667
0	345	1504250400	1504252799	6	40.3797222222,23.4258333333	40.0516666667,23.7547222222	40.0083333333,23.4916666667	39.9111111111,22.9194444444	40.1833333333,23.3333333333	40.3797222222,23.4258333333
0	345	1504250400	1504252799	19	40.0083333333,23.4916666667	38.9730555556,24.5361111111	38.5394444444,24.4463888889	38.6155555556,24.3827777778	38.3,24.2905555556	38.2155555556,24.2661111111	38.1655555556,24.1827777778	38.1666666667,24.0333333333	38.1666666667,23.8333333333	38.1694444444,23.7355555556	38.1666666667,23.7166666667	38.1666666667,23.5	38.1666666667,23.4	38.1666666667,23.25	38.1655555556,23.1244444444	39.5788888889,21.6986111111	39.6541666667,21.6166666667	39.9111111111,22.9194444444	40.0083333333,23.4916666667
245	345	1504250400	1504252799	16	40.4666666667,22.4166666667	41.0766666667,21.9166666667	41.1333333333,22.0	41.1333333333,22.0333333333	41.1666666667,22.1833333333	41.175,22.2083333333	41.115,22.4352777778	41.1180555556,22.4822222222	41.1291666667,22.5166666667	41.1758333333,22.6177777778	40.3797222222,23.4258333333	40.1833333333,23.3333333333	39.9111111111,22.9194444444	40.1333333333,22.6666666667	40.1833333333,22.55	40.4666666667,22.4166666667
245	345	1504250400	1504252799	17	38.1655555556,24.1827777778	38.2155555556,24.2661111111	38.3,24.2905555556	38.6155555556,24.3827777778	38.5394444444,24.4463888889	38.1697222222,24.37	37.85,24.3	37.81,23.4566666667	38.1655555556,23.1244444444	38.1666666667,23.25	38.1666666667,23.4	38.1666666667,23.5	38.1666666667,23.7166666667	38.1694444444,23.7355555556	38.1666666667,23.8333333333	38.1666666667,24.0333333333	38.1655555556,24.1827777778
345	999	1504250400	1504252799	30	39.6541666667,21.6166666667	40.4311111111,20.7922222222	40.4397222222,20.8227777778	40.48,20.8436111111	40.4702777778,20.8733333333	40.4763888889,20.9066666667	40.4625,20.9266666667	40.4808333333,20.9558333333	40.4886111111,20.9688888889	40.5194444444,20.9688888889	40.5338888889,20.9991666667	40.5527777778,21.0058333333	40.5580555556,21.0422222222	40.6675,21.0572222222	40.7377777778,20.9833333333	40.7619444444,20.9813888889	40.7705555556,20.9552777778	40.7911111111,20.9833333333	40.8552777778,20.9805555556	40.855,21.1219444444	40.8755555556,21.3580555556	40.9233333333,21.4283333333	40.9344444444,21.695	40.9333333333,21.7833333333	41.0766666667,21.9166666667	40.4666666667,22.4166666667	40.1833333333,22.55	40.1333333333,22.6666666667	39.9111111111,22.9194444444	39.6541666667,21.6166666667
345	999	1504250400	1504252799	6	40.3797222222,23.4258333333	40.0516666667,23.7547222222	40.0083333333,23.4916666667	39.9111111111,22.9194444444	40.1833333333,23.3333333333	40.3797222222,23.4258333333
345	999	1504250400	1504252799	16	40.4666666667,22.4166666667	41.0766666667,21.9166666667	41.1333333333,22.0	41.1333333333,22.0333333333	41.1666666667,22.1833333333	41.175,22.2083333333	41.115,22.4352777778	41.1180555556,22.4822222222	41.1291666667,22.5166666667	41.1758333333,22.6177777778	40.3797222222,23.4258333333	40.1833333333,23.3333333333	39.9111111111,22.9194444444	40.1333333333,22.6666666667	40.1833333333,22.55	40.4666666667,22.4166666667
345	999	1504250400	1504252799	19	40.0083333333,23.4916666667	38.9730555556,24.5361111111	38.5394444444,24.4463888889	38.6155555556,24.3827777778	38.3,24.2905555556	38.2155555556,24.2661111111	38.1655555556,24.1827777778	38.1666666667,24.0333333333	38.1666666667,23.8333333333	38.1694444444,23.7355555556	38.1666666667,23.7166666667	38.1666666667,23.5	38.1666666667,23.4	38.1666666667,23.25	38.1655555556,23.1244444444	39.5788888889,21.6986111111	39.6541666667,21.6166666667	39.9111111111,22.9194444444	40.0083333333,23.4916666667
345	999	1504250400	1504252799	17	38.1655555556,24.1827777778	38.2155555556,24.2661111111	38.3,24.2905555556	38.6155555556,24.3827777778	38.5394444444,24.4463888889	38.1697222222,24.37	37.85,24.3	37.81,23.4566666667	38.1655555556,23.1244444444	38.1666666667,23.25	38.1666666667,23.4	38.1666666667,23.5	38.1666666667,23.7166666667	38.1694444444,23.7355555556	38.1666666667,23.8333333333	38.1666666667,24.0333333333	38.1655555556,24.1827777778
