145
285	305	1504224000	1504234799	9	41.8841666667,18.48	41.8655555556,18.59	41.7375,18.6222222222	41.715,18.6283333333	41.4325,18.2722222222	41.4425,18.2216666667	41.495,18.3394444444	41.7408333333,18.4280555556	41.8841666667,18.48
285	305	1504224000	1504234799	7	40.4416666667,17.6405555556	40.4333333333,17.6666666667	40.2891666667,17.5369444444	40.2866666667,17.3572222222	40.4427777778,17.2572222222	40.45,17.6	40.4416666667,17.6405555556
285	305	1504224000	1504234799	6	41.6286111111,16.0683333333	41.3308333333,16.5202777778	41.2166666667,16.3652777778	41.1833333333,16.3	41.2063888889,16.0963888889	41.6286111111,16.0683333333
285	305	1504224000	1504234799	12	40.6833333333,16.5833333333	40.6058333333,17.1880555556	40.6,17.2333333333	40.5166666667,17.1666666667	40.5169444444,17.1147222222	40.5166666667,17.0969444444	40.5166666667,16.5747222222	40.5166666667,16.5	40.5166666667,16.3833333333	40.6427777778,16.4394444444	40.6666666667,16.45	40.6833333333,16.5833333333
285	305	1504224000	1504234799	15	41.1261111111,17.3502777778	41.2333333333,17.3719444444	41.3416666667,17.3333333333	41.2013888889,17.6688888889	41.0325,18.1511111111	40.7908333333,18.0905555556	40.9166666667,17.9166666667	40.95,17.75	40.8472222222,17.5819444444	40.7230555556,17.5811111111	40.4722222222,17.7241666667	40.7530555556,17.3366666667	41.0488888889,16.8944444444	41.0833333333,17.0972222222	41.1261111111,17.3502777778
285	305	1504224000	1504234799	65	41.0683333333,16.1022222222	41.1833333333,16.3	41.1183333333,16.2222222222	41.0666666667,16.2166666667	41.0,16.2027777778	40.9166666667,16.2222222222	40.8833333333,16.3333333333	40.8666666667,16.4166666667	40.8722222222,16.25	40.7913888889,16.2805555556	40.5166666667,16.3833333333	40.5166666667,16.5	40.5166666667,16.5747222222	40.5166666667,17.0969444444	40.5169444444,17.1147222222	40.5166666667,17.1666666667	40.6,17.2333333333	40.7208333333,17.3058333333	40.7530555556,17.3366666667	40.4722222222,17.7241666667	40.4313888889,17.7819444444	40.4333333333,17.6833333333	40.4333333333,17.6666666667	40.4416666667,17.6405555556	40.45,17.6	40.6122222222,17.4394444444	40.6091666667,17.2469444444	40.5613888889,17.2122222222	40.5044444444,17.2177777778	40.4427777778,17.2572222222	40.4333333333,17.1833333333	40.2833333333,17.1833333333	40.0719444444,17.1813888889	40.1538888889,17.5866666667	40.1236111111,17.5919444444	39.8333333333,17.65	39.6666666667,17.8666666667	39.6666666667,18.6666666667	39.7758333333,18.6905555556	39.5569444444,18.9969444444	39.3936111111,19.0	39.2933333333,19.0	38.8833333333,19.0	38.7530555556,17.5163888889	39.1925,17.4794444444	39.1708333333,17.2766666667	39.2,17.1666666667	39.1794444444,16.9891666667	39.1483333333,16.7263888889	39.1108333333,16.7333333333	39.075,16.4191666667	39.2333333333,16.25	39.615,16.0391666667	39.7763888889,15.9441666667	40.1333333333,15.7402777778	40.2716666667,15.6616666667	40.3444444444,15.6186111111	40.6044444444,15.4691666667	40.6905555556,15.4172222222	40.8816666667,15.305	41.0075,15.2333333333	40.9333333333,15.6833333333	41.0972222222,15.7311111111	41.05,16.0666666667	41.0683333333,16.1022222222
285	305	1504224000	1504234799	5	40.4333333333,17.8833333333	40.3944444444,18.0116666667	40.3380555556,17.9136111111	40.4313888889,17.7819444444	40.4333333333,17.8833333333
285	305	1504224000	1504234799	5	41.95,15.8252777778	41.9166666667,15.875	41.8333333333,15.8138888889	41.8888888889,15.7333333333	41.95,15.8252777778
285	305	1504224000	1504234799	7	40.6122222222,17.4394444444	40.45,17.6	40.4427777778,17.2572222222	40.5044444444,17.2177777778	40.5613888889,17.2122222222	40.6091666667,17.2469444444	40.6122222222,17.4394444444
285	305	1504224000	1504234799	11	39.1708333333,17.2766666667	39.1925,17.4794444444	38.7530555556,17.5163888889	38.7036111111,17.3855555556	38.6588888889,17.2683333333	39.075,16.4191666667	39.1108333333,16.7333333333	39.1483333333,16.7263888889	39.1794444444,16.9891666667	39.2,17.1666666667	39.1708333333,17.2766666667
285	305	1504224000	1504234799	47	42.3472222222,16.3538888889	41.9283333333,17.2483333333	41.8833333333,17.3166666667	41.7533333333,17.6163888889	41.5027777778,18.1291666667	41.4425,18.2216666667	41.4325,18.2722222222	41.2911111111,18.5561111111	41.1333333333,18.8666666667	40.8916666667,18.9516666667	40.75,19.0	40.5983333333,19.0	40.4166666667,19.0	40.35,19.0	40.2447222222,19.0	40.0566666667,19.0	39.9333333333,19.0	39.8166666667,19.0	39.5569444444,18.9969444444	39.7758333333,18.6905555556	40.0,18.7333333333	40.25,18.45	40.4019444444,18.2763888889	40.3794444444,18.1419444444	40.45,18.3472222222	40.5416666667,18.3666666667	40.65,18.2833333333	40.7908333333,18.0905555556	41.0325,18.1511111111	41.2013888889,17.6688888889	41.3416666667,17.3333333333	41.4166666667,17.2666666667	41.4377777778,17.2333333333	41.4833333333,17.1666666667	41.5416666667,17.0833333333	41.5833333333,17.0	41.6083333333,16.9166666667	41.5833333333,16.8083333333	41.4666666667,16.6666666667	41.4166666667,16.5833333333	41.3308333333,16.5202777778	41.6286111111,16.0683333333	41.7819444444,16.0555555556	41.9166666667,15.875	42.2666666667,16.1166666667	42.3311111111,16.1730555556	42.3472222222,16.3538888889
285	305	1504224000	1504234799	54	43.4163888889,14.6341666667	43.3116666667,14.7977777778	43.1119444444,15.1130555556	42.9988888889,15.2905555556	42.8855555556,15.4663888889	42.8480555556,15.5247222222	42.7038888889,15.7483333333	42.6555555556,15.8236111111	42.5816666667,15.9361111111	42.5077777778,16.0488888889	42.4677777778,16.1236111111	42.3797222222,16.095	42.3311111111,16.1730555556	42.2666666667,16.1166666667	41.9166666667,15.875	41.95,15.8252777778	41.8888888889,15.7333333333	42.1111111111,14.7083333333	42.0125,14.6630555556	41.9441666667,14.6316666667	41.7833333333,14.5583333333	41.4916666667,14.5888888889	41.3708333333,15.025	41.2666666667,14.8833333333	41.3066666667,14.8069444444	41.3952777778,14.5461111111	41.45,14.3833333333	41.8144444444,14.0669444444	42.1663888889,13.7575	42.3333333333,14.75	42.5833333333,14.75	42.8333333333,14.4166666667	42.9319444444,14.2733333333	42.8508333333,13.8052777778	42.6980555556,13.8994444444	42.6069444444,13.7811111111	42.4863888889,13.9511111111	42.4469444444,13.9333333333	42.3419444444,13.6016666667	42.3488888889,13.5955555556	42.4188888889,13.5330555556	42.5175,13.4444444444	42.5319444444,13.4313888889	42.6033333333,13.365	42.8775,13.1191666667	42.9472222222,13.1922222222	43.0155555556,13.2619444444	43.055,13.3033333333	43.0797222222,13.3286111111	43.1425,13.4580555556	43.2508333333,13.6822222222	43.16,14.1491666667	43.3416666667,14.4919444444	43.4163888889,14.6341666667
285	305	1504224000	1504234799	17	40.8722222222,16.25	40.8666666667,16.4166666667	40.8722222222,16.5638888889	40.9583333333,16.6166666667	40.9866666667,16.6277777778	41.0333333333,16.8	41.0488888889,16.8944444444	40.7530555556,17.3366666667	40.7208333333,17.3058333333	40.6,17.2333333333	40.6058333333,17.1880555556	40.6833333333,16.5833333333	40.6666666667,16.45	40.6427777778,16.4394444444	40.5166666667,16.3833333333	40.7913888889,16.2805555556	40.8722222222,16.25
285	305	1504224000	1504234799	5	40.9583333333,16.6166666667	40.8722222222,16.5638888889	40.8666666667,16.4166666667	40.8833333333,16.5	40.9583333333,16.6166666667
285	305	1504224000	1504234799	6	41.9166666667,15.875	41.7819444444,16.0555555556	41.6286111111,16.0683333333	41.6833333333,16.0	41.8333333333,15.8138888889	41.9166666667,15.875
285	305	1504224000	1504234799	15	41.3111111111,15.3208333333	41.2983333333,15.3894444444	41.3630555556,15.4741666667	41.2730555556,15.5947222222	41.2152777778,16.0527777778	41.2063888889,16.0963888889	41.1833333333,16.3	41.0683333333,16.1022222222	41.05,16.0666666667	41.0972222222,15.7311111111	40.9333333333,15.6833333333	41.0075,15.2333333333	41.1077777778,15.1713888889	41.2,15.1166666667	41.3111111111,15.3208333333
285	305	1504224000	1504234799	18	40.4333333333,17.1833333333	40.4427777778,17.2572222222	40.2866666667,17.3572222222	40.2891666667,17.5369444444	40.4333333333,17.6666666667	40.4333333333,17.6833333333	40.4313888889,17.7819444444	40.3380555556,17.9136111111	40.2344444444,18.0569444444	39.7758333333,18.6905555556	39.6666666667,18.6666666667	39.6666666667,17.8666666667	39.8333333333,17.65	40.1236111111,17.5919444444	40.1538888889,17.5866666667	40.0719444444,17.1813888889	40.2833333333,17.1833333333	40.4333333333,17.1833333333
285	305	1504224000	1504234799	16	41.3308333333,16.5202777778	41.4166666667,16.5833333333	41.4666666667,16.6666666667	41.5833333333,16.8083333333	41.6083333333,16.9166666667	41.5833333333,17.0	41.5416666667,17.0833333333	41.4833333333,17.1666666667	41.4377777778,17.2333333333	41.4166666667,17.2666666667	41.3416666667,17.3333333333	41.2333333333,17.3719444444	41.1261111111,17.3502777778	41.0833333333,17.0972222222	41.0488888889,16.8944444444	41.3308333333,16.5202777778
285	305	1504224000	1504234799	8	40.3944444444,18.0116666667	40.3052777778,18.2852777778	40.25,18.45	40.0,18.7333333333	39.7758333333,18.6905555556	40.2344444444,18.0569444444	40.3380555556,17.9136111111	40.3944444444,18.0116666667
285	305	1504224000	1504234799	9	41.9327777778,18.1944444444	41.8841666667,18.48	41.7408333333,18.4280555556	41.495,18.3394444444	41.4425,18.2216666667	41.5027777778,18.1291666667	41.7533333333,17.6163888889	41.9186111111,17.7586111111	41.9327777778,18.1944444444
285	305	1504224000	1504234799	15	41.3308333333,16.5202777778	41.0488888889,16.8944444444	41.0333333333,16.8	40.9866666667,16.6277777778	40.9583333333,16.6166666667	40.8833333333,16.5	40.8666666667,16.4166666667	40.8833333333,16.3333333333	40.9166666667,16.2222222222	41.0,16.2027777778	41.0666666667,16.2166666667	41.1183333333,16.2222222222	41.1833333333,16.3	41.2166666667,16.3652777778	41.3308333333,16.5202777778
285	305	1504224000	1504234799	14	42.1111111111,14.7083333333	41.8888888889,15.7333333333	41.8333333333,15.8138888889	41.4647222222,15.5602777778	41.4294444444,15.5313888889	41.3111111111,15.3208333333	41.3191666667,15.2180555556	41.3333333333,15.1666666667	41.3708333333,15.025	41.4916666667,14.5888888889	41.7833333333,14.5583333333	41.9441666667,14.6316666667	42.0125,14.6630555556	42.1111111111,14.7083333333
285	305	1504224000	1504234799	12	41.8333333333,15.8138888889	41.6833333333,16.0	41.6286111111,16.0683333333	41.2063888889,16.0963888889	41.2152777778,16.0527777778	41.2730555556,15.5947222222	41.3630555556,15.4741666667	41.2983333333,15.3894444444	41.3111111111,15.3208333333	41.4294444444,15.5313888889	41.4647222222,15.5602777778	41.8333333333,15.8138888889
285	305	1504224000	1504234799	7	41.3708333333,15.025	41.3333333333,15.1666666667	41.3191666667,15.2180555556	41.3111111111,15.3208333333	41.2,15.1166666667	41.2666666667,14.8833333333	41.3708333333,15.025
285	305	1504224000	1504234799	14	40.95,17.75	40.9166666667,17.9166666667	40.7908333333,18.0905555556	40.65,18.2833333333	40.5416666667,18.3666666667	40.45,18.3472222222	40.3794444444,18.1419444444	40.3833333333,18.0988888889	40.4333333333,17.8833333333	40.4313888889,17.7819444444	40.4722222222,17.7241666667	40.7230555556,17.5811111111	40.8472222222,17.5819444444	40.95,17.75
285	305	1504224000	1504234799	9	42.4863888889,13.9511111111	42.6069444444,13.7811111111	42.6980555556,13.8994444444	42.8508333333,13.8052777778	42.9319444444,14.2733333333	42.8333333333,14.4166666667	42.75,14.2425	42.6666666667,14.0333333333	42.4863888889,13.9511111111
285	305	1504224000	1504234799	8	40.25,18.45	40.3052777778,18.2852777778	40.3944444444,18.0116666667	40.4333333333,17.8833333333	40.3833333333,18.0988888889	40.3794444444,18.1419444444	40.4019444444,18.2763888889	40.25,18.45
285	305	1504224000	1504234799	11	42.8333333333,14.4166666667	42.5833333333,14.75	42.3333333333,14.75	42.1663888889,13.7575	42.1888888889,13.7375	42.3419444444,13.6016666667	42.4469444444,13.9333333333	42.4863888889,13.9511111111	42.6666666667,14.0333333333	42.75,14.2425	42.8333333333,14.4166666667
285	305	1504224000	1504234799	10	38.8833333333,19.0	38.7241666667,19.0	38.5183333333,19.0	38.3422222222,19.0	38.3425,18.4463888889	38.5930555556,17.5183333333	38.6588888889,17.2683333333	38.7036111111,17.3855555556	38.7530555556,17.5163888889	38.8833333333,19.0
335	365	1504224000	1504234799	9	41.8841666667,18.48	41.8655555556,18.59	41.7375,18.6222222222	41.715,18.6283333333	41.4325,18.2722222222	41.4425,18.2216666667	41.495,18.3394444444	41.7408333333,18.4280555556	41.8841666667,18.48
335	365	1504224000	1504234799	7	40.4416666667,17.6405555556	40.4333333333,17.6666666667	40.2891666667,17.5369444444	40.2866666667,17.3572222222	40.4427777778,17.2572222222	40.45,17.6	40.4416666667,17.6405555556
335	365	1504224000	1504234799	6	41.6286111111,16.0683333333	41.3308333333,16.5202777778	41.2166666667,16.3652777778	41.1833333333,16.3	41.2063888889,16.0963888889	41.6286111111,16.0683333333
335	365	1504224000	1504234799	12	40.6833333333,16.5833333333	40.6058333333,17.1880555556	40.6,17.2333333333	40.5166666667,17.1666666667	40.5169444444,17.1147222222	40.5166666667,17.0969444444	40.5166666667,16.5747222222	40.5166666667,16.5	40.5166666667,16.3833333333	40.6427777778,16.4394444444	40.6666666667,16.45	40.6833333333,16.5833333333
335	365	1504224000	1504234799	15	41.1261111111,17.3502777778	41.2333333333,17.3719444444	41.3416666667,17.3333333333	41.2013888889,17.6688888889	41.0325,18.1511111111	40.7908333333,18.0905555556	40.9166666667,17.9166666667	40.95,17.75	40.8472222222,17.5819444444	40.7230555556,17.5811111111	40.4722222222,17.7241666667	40.7530555556,17.3366666667	41.0488888889,16.8944444444	41.0833333333,17.0972222222	41.1261111111,17.3502777778
335	365	1504224000	1504234799	65	41.0683333333,16.1022222222	41.1833333333,16.3	41.1183333333,16.2222222222	41.0666666667,16.2166666667	41.0,16.2027777778	40.9166666667,16.2222222222	40.8833333333,16.3333333333	40.8666666667,16.4166666667	40.8722222222,16.25	40.7913888889,16.2805555556	40.5166666667,16.3833333333	40.5166666667,16.5	40.5166666667,16.5747222222	40.5166666667,17.0969444444	40.5169444444,17.1147222222	40.5166666667,17.1666666667	40.6,17.2333333333	40.7208333333,17.3058333333	40.7530555556,17.3366666667	40.4722222222,17.7241666667	40.4313888889,17.7819444444	40.4333333333,17.6833333333	40.4333333333,17.6666666667	40.4416666667,17.6405555556	40.45,17.6	40.6122222222,17.4394444444	40.6091666667,17.2469444444	40.5613888889,17.2122222222	40.5044444444,17.2177777778	40.4427777778,17.2572222222	40.4333333333,17.1833333333	40.2833333333,17.1833333333	40.0719444444,17.1813888889	40.1538888889,17.5866666667	40.1236111111,17.5919444444	39.8333333333,17.65	39.6666666667,17.8666666667	39.6666666667,18.6666666667	39.7758333333,18.6905555556	39.5569444444,18.9969444444	39.3936111111,19.0	39.2933333333,19.0	38.8833333333,19.0	38.7530555556,17.5163888889	39.1925,17.4794444444	39.1708333333,17.2766666667	39.2,17.1666666667	39.1794444444,16.9891666667	39.1483333333,16.7263888889	39.1108333333,16.7333333333	39.075,16.4191666667	39.2333333333,16.25	39.615,16.0391666667	39.7763888889,15.9441666667	40.1333333333,15.7402777778	40.2716666667,15.6616666667	40.3444444444,15.6186111111	40.6044444444,15.4691666667	40.6905555556,15.4172222222	40.8816666667,15.305	41.0075,15.2333333333	40.9333333333,15.6833333333	41.0972222222,15.7311111111	41.05,16.0666666667	41.0683333333,16.1022222222
335	365	1504224000	1504234799	5	40.4333333333,17.8833333333	40.3944444444,18.0116666667	40.3380555556,17.9136111111	40.4313888889,17.7819444444	40.4333333333,17.8833333333
335	365	1504224000	1504234799	5	41.95,15.8252777778	41.9166666667,15.875	41.8333333333,15.8138888889	41.8888888889,15.7333333333	41.95,15.8252777778
335	365	1504224000	1504234799	7	40.6122222222,17.4394444444	40.45,17.6	40.4427777778,17.2572222222	40.5044444444,17.2177777778	40.5613888889,17.2122222222	40.6091666667,17.2469444444	40.6122222222,17.4394444444
335	365	1504224000	1504234799	11	39.1708333333,17.2766666667	39.1925,17.4794444444	38.7530555556,17.5163888889	38.7036111111,17.3855555556	38.6588888889,17.2683333333	39.075,16.4191666667	39.1108333333,16.7333333333	39.1483333333,16.7263888889	39.1794444444,16.9891666667	39.2,17.1666666667	39.1708333333,17.2766666667
335	365	1504224000	1504234799	47	42.3472222222,16.3538888889	41.9283333333,17.2483333333	41.8833333333,17.3166666667	41.7533333333,17.6163888889	41.5027777778,18.1291666667	41.4425,18.2216666667	41.4325,18.2722222222	41.2911111111,18.5561111111	41.1333333333,18.8666666667	40.8916666667,18.9516666667	40.75,19.0	40.5983333333,19.0	40.4166666667,19.0	40.35,19.0	40.2447222222,19.0	40.0566666667,19.0	39.9333333333,19.0	39.8166666667,19.0	39.5569444444,18.9969444444	39.7758333333,18.6905555556	40.0,18.7333333333	40.25,18.45	40.4019444444,18.2763888889	40.3794444444,18.1419444444	40.45,18.3472222222	40.5416666667,18.3666666667	40.65,18.2833333333	40.7908333333,18.0905555556	41.0325,18.1511111111	41.2013888889,17.6688888889	41.3416666667,17.3333333333	41.4166666667,17.2666666667	41.4377777778,17.2333333333	41.4833333333,17.1666666667	41.5416666667,17.0833333333	41.5833333333,17.0	41.6083333333,16.9166666667	41.5833333333,16.8083333333	41.4666666667,16.6666666667	41.4166666667,16.5833333333	41.3308333333,16.5202777778	41.6286111111,16.0683333333	41.7819444444,16.0555555556	41.9166666667,15.875	42.2666666667,16.1166666667	42.3311111111,16.1730555556	42.3472222222,16.3538888889
335	365	1504224000	1504234799	54	43.4163888889,14.6341666667	43.3116666667,14.7977777778	43.1119444444,15.1130555556	42.9988888889,15.2905555556	42.8855555556,15.4663888889	42.8480555556,15.5247222222	42.7038888889,15.7483333333	42.6555555556,15.8236111111	42.5816666667,15.9361111111	42.5077777778,16.0488888889	42.4677777778,16.1236111111	42.3797222222,16.095	42.3311111111,16.1730555556	42.2666666667,16.1166666667	41.9166666667,15.875	41.95,15.8252777778	41.8888888889,15.7333333333	42.1111111111,14.7083333333	42.0125,14.6630555556	41.9441666667,14.6316666667	41.7833333333,14.5583333333	41.4916666667,14.5888888889	41.3708333333,15.025	41.2666666667,14.8833333333	41.3066666667,14.8069444444	41.3952777778,14.5461111111	41.45,14.3833333333	41.8144444444,14.0669444444	42.1663888889,13.7575	42.3333333333,14.75	42.5833333333,14.75	42.8333333333,14.4166666667	42.9319444444,14.2733333333	42.8508333333,13.8052777778	42.6980555556,13.8994444444	42.6069444444,13.7811111111	42.4863888889,13.9511111111	42.4469444444,13.9333333333	42.3419444444,13.6016666667	42.3488888889,13.5955555556	42.4188888889,13.5330555556	42.5175,13.4444444444	42.5319444444,13.4313888889	42.6033333333,13.365	42.8775,13.1191666667	42.9472222222,13.1922222222	43.0155555556,13.2619444444	43.055,13.3033333333	43.0797222222,13.3286111111	43.1425,13.4580555556	43.2508333333,13.6822222222	43.16,14.1491666667	43.3416666667,14.4919444444	43.4163888889,14.6341666667
335	365	1504224000	1504234799	17	40.8722222222,16.25	40.8666666667,16.4166666667	40.8722222222,16.5638888889	40.9583333333,16.6166666667	40.9866666667,16.6277777778	41.0333333333,16.8	41.0488888889,16.8944444444	40.7530555556,17.3366666667	40.7208333333,17.3058333333	40.6,17.2333333333	40.6058333333,17.1880555556	40.6833333333,16.5833333333	40.6666666667,16.45	40.6427777778,16.4394444444	40.5166666667,16.3833333333	40.7913888889,16.2805555556	40.8722222222,16.25
335	365	1504224000	1504234799	5	40.9583333333,16.6166666667	40.8722222222,16.5638888889	40.8666666667,16.4166666667	40.8833333333,16.5	40.9583333333,16.6166666667
335	365	1504224000	1504234799	6	41.9166666667,15.875	41.7819444444,16.0555555556	41.6286111111,16.0683333333	41.6833333333,16.0	41.8333333333,15.8138888889	41.9166666667,15.875
335	365	1504224000	1504234799	15	41.3111111111,15.3208333333	41.2983333333,15.3894444444	41.3630555556,15.4741666667	41.2730555556,15.5947222222	41.2152777778,16.0527777778	41.2063888889,16.0963888889	41.1833333333,16.3	41.0683333333,16.1022222222	41.05,16.0666666667	41.0972222222,15.7311111111	40.9333333333,15.6833333333	41.0075,15.2333333333	41.1077777778,15.1713888889	41.2,15.1166666667	41.3111111111,15.3208333333
335	365	1504224000	1504234799	18	40.4333333333,17.1833333333	40.4427777778,17.2572222222	40.2866666667,17.3572222222	40.2891666667,17.5369444444	40.4333333333,17.6666666667	40.4333333333,17.6833333333	40.4313888889,17.7819444444	40.3380555556,17.9136111111	40.2344444444,18.0569444444	39.7758333333,18.6905555556	39.6666666667,18.6666666667	39.6666666667,17.8666666667	39.8333333333,17.65	40.1236111111,17.5919444444	40.1538888889,17.5866666667	40.0719444444,17.1813888889	40.2833333333,17.1833333333	40.4333333333,17.1833333333
335	365	1504224000	1504234799	16	41.3308333333,16.5202777778	41.4166666667,16.5833333333	41.4666666667,16.6666666667	41.5833333333,16.8083333333	41.6083333333,16.9166666667	41.5833333333,17.0	41.5416666667,17.0833333333	41.4833333333,17.1666666667	41.4377777778,17.2333333333	41.4166666667,17.2666666667	41.3416666667,17.3333333333	41.2333333333,17.3719444444	41.1261111111,17.3502777778	41.0833333333,17.0972222222	41.0488888889,16.8944444444	41.3308333333,16.5202777778
335	365	1504224000	1504234799	8	40.3944444444,18.0116666667	40.3052777778,18.2852777778	40.25,18.45	40.0,18.7333333333	39.7758333333,18.6905555556	40.2344444444,18.0569444444	40.3380555556,17.9136111111	40.3944444444,18.0116666667
335	365	1504224000	1504234799	9	41.9327777778,18.1944444444	41.8841666667,18.48	41.7408333333,18.4280555556	41.495,18.3394444444	41.4425,18.2216666667	41.5027777778,18.1291666667	41.7533333333,17.6163888889	41.9186111111,17.7586111111	41.9327777778,18.1944444444
335	365	1504224000	1504234799	15	41.3308333333,16.5202777778	41.0488888889,16.8944444444	41.0333333333,16.8	40.9866666667,16.6277777778	40.9583333333,16.6166666667	40.8833333333,16.5	40.8666666667,16.4166666667	40.8833333333,16.3333333333	40.9166666667,16.2222222222	41.0,16.2027777778	41.0666666667,16.2166666667	41.1183333333,16.2222222222	41.1833333333,16.3	41.2166666667,16.3652777778	41.3308333333,16.5202777778
335	365	1504224000	1504234799	14	42.1111111111,14.7083333333	41.8888888889,15.7333333333	41.8333333333,15.8138888889	41.4647222222,15.5602777778	41.4294444444,15.5313888889	41.3111111111,15.3208333333	41.3191666667,15.2180555556	41.3333333333,15.1666666667	41.3708333333,15.025	41.4916666667,14.5888888889	41.7833333333,14.5583333333	41.9441666667,14.6316666667	42.0125,14.6630555556	42.1111111111,14.7083333333
335	365	1504224000	1504234799	12	41.8333333333,15.8138888889	41.6833333333,16.0	41.6286111111,16.0683333333	41.2063888889,16.0963888889	41.2152777778,16.0527777778	41.2730555556,15.5947222222	41.3630555556,15.4741666667	41.2983333333,15.3894444444	41.3111111111,15.3208333333	41.4294444444,15.5313888889	41.4647222222,15.5602777778	41.8333333333,15.8138888889
335	365	1504224000	1504234799	7	41.3708333333,15.025	41.3333333333,15.1666666667	41.3191666667,15.2180555556	41.3111111111,15.3208333333	41.2,15.1166666667	41.2666666667,14.8833333333	41.3708333333,15.025
335	365	1504224000	1504234799	14	40.95,17.75	40.9166666667,17.9166666667	40.7908333333,18.0905555556	40.65,18.2833333333	40.5416666667,18.3666666667	40.45,18.3472222222	40.3794444444,18.1419444444	40.3833333333,18.0988888889	40.4333333333,17.8833333333	40.4313888889,17.7819444444	40.4722222222,17.7241666667	40.7230555556,17.5811111111	40.8472222222,17.5819444444	40.95,17.75
335	365	1504224000	1504234799	9	42.4863888889,13.9511111111	42.6069444444,13.7811111111	42.6980555556,13.8994444444	42.8508333333,13.8052777778	42.9319444444,14.2733333333	42.8333333333,14.4166666667	42.75,14.2425	42.6666666667,14.0333333333	42.4863888889,13.9511111111
335	365	1504224000	1504234799	8	40.25,18.45	40.3052777778,18.2852777778	40.3944444444,18.0116666667	40.4333333333,17.8833333333	40.3833333333,18.0988888889	40.3794444444,18.1419444444	40.4019444444,18.2763888889	40.25,18.45
335	365	1504224000	1504234799	11	42.8333333333,14.4166666667	42.5833333333,14.75	42.3333333333,14.75	42.1663888889,13.7575	42.1888888889,13.7375	42.3419444444,13.6016666667	42.4469444444,13.9333333333	42.4863888889,13.9511111111	42.6666666667,14.0333333333	42.75,14.2425	42.8333333333,14.4166666667
335	365	1504224000	1504234799	10	38.8833333333,19.0	38.7241666667,19.0	38.5183333333,19.0	38.3422222222,19.0	38.3425,18.4463888889	38.5930555556,17.5183333333	38.6588888889,17.2683333333	38.7036111111,17.3855555556	38.7530555556,17.5163888889	38.8833333333,19.0
365	999	1504224000	1504234799	9	41.8841666667,18.48	41.8655555556,18.59	41.7375,18.6222222222	41.715,18.6283333333	41.4325,18.2722222222	41.4425,18.2216666667	41.495,18.3394444444	41.7408333333,18.4280555556	41.8841666667,18.48
365	999	1504224000	1504234799	7	40.4416666667,17.6405555556	40.4333333333,17.6666666667	40.2891666667,17.5369444444	40.2866666667,17.3572222222	40.4427777778,17.2572222222	40.45,17.6	40.4416666667,17.6405555556
365	999	1504224000	1504234799	6	41.6286111111,16.0683333333	41.3308333333,16.5202777778	41.2166666667,16.3652777778	41.1833333333,16.3	41.2063888889,16.0963888889	41.6286111111,16.0683333333
365	999	1504224000	1504234799	12	40.6833333333,16.5833333333	40.6058333333,17.1880555556	40.6,17.2333333333	40.5166666667,17.1666666667	40.5169444444,17.1147222222	40.5166666667,17.0969444444	40.5166666667,16.5747222222	40.5166666667,16.5	40.5166666667,16.3833333333	40.6427777778,16.4394444444	40.6666666667,16.45	40.6833333333,16.5833333333
365	999	1504224000	1504234799	15	41.1261111111,17.3502777778	41.2333333333,17.3719444444	41.3416666667,17.3333333333	41.2013888889,17.6688888889	41.0325,18.1511111111	40.7908333333,18.0905555556	40.9166666667,17.9166666667	40.95,17.75	40.8472222222,17.5819444444	40.7230555556,17.5811111111	40.4722222222,17.7241666667	40.7530555556,17.3366666667	41.0488888889,16.8944444444	41.0833333333,17.0972222222	41.1261111111,17.3502777778
365	999	1504224000	1504234799	65	41.0683333333,16.1022222222	41.1833333333,16.3	41.1183333333,16.2222222222	41.0666666667,16.2166666667	41.0,16.2027777778	40.9166666667,16.2222222222	40.8833333333,16.3333333333	40.8666666667,16.4166666667	40.8722222222,16.25	40.7913888889,16.2805555556	40.5166666667,16.3833333333	40.5166666667,16.5	40.5166666667,16.5747222222	40.5166666667,17.0969444444	40.5169444444,17.1147222222	40.5166666667,17.1666666667	40.6,17.2333333333	40.7208333333,17.3058333333	40.7530555556,17.3366666667	40.4722222222,17.7241666667	40.4313888889,17.7819444444	40.4333333333,17.6833333333	40.4333333333,17.6666666667	40.4416666667,17.6405555556	40.45,17.6	40.6122222222,17.4394444444	40.6091666667,17.2469444444	40.5613888889,17.2122222222	40.5044444444,17.2177777778	40.4427777778,17.2572222222	40.4333333333,17.1833333333	40.2833333333,17.1833333333	40.0719444444,17.1813888889	40.1538888889,17.5866666667	40.1236111111,17.5919444444	39.8333333333,17.65	39.6666666667,17.8666666667	39.6666666667,18.6666666667	39.7758333333,18.6905555556	39.5569444444,18.9969444444	39.3936111111,19.0	39.2933333333,19.0	38.8833333333,19.0	38.7530555556,17.5163888889	39.1925,17.4794444444	39.1708333333,17.2766666667	39.2,17.1666666667	39.1794444444,16.9891666667	39.1483333333,16.7263888889	39.1108333333,16.7333333333	39.075,16.4191666667	39.2333333333,16.25	39.615,16.0391666667	39.7763888889,15.9441666667	40.1333333333,15.7402777778	40.2716666667,15.6616666667	40.3444444444,15.6186111111	40.6044444444,15.4691666667	40.6905555556,15.4172222222	40.8816666667,15.305	41.0075,15.2333333333	40.9333333333,15.6833333333	41.0972222222,15.7311111111	41.05,16.0666666667	41.0683333333,16.1022222222
365	999	1504224000	1504234799	5	40.4333333333,17.8833333333	40.3944444444,18.0116666667	40.3380555556,17.9136111111	40.4313888889,17.7819444444	40.4333333333,17.8833333333
365	999	1504224000	1504234799	5	41.95,15.8252777778	41.9166666667,15.875	41.8333333333,15.8138888889	41.8888888889,15.7333333333	41.95,15.8252777778
365	999	1504224000	1504234799	7	40.6122222222,17.4394444444	40.45,17.6	40.4427777778,17.2572222222	40.5044444444,17.2177777778	40.5613888889,17.2122222222	40.6091666667,17.2469444444	40.6122222222,17.4394444444
365	999	1504224000	1504234799	11	39.1708333333,17.2766666667	39.1925,17.4794444444	38.7530555556,17.5163888889	38.7036111111,17.3855555556	38.6588888889,17.2683333333	39.075,16.4191666667	39.1108333333,16.7333333333	39.1483333333,16.7263888889	39.1794444444,16.9891666667	39.2,17.1666666667	39.1708333333,17.2766666667
365	999	1504224000	1504234799	47	42.3472222222,16.3538888889	41.9283333333,17.2483333333	41.8833333333,17.3166666667	41.7533333333,17.6163888889	41.5027777778,18.1291666667	41.4425,18.2216666667	41.4325,18.2722222222	41.2911111111,18.5561111111	41.1333333333,18.8666666667	40.8916666667,18.9516666667	40.75,19.0	40.5983333333,19.0	40.4166666667,19.0	40.35,19.0	40.2447222222,19.0	40.0566666667,19.0	39.9333333333,19.0	39.8166666667,19.0	39.5569444444,18.9969444444	39.7758333333,18.6905555556	40.0,18.7333333333	40.25,18.45	40.4019444444,18.2763888889	40.3794444444,18.1419444444	40.45,18.3472222222	40.5416666667,18.3666666667	40.65,18.2833333333	40.7908333333,18.0905555556	41.0325,18.1511111111	41.2013888889,17.6688888889	41.3416666667,17.3333333333	41.4166666667,17.2666666667	41.4377777778,17.2333333333	41.4833333333,17.1666666667	41.5416666667,17.0833333333	41.5833333333,17.0	41.6083333333,16.9166666667	41.5833333333,16.8083333333	41.4666666667,16.6666666667	41.4166666667,16.5833333333	41.3308333333,16.5202777778	41.6286111111,16.0683333333	41.7819444444,16.0555555556	41.9166666667,15.875	42.2666666667,16.1166666667	42.3311111111,16.1730555556	42.3472222222,16.3538888889
365	999	1504224000	1504234799	54	43.4163888889,14.6341666667	43.3116666667,14.7977777778	43.1119444444,15.1130555556	42.9988888889,15.2905555556	42.8855555556,15.4663888889	42.8480555556,15.5247222222	42.7038888889,15.7483333333	42.6555555556,15.8236111111	42.5816666667,15.9361111111	42.5077777778,16.0488888889	42.4677777778,16.1236111111	42.3797222222,16.095	42.3311111111,16.1730555556	42.2666666667,16.1166666667	41.9166666667,15.875	41.95,15.8252777778	41.8888888889,15.7333333333	42.1111111111,14.7083333333	42.0125,14.6630555556	41.9441666667,14.6316666667	41.7833333333,14.5583333333	41.4916666667,14.5888888889	41.3708333333,15.025	41.2666666667,14.8833333333	41.3066666667,14.8069444444	41.3952777778,14.5461111111	41.45,14.3833333333	41.8144444444,14.0669444444	42.1663888889,13.7575	42.3333333333,14.75	42.5833333333,14.75	42.8333333333,14.4166666667	42.9319444444,14.2733333333	42.8508333333,13.8052777778	42.6980555556,13.8994444444	42.6069444444,13.7811111111	42.4863888889,13.9511111111	42.4469444444,13.9333333333	42.3419444444,13.6016666667	42.3488888889,13.5955555556	42.4188888889,13.5330555556	42.5175,13.4444444444	42.5319444444,13.4313888889	42.6033333333,13.365	42.8775,13.1191666667	42.9472222222,13.1922222222	43.0155555556,13.2619444444	43.055,13.3033333333	43.0797222222,13.3286111111	43.1425,13.4580555556	43.2508333333,13.6822222222	43.16,14.1491666667	43.3416666667,14.4919444444	43.4163888889,14.6341666667
365	999	1504224000	1504234799	17	40.8722222222,16.25	40.8666666667,16.4166666667	40.8722222222,16.5638888889	40.9583333333,16.6166666667	40.9866666667,16.6277777778	41.0333333333,16.8	41.0488888889,16.8944444444	40.7530555556,17.3366666667	40.7208333333,17.3058333333	40.6,17.2333333333	40.6058333333,17.1880555556	40.6833333333,16.5833333333	40.6666666667,16.45	40.6427777778,16.4394444444	40.5166666667,16.3833333333	40.7913888889,16.2805555556	40.8722222222,16.25
365	999	1504224000	1504234799	5	40.9583333333,16.6166666667	40.8722222222,16.5638888889	40.8666666667,16.4166666667	40.8833333333,16.5	40.9583333333,16.6166666667
365	999	1504224000	1504234799	6	41.9166666667,15.875	41.7819444444,16.0555555556	41.6286111111,16.0683333333	41.6833333333,16.0	41.8333333333,15.8138888889	41.9166666667,15.875
365	999	1504224000	1504234799	15	41.3111111111,15.3208333333	41.2983333333,15.3894444444	41.3630555556,15.4741666667	41.2730555556,15.5947222222	41.2152777778,16.0527777778	41.2063888889,16.0963888889	41.1833333333,16.3	41.0683333333,16.1022222222	41.05,16.0666666667	41.0972222222,15.7311111111	40.9333333333,15.6833333333	41.0075,15.2333333333	41.1077777778,15.1713888889	41.2,15.1166666667	41.3111111111,15.3208333333
365	999	1504224000	1504234799	18	40.4333333333,17.1833333333	40.4427777778,17.2572222222	40.2866666667,17.3572222222	40.2891666667,17.5369444444	40.4333333333,17.6666666667	40.4333333333,17.6833333333	40.4313888889,17.7819444444	40.3380555556,17.9136111111	40.2344444444,18.0569444444	39.7758333333,18.6905555556	39.6666666667,18.6666666667	39.6666666667,17.8666666667	39.8333333333,17.65	40.1236111111,17.5919444444	40.1538888889,17.5866666667	40.0719444444,17.1813888889	40.2833333333,17.1833333333	40.4333333333,17.1833333333
365	999	1504224000	1504234799	16	41.3308333333,16.5202777778	41.4166666667,16.5833333333	41.4666666667,16.6666666667	41.5833333333,16.8083333333	41.6083333333,16.9166666667	41.5833333333,17.0	41.5416666667,17.0833333333	41.4833333333,17.1666666667	41.4377777778,17.2333333333	41.4166666667,17.2666666667	41.3416666667,17.3333333333	41.2333333333,17.3719444444	41.1261111111,17.3502777778	41.0833333333,17.0972222222	41.0488888889,16.8944444444	41.3308333333,16.5202777778
365	999	1504224000	1504234799	8	40.3944444444,18.0116666667	40.3052777778,18.2852777778	40.25,18.45	40.0,18.7333333333	39.7758333333,18.6905555556	40.2344444444,18.0569444444	40.3380555556,17.9136111111	40.3944444444,18.0116666667
365	999	1504224000	1504234799	9	41.9327777778,18.1944444444	41.8841666667,18.48	41.7408333333,18.4280555556	41.495,18.3394444444	41.4425,18.2216666667	41.5027777778,18.1291666667	41.7533333333,17.6163888889	41.9186111111,17.7586111111	41.9327777778,18.1944444444
365	999	1504224000	1504234799	15	41.3308333333,16.5202777778	41.0488888889,16.8944444444	41.0333333333,16.8	40.9866666667,16.6277777778	40.9583333333,16.6166666667	40.8833333333,16.5	40.8666666667,16.4166666667	40.8833333333,16.3333333333	40.9166666667,16.2222222222	41.0,16.2027777778	41.0666666667,16.2166666667	41.1183333333,16.2222222222	41.1833333333,16.3	41.2166666667,16.3652777778	41.3308333333,16.5202777778
365	999	1504224000	1504234799	14	42.1111111111,14.7083333333	41.8888888889,15.7333333333	41.8333333333,15.8138888889	41.4647222222,15.5602777778	41.4294444444,15.5313888889	41.3111111111,15.3208333333	41.3191666667,15.2180555556	41.3333333333,15.1666666667	41.3708333333,15.025	41.4916666667,14.5888888889	41.7833333333,14.5583333333	41.9441666667,14.6316666667	42.0125,14.6630555556	42.1111111111,14.7083333333
365	999	1504224000	1504234799	12	41.8333333333,15.8138888889	41.6833333333,16.0	41.6286111111,16.0683333333	41.2063888889,16.0963888889	41.2152777778,16.0527777778	41.2730555556,15.5947222222	41.3630555556,15.4741666667	41.2983333333,15.3894444444	41.3111111111,15.3208333333	41.4294444444,15.5313888889	41.4647222222,15.5602777778	41.8333333333,15.8138888889
365	999	1504224000	1504234799	7	41.3708333333,15.025	41.3333333333,15.1666666667	41.3191666667,15.2180555556	41.3111111111,15.3208333333	41.2,15.1166666667	41.2666666667,14.8833333333	41.3708333333,15.025
365	999	1504224000	1504234799	14	40.95,17.75	40.9166666667,17.9166666667	40.7908333333,18.0905555556	40.65,18.2833333333	40.5416666667,18.3666666667	40.45,18.3472222222	40.3794444444,18.1419444444	40.3833333333,18.0988888889	40.4333333333,17.8833333333	40.4313888889,17.7819444444	40.4722222222,17.7241666667	40.7230555556,17.5811111111	40.8472222222,17.5819444444	40.95,17.75
365	999	1504224000	1504234799	9	42.4863888889,13.9511111111	42.6069444444,13.7811111111	42.6980555556,13.8994444444	42.8508333333,13.8052777778	42.9319444444,14.2733333333	42.8333333333,14.4166666667	42.75,14.2425	42.6666666667,14.0333333333	42.4863888889,13.9511111111
365	999	1504224000	1504234799	8	40.25,18.45	40.3052777778,18.2852777778	40.3944444444,18.0116666667	40.4333333333,17.8833333333	40.3833333333,18.0988888889	40.3794444444,18.1419444444	40.4019444444,18.2763888889	40.25,18.45
365	999	1504224000	1504234799	11	42.8333333333,14.4166666667	42.5833333333,14.75	42.3333333333,14.75	42.1663888889,13.7575	42.1888888889,13.7375	42.3419444444,13.6016666667	42.4469444444,13.9333333333	42.4863888889,13.9511111111	42.6666666667,14.0333333333	42.75,14.2425	42.8333333333,14.4166666667
365	999	1504224000	1504234799	10	38.8833333333,19.0	38.7241666667,19.0	38.5183333333,19.0	38.3422222222,19.0	38.3425,18.4463888889	38.5930555556,17.5183333333	38.6588888889,17.2683333333	38.7036111111,17.3855555556	38.7530555556,17.5163888889	38.8833333333,19.0
195	285	1504224000	1504234799	9	41.8841666667,18.48	41.8655555556,18.59	41.7375,18.6222222222	41.715,18.6283333333	41.4325,18.2722222222	41.4425,18.2216666667	41.495,18.3394444444	41.7408333333,18.4280555556	41.8841666667,18.48
195	285	1504224000	1504234799	7	40.4416666667,17.6405555556	40.4333333333,17.6666666667	40.2891666667,17.5369444444	40.2866666667,17.3572222222	40.4427777778,17.2572222222	40.45,17.6	40.4416666667,17.6405555556
195	285	1504224000	1504234799	6	41.6286111111,16.0683333333	41.3308333333,16.5202777778	41.2166666667,16.3652777778	41.1833333333,16.3	41.2063888889,16.0963888889	41.6286111111,16.0683333333
195	285	1504224000	1504234799	15	41.1261111111,17.3502777778	41.2333333333,17.3719444444	41.3416666667,17.3333333333	41.2013888889,17.6688888889	41.0325,18.1511111111	40.7908333333,18.0905555556	40.9166666667,17.9166666667	40.95,17.75	40.8472222222,17.5819444444	40.7230555556,17.5811111111	40.4722222222,17.7241666667	40.7530555556,17.3366666667	41.0488888889,16.8944444444	41.0833333333,17.0972222222	41.1261111111,17.3502777778
195	285	1504224000	1504234799	65	41.0683333333,16.1022222222	41.1833333333,16.3	41.1183333333,16.2222222222	41.0666666667,16.2166666667	41.0,16.2027777778	40.9166666667,16.2222222222	40.8833333333,16.3333333333	40.8666666667,16.4166666667	40.8722222222,16.25	40.7913888889,16.2805555556	40.5166666667,16.3833333333	40.5166666667,16.5	40.5166666667,16.5747222222	40.5166666667,17.0969444444	40.5169444444,17.1147222222	40.5166666667,17.1666666667	40.6,17.2333333333	40.7208333333,17.3058333333	40.7530555556,17.3366666667	40.4722222222,17.7241666667	40.4313888889,17.7819444444	40.4333333333,17.6833333333	40.4333333333,17.6666666667	40.4416666667,17.6405555556	40.45,17.6	40.6122222222,17.4394444444	40.6091666667,17.2469444444	40.5613888889,17.2122222222	40.5044444444,17.2177777778	40.4427777778,17.2572222222	40.4333333333,17.1833333333	40.2833333333,17.1833333333	40.0719444444,17.1813888889	40.1538888889,17.5866666667	40.1236111111,17.5919444444	39.8333333333,17.65	39.6666666667,17.8666666667	39.6666666667,18.6666666667	39.7758333333,18.6905555556	39.5569444444,18.9969444444	39.3936111111,19.0	39.2933333333,19.0	38.8833333333,19.0	38.7530555556,17.5163888889	39.1925,17.4794444444	39.1708333333,17.2766666667	39.2,17.1666666667	39.1794444444,16.9891666667	39.1483333333,16.7263888889	39.1108333333,16.7333333333	39.075,16.4191666667	39.2333333333,16.25	39.615,16.0391666667	39.7763888889,15.9441666667	40.1333333333,15.7402777778	40.2716666667,15.6616666667	40.3444444444,15.6186111111	40.6044444444,15.4691666667	40.6905555556,15.4172222222	40.8816666667,15.305	41.0075,15.2333333333	40.9333333333,15.6833333333	41.0972222222,15.7311111111	41.05,16.0666666667	41.0683333333,16.1022222222
195	285	1504224000	1504234799	5	40.4333333333,17.8833333333	40.3944444444,18.0116666667	40.3380555556,17.9136111111	40.4313888889,17.7819444444	40.4333333333,17.8833333333
195	285	1504224000	1504234799	5	41.95,15.8252777778	41.9166666667,15.875	41.8333333333,15.8138888889	41.8888888889,15.7333333333	41.95,15.8252777778
195	285	1504224000	1504234799	7	40.6122222222,17.4394444444	40.45,17.6	40.4427777778,17.2572222222	40.5044444444,17.2177777778	40.5613888889,17.2122222222	40.6091666667,17.2469444444	40.6122222222,17.4394444444
195	285	1504224000	1504234799	5	40.9583333333,16.6166666667	40.8722222222,16.5638888889	40.8666666667,16.4166666667	40.8833333333,16.5	40.9583333333,16.6166666667
195	285	1504224000	1504234799	47	42.3472222222,16.3538888889	41.9283333333,17.2483333333	41.8833333333,17.3166666667	41.7533333333,17.6163888889	41.5027777778,18.1291666667	41.4425,18.2216666667	41.4325,18.2722222222	41.2911111111,18.5561111111	41.1333333333,18.8666666667	40.8916666667,18.9516666667	40.75,19.0	40.5983333333,19.0	40.4166666667,19.0	40.35,19.0	40.2447222222,19.0	40.0566666667,19.0	39.9333333333,19.0	39.8166666667,19.0	39.5569444444,18.9969444444	39.7758333333,18.6905555556	40.0,18.7333333333	40.25,18.45	40.4019444444,18.2763888889	40.3794444444,18.1419444444	40.45,18.3472222222	40.5416666667,18.3666666667	40.65,18.2833333333	40.7908333333,18.0905555556	41.0325,18.1511111111	41.2013888889,17.6688888889	41.3416666667,17.3333333333	41.4166666667,17.2666666667	41.4377777778,17.2333333333	41.4833333333,17.1666666667	41.5416666667,17.0833333333	41.5833333333,17.0	41.6083333333,16.9166666667	41.5833333333,16.8083333333	41.4666666667,16.6666666667	41.4166666667,16.5833333333	41.3308333333,16.5202777778	41.6286111111,16.0683333333	41.7819444444,16.0555555556	41.9166666667,15.875	42.2666666667,16.1166666667	42.3311111111,16.1730555556	42.3472222222,16.3538888889
195	285	1504224000	1504234799	54	43.4163888889,14.6341666667	43.3116666667,14.7977777778	43.1119444444,15.1130555556	42.9988888889,15.2905555556	42.8855555556,15.4663888889	42.8480555556,15.5247222222	42.7038888889,15.7483333333	42.6555555556,15.8236111111	42.5816666667,15.9361111111	42.5077777778,16.0488888889	42.4677777778,16.1236111111	42.3797222222,16.095	42.3311111111,16.1730555556	42.2666666667,16.1166666667	41.9166666667,15.875	41.95,15.8252777778	41.8888888889,15.7333333333	42.1111111111,14.7083333333	42.0125,14.6630555556	41.9441666667,14.6316666667	41.7833333333,14.5583333333	41.4916666667,14.5888888889	41.3708333333,15.025	41.2666666667,14.8833333333	41.3066666667,14.8069444444	41.3952777778,14.5461111111	41.45,14.3833333333	41.8144444444,14.0669444444	42.1663888889,13.7575	42.3333333333,14.75	42.5833333333,14.75	42.8333333333,14.4166666667	42.9319444444,14.2733333333	42.8508333333,13.8052777778	42.6980555556,13.8994444444	42.6069444444,13.7811111111	42.4863888889,13.9511111111	42.4469444444,13.9333333333	42.3419444444,13.6016666667	42.3488888889,13.5955555556	42.4188888889,13.5330555556	42.5175,13.4444444444	42.5319444444,13.4313888889	42.6033333333,13.365	42.8775,13.1191666667	42.9472222222,13.1922222222	43.0155555556,13.2619444444	43.055,13.3033333333	43.0797222222,13.3286111111	43.1425,13.4580555556	43.2508333333,13.6822222222	43.16,14.1491666667	43.3416666667,14.4919444444	43.4163888889,14.6341666667
195	285	1504224000	1504234799	17	40.8722222222,16.25	40.8666666667,16.4166666667	40.8722222222,16.5638888889	40.9583333333,16.6166666667	40.9866666667,16.6277777778	41.0333333333,16.8	41.0488888889,16.8944444444	40.7530555556,17.3366666667	40.7208333333,17.3058333333	40.6,17.2333333333	40.6058333333,17.1880555556	40.6833333333,16.5833333333	40.6666666667,16.45	40.6427777778,16.4394444444	40.5166666667,16.3833333333	40.7913888889,16.2805555556	40.8722222222,16.25
195	285	1504224000	1504234799	11	39.1708333333,17.2766666667	39.1925,17.4794444444	38.7530555556,17.5163888889	38.7036111111,17.3855555556	38.6588888889,17.2683333333	39.075,16.4191666667	39.1108333333,16.7333333333	39.1483333333,16.7263888889	39.1794444444,16.9891666667	39.2,17.1666666667	39.1708333333,17.2766666667
195	285	1504224000	1504234799	6	41.9166666667,15.875	41.7819444444,16.0555555556	41.6286111111,16.0683333333	41.6833333333,16.0	41.8333333333,15.8138888889	41.9166666667,15.875
195	285	1504224000	1504234799	15	41.3111111111,15.3208333333	41.2983333333,15.3894444444	41.3630555556,15.4741666667	41.2730555556,15.5947222222	41.2152777778,16.0527777778	41.2063888889,16.0963888889	41.1833333333,16.3	41.0683333333,16.1022222222	41.05,16.0666666667	41.0972222222,15.7311111111	40.9333333333,15.6833333333	41.0075,15.2333333333	41.1077777778,15.1713888889	41.2,15.1166666667	41.3111111111,15.3208333333
195	285	1504224000	1504234799	18	40.4333333333,17.1833333333	40.4427777778,17.2572222222	40.2866666667,17.3572222222	40.2891666667,17.5369444444	40.4333333333,17.6666666667	40.4333333333,17.6833333333	40.4313888889,17.7819444444	40.3380555556,17.9136111111	40.2344444444,18.0569444444	39.7758333333,18.6905555556	39.6666666667,18.6666666667	39.6666666667,17.8666666667	39.8333333333,17.65	40.1236111111,17.5919444444	40.1538888889,17.5866666667	40.0719444444,17.1813888889	40.2833333333,17.1833333333	40.4333333333,17.1833333333
195	285	1504224000	1504234799	16	41.3308333333,16.5202777778	41.4166666667,16.5833333333	41.4666666667,16.6666666667	41.5833333333,16.8083333333	41.6083333333,16.9166666667	41.5833333333,17.0	41.5416666667,17.0833333333	41.4833333333,17.1666666667	41.4377777778,17.2333333333	41.4166666667,17.2666666667	41.3416666667,17.3333333333	41.2333333333,17.3719444444	41.1261111111,17.3502777778	41.0833333333,17.0972222222	41.0488888889,16.8944444444	41.3308333333,16.5202777778
195	285	1504224000	1504234799	8	40.3944444444,18.0116666667	40.3052777778,18.2852777778	40.25,18.45	40.0,18.7333333333	39.7758333333,18.6905555556	40.2344444444,18.0569444444	40.3380555556,17.9136111111	40.3944444444,18.0116666667
195	285	1504224000	1504234799	9	41.9327777778,18.1944444444	41.8841666667,18.48	41.7408333333,18.4280555556	41.495,18.3394444444	41.4425,18.2216666667	41.5027777778,18.1291666667	41.7533333333,17.6163888889	41.9186111111,17.7586111111	41.9327777778,18.1944444444
195	285	1504224000	1504234799	15	41.3308333333,16.5202777778	41.0488888889,16.8944444444	41.0333333333,16.8	40.9866666667,16.6277777778	40.9583333333,16.6166666667	40.8833333333,16.5	40.8666666667,16.4166666667	40.8833333333,16.3333333333	40.9166666667,16.2222222222	41.0,16.2027777778	41.0666666667,16.2166666667	41.1183333333,16.2222222222	41.1833333333,16.3	41.2166666667,16.3652777778	41.3308333333,16.5202777778
195	285	1504224000	1504234799	14	42.1111111111,14.7083333333	41.8888888889,15.7333333333	41.8333333333,15.8138888889	41.4647222222,15.5602777778	41.4294444444,15.5313888889	41.3111111111,15.3208333333	41.3191666667,15.2180555556	41.3333333333,15.1666666667	41.3708333333,15.025	41.4916666667,14.5888888889	41.7833333333,14.5583333333	41.9441666667,14.6316666667	42.0125,14.6630555556	42.1111111111,14.7083333333
195	285	1504224000	1504234799	12	41.8333333333,15.8138888889	41.6833333333,16.0	41.6286111111,16.0683333333	41.2063888889,16.0963888889	41.2152777778,16.0527777778	41.2730555556,15.5947222222	41.3630555556,15.4741666667	41.2983333333,15.3894444444	41.3111111111,15.3208333333	41.4294444444,15.5313888889	41.4647222222,15.5602777778	41.8333333333,15.8138888889
195	285	1504224000	1504234799	7	41.3708333333,15.025	41.3333333333,15.1666666667	41.3191666667,15.2180555556	41.3111111111,15.3208333333	41.2,15.1166666667	41.2666666667,14.8833333333	41.3708333333,15.025
195	285	1504224000	1504234799	14	40.95,17.75	40.9166666667,17.9166666667	40.7908333333,18.0905555556	40.65,18.2833333333	40.5416666667,18.3666666667	40.45,18.3472222222	40.3794444444,18.1419444444	40.3833333333,18.0988888889	40.4333333333,17.8833333333	40.4313888889,17.7819444444	40.4722222222,17.7241666667	40.7230555556,17.5811111111	40.8472222222,17.5819444444	40.95,17.75
195	285	1504224000	1504234799	9	42.4863888889,13.9511111111	42.6069444444,13.7811111111	42.6980555556,13.8994444444	42.8508333333,13.8052777778	42.9319444444,14.2733333333	42.8333333333,14.4166666667	42.75,14.2425	42.6666666667,14.0333333333	42.4863888889,13.9511111111
195	285	1504224000	1504234799	8	40.25,18.45	40.3052777778,18.2852777778	40.3944444444,18.0116666667	40.4333333333,17.8833333333	40.3833333333,18.0988888889	40.3794444444,18.1419444444	40.4019444444,18.2763888889	40.25,18.45
195	285	1504224000	1504234799	11	42.8333333333,14.4166666667	42.5833333333,14.75	42.3333333333,14.75	42.1663888889,13.7575	42.1888888889,13.7375	42.3419444444,13.6016666667	42.4469444444,13.9333333333	42.4863888889,13.9511111111	42.6666666667,14.0333333333	42.75,14.2425	42.8333333333,14.4166666667
195	285	1504224000	1504234799	10	38.8833333333,19.0	38.7241666667,19.0	38.5183333333,19.0	38.3422222222,19.0	38.3425,18.4463888889	38.5930555556,17.5183333333	38.6588888889,17.2683333333	38.7036111111,17.3855555556	38.7530555556,17.5163888889	38.8833333333,19.0
225	285	1504224000	1504234799	12	40.6833333333,16.5833333333	40.6058333333,17.1880555556	40.6,17.2333333333	40.5166666667,17.1666666667	40.5169444444,17.1147222222	40.5166666667,17.0969444444	40.5166666667,16.5747222222	40.5166666667,16.5	40.5166666667,16.3833333333	40.6427777778,16.4394444444	40.6666666667,16.45	40.6833333333,16.5833333333
305	335	1504224000	1504234799	9	41.8841666667,18.48	41.8655555556,18.59	41.7375,18.6222222222	41.715,18.6283333333	41.4325,18.2722222222	41.4425,18.2216666667	41.495,18.3394444444	41.7408333333,18.4280555556	41.8841666667,18.48
305	335	1504224000	1504234799	7	40.4416666667,17.6405555556	40.4333333333,17.6666666667	40.2891666667,17.5369444444	40.2866666667,17.3572222222	40.4427777778,17.2572222222	40.45,17.6	40.4416666667,17.6405555556
305	335	1504224000	1504234799	6	41.6286111111,16.0683333333	41.3308333333,16.5202777778	41.2166666667,16.3652777778	41.1833333333,16.3	41.2063888889,16.0963888889	41.6286111111,16.0683333333
305	335	1504224000	1504234799	12	40.6833333333,16.5833333333	40.6058333333,17.1880555556	40.6,17.2333333333	40.5166666667,17.1666666667	40.5169444444,17.1147222222	40.5166666667,17.0969444444	40.5166666667,16.5747222222	40.5166666667,16.5	40.5166666667,16.3833333333	40.6427777778,16.4394444444	40.6666666667,16.45	40.6833333333,16.5833333333
305	335	1504224000	1504234799	15	41.1261111111,17.3502777778	41.2333333333,17.3719444444	41.3416666667,17.3333333333	41.2013888889,17.6688888889	41.0325,18.1511111111	40.7908333333,18.0905555556	40.9166666667,17.9166666667	40.95,17.75	40.8472222222,17.5819444444	40.7230555556,17.5811111111	40.4722222222,17.7241666667	40.7530555556,17.3366666667	41.0488888889,16.8944444444	41.0833333333,17.0972222222	41.1261111111,17.3502777778
305	335	1504224000	1504234799	65	41.0683333333,16.1022222222	41.1833333333,16.3	41.1183333333,16.2222222222	41.0666666667,16.2166666667	41.0,16.2027777778	40.9166666667,16.2222222222	40.8833333333,16.3333333333	40.8666666667,16.4166666667	40.8722222222,16.25	40.7913888889,16.2805555556	40.5166666667,16.3833333333	40.5166666667,16.5	40.5166666667,16.5747222222	40.5166666667,17.0969444444	40.5169444444,17.1147222222	40.5166666667,17.1666666667	40.6,17.2333333333	40.7208333333,17.3058333333	40.7530555556,17.3366666667	40.4722222222,17.7241666667	40.4313888889,17.7819444444	40.4333333333,17.6833333333	40.4333333333,17.6666666667	40.4416666667,17.6405555556	40.45,17.6	40.6122222222,17.4394444444	40.6091666667,17.2469444444	40.5613888889,17.2122222222	40.5044444444,17.2177777778	40.4427777778,17.2572222222	40.4333333333,17.1833333333	40.2833333333,17.1833333333	40.0719444444,17.1813888889	40.1538888889,17.5866666667	40.1236111111,17.5919444444	39.8333333333,17.65	39.6666666667,17.8666666667	39.6666666667,18.6666666667	39.7758333333,18.6905555556	39.5569444444,18.9969444444	39.3936111111,19.0	39.2933333333,19.0	38.8833333333,19.0	38.7530555556,17.5163888889	39.1925,17.4794444444	39.1708333333,17.2766666667	39.2,17.1666666667	39.1794444444,16.9891666667	39.1483333333,16.7263888889	39.1108333333,16.7333333333	39.075,16.4191666667	39.2333333333,16.25	39.615,16.0391666667	39.7763888889,15.9441666667	40.1333333333,15.7402777778	40.2716666667,15.6616666667	40.3444444444,15.6186111111	40.6044444444,15.4691666667	40.6905555556,15.4172222222	40.8816666667,15.305	41.0075,15.2333333333	40.9333333333,15.6833333333	41.0972222222,15.7311111111	41.05,16.0666666667	41.0683333333,16.1022222222
305	335	1504224000	1504234799	5	40.4333333333,17.8833333333	40.3944444444,18.0116666667	40.3380555556,17.9136111111	40.4313888889,17.7819444444	40.4333333333,17.8833333333
305	335	1504224000	1504234799	5	41.95,15.8252777778	41.9166666667,15.875	41.8333333333,15.8138888889	41.8888888889,15.7333333333	41.95,15.8252777778
305	335	1504224000	1504234799	7	40.6122222222,17.4394444444	40.45,17.6	40.4427777778,17.2572222222	40.5044444444,17.2177777778	40.5613888889,17.2122222222	40.6091666667,17.2469444444	40.6122222222,17.4394444444
305	335	1504224000	1504234799	11	39.1708333333,17.2766666667	39.1925,17.4794444444	38.7530555556,17.5163888889	38.7036111111,17.3855555556	38.6588888889,17.2683333333	39.075,16.4191666667	39.1108333333,16.7333333333	39.1483333333,16.7263888889	39.1794444444,16.9891666667	39.2,17.1666666667	39.1708333333,17.2766666667
305	335	1504224000	1504234799	47	42.3472222222,16.3538888889	41.9283333333,17.2483333333	41.8833333333,17.3166666667	41.7533333333,17.6163888889	41.5027777778,18.1291666667	41.4425,18.2216666667	41.4325,18.2722222222	41.2911111111,18.5561111111	41.1333333333,18.8666666667	40.8916666667,18.9516666667	40.75,19.0	40.5983333333,19.0	40.4166666667,19.0	40.35,19.0	40.2447222222,19.0	40.0566666667,19.0	39.9333333333,19.0	39.8166666667,19.0	39.5569444444,18.9969444444	39.7758333333,18.6905555556	40.0,18.7333333333	40.25,18.45	40.4019444444,18.2763888889	40.3794444444,18.1419444444	40.45,18.3472222222	40.5416666667,18.3666666667	40.65,18.2833333333	40.7908333333,18.0905555556	41.0325,18.1511111111	41.2013888889,17.6688888889	41.3416666667,17.3333333333	41.4166666667,17.2666666667	41.4377777778,17.2333333333	41.4833333333,17.1666666667	41.5416666667,17.0833333333	41.5833333333,17.0	41.6083333333,16.9166666667	41.5833333333,16.8083333333	41.4666666667,16.6666666667	41.4166666667,16.5833333333	41.3308333333,16.5202777778	41.6286111111,16.0683333333	41.7819444444,16.0555555556	41.9166666667,15.875	42.2666666667,16.1166666667	42.3311111111,16.1730555556	42.3472222222,16.3538888889
305	335	1504224000	1504234799	54	43.4163888889,14.6341666667	43.3116666667,14.7977777778	43.1119444444,15.1130555556	42.9988888889,15.2905555556	42.8855555556,15.4663888889	42.8480555556,15.5247222222	42.7038888889,15.7483333333	42.6555555556,15.8236111111	42.5816666667,15.9361111111	42.5077777778,16.0488888889	42.4677777778,16.1236111111	42.3797222222,16.095	42.3311111111,16.1730555556	42.2666666667,16.1166666667	41.9166666667,15.875	41.95,15.8252777778	41.8888888889,15.7333333333	42.1111111111,14.7083333333	42.0125,14.6630555556	41.9441666667,14.6316666667	41.7833333333,14.5583333333	41.4916666667,14.5888888889	41.3708333333,15.025	41.2666666667,14.8833333333	41.3066666667,14.8069444444	41.3952777778,14.5461111111	41.45,14.3833333333	41.8144444444,14.0669444444	42.1663888889,13.7575	42.3333333333,14.75	42.5833333333,14.75	42.8333333333,14.4166666667	42.9319444444,14.2733333333	42.8508333333,13.8052777778	42.6980555556,13.8994444444	42.6069444444,13.7811111111	42.4863888889,13.9511111111	42.4469444444,13.9333333333	42.3419444444,13.6016666667	42.3488888889,13.5955555556	42.4188888889,13.5330555556	42.5175,13.4444444444	42.5319444444,13.4313888889	42.6033333333,13.365	42.8775,13.1191666667	42.9472222222,13.1922222222	43.0155555556,13.2619444444	43.055,13.3033333333	43.0797222222,13.3286111111	43.1425,13.4580555556	43.2508333333,13.6822222222	43.16,14.1491666667	43.3416666667,14.4919444444	43.4163888889,14.6341666667
305	335	1504224000	1504234799	17	40.8722222222,16.25	40.8666666667,16.4166666667	40.8722222222,16.5638888889	40.9583333333,16.6166666667	40.9866666667,16.6277777778	41.0333333333,16.8	41.0488888889,16.8944444444	40.7530555556,17.3366666667	40.7208333333,17.3058333333	40.6,17.2333333333	40.6058333333,17.1880555556	40.6833333333,16.5833333333	40.6666666667,16.45	40.6427777778,16.4394444444	40.5166666667,16.3833333333	40.7913888889,16.2805555556	40.8722222222,16.25
305	335	1504224000	1504234799	5	40.9583333333,16.6166666667	40.8722222222,16.5638888889	40.8666666667,16.4166666667	40.8833333333,16.5	40.9583333333,16.6166666667
305	335	1504224000	1504234799	6	41.9166666667,15.875	41.7819444444,16.0555555556	41.6286111111,16.0683333333	41.6833333333,16.0	41.8333333333,15.8138888889	41.9166666667,15.875
305	335	1504224000	1504234799	15	41.3111111111,15.3208333333	41.2983333333,15.3894444444	41.3630555556,15.4741666667	41.2730555556,15.5947222222	41.2152777778,16.0527777778	41.2063888889,16.0963888889	41.1833333333,16.3	41.0683333333,16.1022222222	41.05,16.0666666667	41.0972222222,15.7311111111	40.9333333333,15.6833333333	41.0075,15.2333333333	41.1077777778,15.1713888889	41.2,15.1166666667	41.3111111111,15.3208333333
305	335	1504224000	1504234799	18	40.4333333333,17.1833333333	40.4427777778,17.2572222222	40.2866666667,17.3572222222	40.2891666667,17.5369444444	40.4333333333,17.6666666667	40.4333333333,17.6833333333	40.4313888889,17.7819444444	40.3380555556,17.9136111111	40.2344444444,18.0569444444	39.7758333333,18.6905555556	39.6666666667,18.6666666667	39.6666666667,17.8666666667	39.8333333333,17.65	40.1236111111,17.5919444444	40.1538888889,17.5866666667	40.0719444444,17.1813888889	40.2833333333,17.1833333333	40.4333333333,17.1833333333
305	335	1504224000	1504234799	16	41.3308333333,16.5202777778	41.4166666667,16.5833333333	41.4666666667,16.6666666667	41.5833333333,16.8083333333	41.6083333333,16.9166666667	41.5833333333,17.0	41.5416666667,17.0833333333	41.4833333333,17.1666666667	41.4377777778,17.2333333333	41.4166666667,17.2666666667	41.3416666667,17.3333333333	41.2333333333,17.3719444444	41.1261111111,17.3502777778	41.0833333333,17.0972222222	41.0488888889,16.8944444444	41.3308333333,16.5202777778
305	335	1504224000	1504234799	8	40.3944444444,18.0116666667	40.3052777778,18.2852777778	40.25,18.45	40.0,18.7333333333	39.7758333333,18.6905555556	40.2344444444,18.0569444444	40.3380555556,17.9136111111	40.3944444444,18.0116666667
305	335	1504224000	1504234799	9	41.9327777778,18.1944444444	41.8841666667,18.48	41.7408333333,18.4280555556	41.495,18.3394444444	41.4425,18.2216666667	41.5027777778,18.1291666667	41.7533333333,17.6163888889	41.9186111111,17.7586111111	41.9327777778,18.1944444444
305	335	1504224000	1504234799	15	41.3308333333,16.5202777778	41.0488888889,16.8944444444	41.0333333333,16.8	40.9866666667,16.6277777778	40.9583333333,16.6166666667	40.8833333333,16.5	40.8666666667,16.4166666667	40.8833333333,16.3333333333	40.9166666667,16.2222222222	41.0,16.2027777778	41.0666666667,16.2166666667	41.1183333333,16.2222222222	41.1833333333,16.3	41.2166666667,16.3652777778	41.3308333333,16.5202777778
305	335	1504224000	1504234799	14	42.1111111111,14.7083333333	41.8888888889,15.7333333333	41.8333333333,15.8138888889	41.4647222222,15.5602777778	41.4294444444,15.5313888889	41.3111111111,15.3208333333	41.3191666667,15.2180555556	41.3333333333,15.1666666667	41.3708333333,15.025	41.4916666667,14.5888888889	41.7833333333,14.5583333333	41.9441666667,14.6316666667	42.0125,14.6630555556	42.1111111111,14.7083333333
305	335	1504224000	1504234799	12	41.8333333333,15.8138888889	41.6833333333,16.0	41.6286111111,16.0683333333	41.2063888889,16.0963888889	41.2152777778,16.0527777778	41.2730555556,15.5947222222	41.3630555556,15.4741666667	41.2983333333,15.3894444444	41.3111111111,15.3208333333	41.4294444444,15.5313888889	41.4647222222,15.5602777778	41.8333333333,15.8138888889
305	335	1504224000	1504234799	7	41.3708333333,15.025	41.3333333333,15.1666666667	41.3191666667,15.2180555556	41.3111111111,15.3208333333	41.2,15.1166666667	41.2666666667,14.8833333333	41.3708333333,15.025
305	335	1504224000	1504234799	14	40.95,17.75	40.9166666667,17.9166666667	40.7908333333,18.0905555556	40.65,18.2833333333	40.5416666667,18.3666666667	40.45,18.3472222222	40.3794444444,18.1419444444	40.3833333333,18.0988888889	40.4333333333,17.8833333333	40.4313888889,17.7819444444	40.4722222222,17.7241666667	40.7230555556,17.5811111111	40.8472222222,17.5819444444	40.95,17.75
305	335	1504224000	1504234799	9	42.4863888889,13.9511111111	42.6069444444,13.7811111111	42.6980555556,13.8994444444	42.8508333333,13.8052777778	42.9319444444,14.2733333333	42.8333333333,14.4166666667	42.75,14.2425	42.6666666667,14.0333333333	42.4863888889,13.9511111111
305	335	1504224000	1504234799	8	40.25,18.45	40.3052777778,18.2852777778	40.3944444444,18.0116666667	40.4333333333,17.8833333333	40.3833333333,18.0988888889	40.3794444444,18.1419444444	40.4019444444,18.2763888889	40.25,18.45
305	335	1504224000	1504234799	11	42.8333333333,14.4166666667	42.5833333333,14.75	42.3333333333,14.75	42.1663888889,13.7575	42.1888888889,13.7375	42.3419444444,13.6016666667	42.4469444444,13.9333333333	42.4863888889,13.9511111111	42.6666666667,14.0333333333	42.75,14.2425	42.8333333333,14.4166666667
305	335	1504224000	1504234799	10	38.8833333333,19.0	38.7241666667,19.0	38.5183333333,19.0	38.3422222222,19.0	38.3425,18.4463888889	38.5930555556,17.5183333333	38.6588888889,17.2683333333	38.7036111111,17.3855555556	38.7530555556,17.5163888889	38.8833333333,19.0
