30
285	305	1504234800	1504295999	54	43.4163888889,14.6341666667	43.3116666667,14.7977777778	43.1119444444,15.1130555556	42.9988888889,15.2905555556	42.8855555556,15.4663888889	42.8480555556,15.5247222222	42.7038888889,15.7483333333	42.6555555556,15.8236111111	42.5816666667,15.9361111111	42.5077777778,16.0488888889	42.4677777778,16.1236111111	42.3797222222,16.095	42.3311111111,16.1730555556	42.2666666667,16.1166666667	41.9166666667,15.875	41.95,15.8252777778	41.8888888889,15.7333333333	42.1111111111,14.7083333333	42.0125,14.6630555556	41.9441666667,14.6316666667	41.7833333333,14.5583333333	41.4916666667,14.5888888889	41.3708333333,15.025	41.2666666667,14.8833333333	41.3066666667,14.8069444444	41.3952777778,14.5461111111	41.45,14.3833333333	41.8144444444,14.0669444444	42.1663888889,13.7575	42.3333333333,14.75	42.5833333333,14.75	42.8333333333,14.4166666667	42.9319444444,14.2733333333	42.8508333333,13.8052777778	42.6980555556,13.8994444444	42.6069444444,13.7811111111	42.4863888889,13.9511111111	42.4469444444,13.9333333333	42.3419444444,13.6016666667	42.3488888889,13.5955555556	42.4188888889,13.5330555556	42.5175,13.4444444444	42.5319444444,13.4313888889	42.6033333333,13.365	42.8775,13.1191666667	42.9472222222,13.1922222222	43.0155555556,13.2619444444	43.055,13.3033333333	43.0797222222,13.3286111111	43.1425,13.4580555556	43.2508333333,13.6822222222	43.16,14.1491666667	43.3416666667,14.4919444444	43.4163888889,14.6341666667
285	305	1504234800	1504295999	5	41.95,15.8252777778	41.9166666667,15.875	41.8333333333,15.8138888889	41.8888888889,15.7333333333	41.95,15.8252777778
285	305	1504234800	1504295999	14	42.1111111111,14.7083333333	41.8888888889,15.7333333333	41.8333333333,15.8138888889	41.4647222222,15.5602777778	41.4294444444,15.5313888889	41.3111111111,15.3208333333	41.3191666667,15.2180555556	41.3333333333,15.1666666667	41.3708333333,15.025	41.4916666667,14.5888888889	41.7833333333,14.5583333333	41.9441666667,14.6316666667	42.0125,14.6630555556	42.1111111111,14.7083333333
285	305	1504234800	1504295999	7	41.3708333333,15.025	41.3333333333,15.1666666667	41.3191666667,15.2180555556	41.3111111111,15.3208333333	41.2,15.1166666667	41.2666666667,14.8833333333	41.3708333333,15.025
285	305	1504234800	1504295999	9	42.4863888889,13.9511111111	42.6069444444,13.7811111111	42.6980555556,13.8994444444	42.8508333333,13.8052777778	42.9319444444,14.2733333333	42.8333333333,14.4166666667	42.75,14.2425	42.6666666667,14.0333333333	42.4863888889,13.9511111111
285	305	1504234800	1504295999	11	42.8333333333,14.4166666667	42.5833333333,14.75	42.3333333333,14.75	42.1663888889,13.7575	42.1888888889,13.7375	42.3419444444,13.6016666667	42.4469444444,13.9333333333	42.4863888889,13.9511111111	42.6666666667,14.0333333333	42.75,14.2425	42.8333333333,14.4166666667
335	365	1504234800	1504295999	54	43.4163888889,14.6341666667	43.3116666667,14.7977777778	43.1119444444,15.1130555556	42.9988888889,15.2905555556	42.8855555556,15.4663888889	42.8480555556,15.5247222222	42.7038888889,15.7483333333	42.6555555556,15.8236111111	42.5816666667,15.9361111111	42.5077777778,16.0488888889	42.4677777778,16.1236111111	42.3797222222,16.095	42.3311111111,16.1730555556	42.2666666667,16.1166666667	41.9166666667,15.875	41.95,15.8252777778	41.8888888889,15.7333333333	42.1111111111,14.7083333333	42.0125,14.6630555556	41.9441666667,14.6316666667	41.7833333333,14.5583333333	41.4916666667,14.5888888889	41.3708333333,15.025	41.2666666667,14.8833333333	41.3066666667,14.8069444444	41.3952777778,14.5461111111	41.45,14.3833333333	41.8144444444,14.0669444444	42.1663888889,13.7575	42.3333333333,14.75	42.5833333333,14.75	42.8333333333,14.4166666667	42.9319444444,14.2733333333	42.8508333333,13.8052777778	42.6980555556,13.8994444444	42.6069444444,13.7811111111	42.4863888889,13.9511111111	42.4469444444,13.9333333333	42.3419444444,13.6016666667	42.3488888889,13.5955555556	42.4188888889,13.5330555556	42.5175,13.4444444444	42.5319444444,13.4313888889	42.6033333333,13.365	42.8775,13.1191666667	42.9472222222,13.1922222222	43.0155555556,13.2619444444	43.055,13.3033333333	43.0797222222,13.3286111111	43.1425,13.4580555556	43.2508333333,13.6822222222	43.16,14.1491666667	43.3416666667,14.4919444444	43.4163888889,14.6341666667
335	365	1504234800	1504295999	5	41.95,15.8252777778	41.9166666667,15.875	41.8333333333,15.8138888889	41.8888888889,15.7333333333	41.95,15.8252777778
335	365	1504234800	1504295999	14	42.1111111111,14.7083333333	41.8888888889,15.7333333333	41.8333333333,15.8138888889	41.4647222222,15.5602777778	41.4294444444,15.5313888889	41.3111111111,15.3208333333	41.3191666667,15.2180555556	41.3333333333,15.1666666667	41.3708333333,15.025	41.4916666667,14.5888888889	41.7833333333,14.5583333333	41.9441666667,14.6316666667	42.0125,14.6630555556	42.1111111111,14.7083333333
335	365	1504234800	1504295999	7	41.3708333333,15.025	41.3333333333,15.1666666667	41.3191666667,15.2180555556	41.3111111111,15.3208333333	41.2,15.1166666667	41.2666666667,14.8833333333	41.3708333333,15.025
335	365	1504234800	1504295999	9	42.4863888889,13.9511111111	42.6069444444,13.7811111111	42.6980555556,13.8994444444	42.8508333333,13.8052777778	42.9319444444,14.2733333333	42.8333333333,14.4166666667	42.75,14.2425	42.6666666667,14.0333333333	42.4863888889,13.9511111111
335	365	1504234800	1504295999	11	42.8333333333,14.4166666667	42.5833333333,14.75	42.3333333333,14.75	42.1663888889,13.7575	42.1888888889,13.7375	42.3419444444,13.6016666667	42.4469444444,13.9333333333	42.4863888889,13.9511111111	42.6666666667,14.0333333333	42.75,14.2425	42.8333333333,14.4166666667
365	999	1504234800	1504295999	54	43.4163888889,14.6341666667	43.3116666667,14.7977777778	43.1119444444,15.1130555556	42.9988888889,15.2905555556	42.8855555556,15.4663888889	42.8480555556,15.5247222222	42.7038888889,15.7483333333	42.6555555556,15.8236111111	42.5816666667,15.9361111111	42.5077777778,16.0488888889	42.4677777778,16.1236111111	42.3797222222,16.095	42.3311111111,16.1730555556	42.2666666667,16.1166666667	41.9166666667,15.875	41.95,15.8252777778	41.8888888889,15.7333333333	42.1111111111,14.7083333333	42.0125,14.6630555556	41.9441666667,14.6316666667	41.7833333333,14.5583333333	41.4916666667,14.5888888889	41.3708333333,15.025	41.2666666667,14.8833333333	41.3066666667,14.8069444444	41.3952777778,14.5461111111	41.45,14.3833333333	41.8144444444,14.0669444444	42.1663888889,13.7575	42.3333333333,14.75	42.5833333333,14.75	42.8333333333,14.4166666667	42.9319444444,14.2733333333	42.8508333333,13.8052777778	42.6980555556,13.8994444444	42.6069444444,13.7811111111	42.4863888889,13.9511111111	42.4469444444,13.9333333333	42.3419444444,13.6016666667	42.3488888889,13.5955555556	42.4188888889,13.5330555556	42.5175,13.4444444444	42.5319444444,13.4313888889	42.6033333333,13.365	42.8775,13.1191666667	42.9472222222,13.1922222222	43.0155555556,13.2619444444	43.055,13.3033333333	43.0797222222,13.3286111111	43.1425,13.4580555556	43.2508333333,13.6822222222	43.16,14.1491666667	43.3416666667,14.4919444444	43.4163888889,14.6341666667
365	999	1504234800	1504295999	5	41.95,15.8252777778	41.9166666667,15.875	41.8333333333,15.8138888889	41.8888888889,15.7333333333	41.95,15.8252777778
365	999	1504234800	1504295999	14	42.1111111111,14.7083333333	41.8888888889,15.7333333333	41.8333333333,15.8138888889	41.4647222222,15.5602777778	41.4294444444,15.5313888889	41.3111111111,15.3208333333	41.3191666667,15.2180555556	41.3333333333,15.1666666667	41.3708333333,15.025	41.4916666667,14.5888888889	41.7833333333,14.5583333333	41.9441666667,14.6316666667	42.0125,14.6630555556	42.1111111111,14.7083333333
365	999	1504234800	1504295999	7	41.3708333333,15.025	41.3333333333,15.1666666667	41.3191666667,15.2180555556	41.3111111111,15.3208333333	41.2,15.1166666667	41.2666666667,14.8833333333	41.3708333333,15.025
365	999	1504234800	1504295999	9	42.4863888889,13.9511111111	42.6069444444,13.7811111111	42.6980555556,13.8994444444	42.8508333333,13.8052777778	42.9319444444,14.2733333333	42.8333333333,14.4166666667	42.75,14.2425	42.6666666667,14.0333333333	42.4863888889,13.9511111111
365	999	1504234800	1504295999	11	42.8333333333,14.4166666667	42.5833333333,14.75	42.3333333333,14.75	42.1663888889,13.7575	42.1888888889,13.7375	42.3419444444,13.6016666667	42.4469444444,13.9333333333	42.4863888889,13.9511111111	42.6666666667,14.0333333333	42.75,14.2425	42.8333333333,14.4166666667
195	285	1504234800	1504295999	54	43.4163888889,14.6341666667	43.3116666667,14.7977777778	43.1119444444,15.1130555556	42.9988888889,15.2905555556	42.8855555556,15.4663888889	42.8480555556,15.5247222222	42.7038888889,15.7483333333	42.6555555556,15.8236111111	42.5816666667,15.9361111111	42.5077777778,16.0488888889	42.4677777778,16.1236111111	42.3797222222,16.095	42.3311111111,16.1730555556	42.2666666667,16.1166666667	41.9166666667,15.875	41.95,15.8252777778	41.8888888889,15.7333333333	42.1111111111,14.7083333333	42.0125,14.6630555556	41.9441666667,14.6316666667	41.7833333333,14.5583333333	41.4916666667,14.5888888889	41.3708333333,15.025	41.2666666667,14.8833333333	41.3066666667,14.8069444444	41.3952777778,14.5461111111	41.45,14.3833333333	41.8144444444,14.0669444444	42.1663888889,13.7575	42.3333333333,14.75	42.5833333333,14.75	42.8333333333,14.4166666667	42.9319444444,14.2733333333	42.8508333333,13.8052777778	42.6980555556,13.8994444444	42.6069444444,13.7811111111	42.4863888889,13.9511111111	42.4469444444,13.9333333333	42.3419444444,13.6016666667	42.3488888889,13.5955555556	42.4188888889,13.5330555556	42.5175,13.4444444444	42.5319444444,13.4313888889	42.6033333333,13.365	42.8775,13.1191666667	42.9472222222,13.1922222222	43.0155555556,13.2619444444	43.055,13.3033333333	43.0797222222,13.3286111111	43.1425,13.4580555556	43.2508333333,13.6822222222	43.16,14.1491666667	43.3416666667,14.4919444444	43.4163888889,14.6341666667
195	285	1504234800	1504295999	5	41.95,15.8252777778	41.9166666667,15.875	41.8333333333,15.8138888889	41.8888888889,15.7333333333	41.95,15.8252777778
195	285	1504234800	1504295999	14	42.1111111111,14.7083333333	41.8888888889,15.7333333333	41.8333333333,15.8138888889	41.4647222222,15.5602777778	41.4294444444,15.5313888889	41.3111111111,15.3208333333	41.3191666667,15.2180555556	41.3333333333,15.1666666667	41.3708333333,15.025	41.4916666667,14.5888888889	41.7833333333,14.5583333333	41.9441666667,14.6316666667	42.0125,14.6630555556	42.1111111111,14.7083333333
195	285	1504234800	1504295999	7	41.3708333333,15.025	41.3333333333,15.1666666667	41.3191666667,15.2180555556	41.3111111111,15.3208333333	41.2,15.1166666667	41.2666666667,14.8833333333	41.3708333333,15.025
195	285	1504234800	1504295999	9	42.4863888889,13.9511111111	42.6069444444,13.7811111111	42.6980555556,13.8994444444	42.8508333333,13.8052777778	42.9319444444,14.2733333333	42.8333333333,14.4166666667	42.75,14.2425	42.6666666667,14.0333333333	42.4863888889,13.9511111111
195	285	1504234800	1504295999	11	42.8333333333,14.4166666667	42.5833333333,14.75	42.3333333333,14.75	42.1663888889,13.7575	42.1888888889,13.7375	42.3419444444,13.6016666667	42.4469444444,13.9333333333	42.4863888889,13.9511111111	42.6666666667,14.0333333333	42.75,14.2425	42.8333333333,14.4166666667
305	335	1504234800	1504295999	54	43.4163888889,14.6341666667	43.3116666667,14.7977777778	43.1119444444,15.1130555556	42.9988888889,15.2905555556	42.8855555556,15.4663888889	42.8480555556,15.5247222222	42.7038888889,15.7483333333	42.6555555556,15.8236111111	42.5816666667,15.9361111111	42.5077777778,16.0488888889	42.4677777778,16.1236111111	42.3797222222,16.095	42.3311111111,16.1730555556	42.2666666667,16.1166666667	41.9166666667,15.875	41.95,15.8252777778	41.8888888889,15.7333333333	42.1111111111,14.7083333333	42.0125,14.6630555556	41.9441666667,14.6316666667	41.7833333333,14.5583333333	41.4916666667,14.5888888889	41.3708333333,15.025	41.2666666667,14.8833333333	41.3066666667,14.8069444444	41.3952777778,14.5461111111	41.45,14.3833333333	41.8144444444,14.0669444444	42.1663888889,13.7575	42.3333333333,14.75	42.5833333333,14.75	42.8333333333,14.4166666667	42.9319444444,14.2733333333	42.8508333333,13.8052777778	42.6980555556,13.8994444444	42.6069444444,13.7811111111	42.4863888889,13.9511111111	42.4469444444,13.9333333333	42.3419444444,13.6016666667	42.3488888889,13.5955555556	42.4188888889,13.5330555556	42.5175,13.4444444444	42.5319444444,13.4313888889	42.6033333333,13.365	42.8775,13.1191666667	42.9472222222,13.1922222222	43.0155555556,13.2619444444	43.055,13.3033333333	43.0797222222,13.3286111111	43.1425,13.4580555556	43.2508333333,13.6822222222	43.16,14.1491666667	43.3416666667,14.4919444444	43.4163888889,14.6341666667
305	335	1504234800	1504295999	5	41.95,15.8252777778	41.9166666667,15.875	41.8333333333,15.8138888889	41.8888888889,15.7333333333	41.95,15.8252777778
305	335	1504234800	1504295999	14	42.1111111111,14.7083333333	41.8888888889,15.7333333333	41.8333333333,15.8138888889	41.4647222222,15.5602777778	41.4294444444,15.5313888889	41.3111111111,15.3208333333	41.3191666667,15.2180555556	41.3333333333,15.1666666667	41.3708333333,15.025	41.4916666667,14.5888888889	41.7833333333,14.5583333333	41.9441666667,14.6316666667	42.0125,14.6630555556	42.1111111111,14.7083333333
305	335	1504234800	1504295999	7	41.3708333333,15.025	41.3333333333,15.1666666667	41.3191666667,15.2180555556	41.3111111111,15.3208333333	41.2,15.1166666667	41.2666666667,14.8833333333	41.3708333333,15.025
305	335	1504234800	1504295999	9	42.4863888889,13.9511111111	42.6069444444,13.7811111111	42.6980555556,13.8994444444	42.8508333333,13.8052777778	42.9319444444,14.2733333333	42.8333333333,14.4166666667	42.75,14.2425	42.6666666667,14.0333333333	42.4863888889,13.9511111111
305	335	1504234800	1504295999	11	42.8333333333,14.4166666667	42.5833333333,14.75	42.3333333333,14.75	42.1663888889,13.7575	42.1888888889,13.7375	42.3419444444,13.6016666667	42.4469444444,13.9333333333	42.4863888889,13.9511111111	42.6666666667,14.0333333333	42.75,14.2425	42.8333333333,14.4166666667
