66
335	365	1504238400	1504249199	13	44.7,10.7666666667	44.6011111111,10.8994444444	44.5611111111,10.9427777778	44.4541666667,11.0577777778	44.3969444444,10.9261111111	44.325,10.985	44.2855555556,10.8938888889	44.2841666667,10.8911111111	44.2544444444,10.8230555556	44.5,10.7333333333	44.7,10.5333333333	44.7,10.5855555556	44.7,10.7666666667
335	365	1504238400	1504249199	5	46.0683333333,8.4272222222	46.0941666667,8.5933333333	45.8191666667,8.6525	45.9994444444,8.4897222222	46.0683333333,8.4272222222
335	365	1504238400	1504249199	26	46.1466666667,8.9552777778	46.1597222222,9.0427777778	46.1536111111,9.2297222222	46.2086111111,9.2933333333	46.3091666667,9.2825	46.4147222222,9.2775	46.4819444444,9.2752777778	46.5097222222,9.3625	46.3502777778,9.5072222222	46.3388888889,9.5188888889	46.3069444444,9.5513888889	46.4166666667,9.9	46.2861111111,10.0069444444	46.0430555556,10.1166666667	45.8038888889,10.4269444444	45.7305555556,10.6277777778	45.7422222222,9.8155555556	45.5894444444,9.4483333333	45.4611111111,9.2752777778	45.5608333333,9.2722222222	45.6961111111,9.1225	45.7491666667,8.9433333333	45.9916666667,8.9827777778	46.0166666667,8.9666666667	46.0416666667,8.9666666667	46.1466666667,8.9552777778
335	365	1504238400	1504249199	12	45.9255555556,7.4508333333	45.97,7.5452777778	45.9322222222,7.7216666667	45.925,7.8477777778	45.9408333333,7.8680555556	45.9544444444,7.8772222222	45.9944444444,7.9072222222	46.0,7.9666666667	45.5958333333,7.9622222222	45.7486111111,7.6894444444	45.855,7.3919444444	45.9255555556,7.4508333333
335	365	1504238400	1504249199	25	44.2544444444,10.8230555556	44.2483333333,10.8088888889	44.2047222222,10.71	44.1708333333,10.6327777778	44.1152777778,10.5930555556	44.0983333333,10.5733333333	44.0736111111,10.5438888889	43.9833333333,10.4377777778	43.9713888889,10.4241666667	43.98,10.3697222222	44.0,10.2611111111	44.3019444444,10.1530555556	44.5066666667,9.6491666667	44.5102777778,9.64	44.5294444444,9.5922222222	44.5388888889,9.6422222222	44.6794444444,9.9238888889	44.6583333333,9.9583333333	44.6333333333,10.1083333333	44.7333333333,10.25	44.8538888889,10.2225	44.9163888889,10.3294444444	44.7,10.5333333333	44.5,10.7333333333	44.2544444444,10.8230555556
335	365	1504238400	1504249199	5	44.3969444444,10.9261111111	44.4541666667,11.0577777778	44.3880555556,11.1288888889	44.325,10.985	44.3969444444,10.9261111111
335	365	1504238400	1504249199	4	46.3333333333,8.2255555556	46.1686111111,8.5697222222	46.0683333333,8.4272222222	46.3333333333,8.2255555556
335	365	1504238400	1504249199	8	45.0602777778,9.9666666667	45.0277777778,10.0055555556	44.875,10.2166666667	44.8538888889,10.2225	44.7319444444,10.0136111111	45.0,9.8030555556	45.0602777778,9.8627777778	45.0602777778,9.9666666667
335	365	1504238400	1504249199	9	45.3819444444,9.7530555556	45.4497222222,9.9130555556	45.4308333333,9.9994444444	45.39,10.0	45.2833333333,10.0	45.2666666667,10.0	45.1969444444,10.0647222222	45.2083333333,9.995	45.3819444444,9.7530555556
335	365	1504238400	1504249199	6	45.6177777778,8.6575	45.6463888889,8.7988888889	45.4969444444,8.8577777778	45.4925,8.7955555556	45.4830555556,8.6775	45.6177777778,8.6575
335	365	1504238400	1504249199	4	46.1686111111,8.5697222222	46.1044444444,8.665	46.0941666667,8.5933333333	46.1686111111,8.5697222222
335	365	1504238400	1504249199	9	45.1,10.6441666667	45.0,10.6469444444	44.9119444444,10.6497222222	44.8286111111,10.6519444444	44.7,10.7666666667	44.7,10.5855555556	44.7,10.5333333333	44.9163888889,10.3294444444	45.1,10.6441666667
335	365	1504238400	1504249199	28	45.3425,8.5197222222	45.4186111111,8.605	45.4830555556,8.6775	45.4925,8.7955555556	45.4969444444,8.8577777778	45.2638888889,8.9158333333	45.2638888889,9.0761111111	45.2658333333,9.2672222222	45.4611111111,9.2752777778	45.5894444444,9.4483333333	45.5666666667,10.1166666667	45.5652777778,10.2313888889	45.5088888889,10.2775	45.4,10.5833333333	45.3866666667,10.5719444444	45.5363888889,10.0744444444	45.4861111111,10.0	45.4308333333,9.9994444444	45.4497222222,9.9130555556	45.3819444444,9.7530555556	45.2930555556,9.5433333333	45.2155555556,9.3627777778	45.1336111111,9.1227777778	45.0966666667,8.9625	45.0725,8.7927777778	45.0611111111,8.7025	45.3152777778,8.5991666667	45.3425,8.5197222222
335	365	1504238400	1504249199	9	45.2833333333,10.6386111111	45.1675,10.6422222222	45.1,10.6441666667	45.1969444444,10.0647222222	45.2666666667,10.0	45.2833333333,10.0	45.39,10.0	45.4308333333,9.9994444444	45.2833333333,10.6386111111
335	365	1504238400	1504249199	14	46.0941666667,8.5933333333	46.1044444444,8.665	46.1066666667,8.6802777778	46.1422222222,8.9255555556	46.1466666667,8.9552777778	46.0416666667,8.9666666667	46.0625,8.9166666667	46.0333333333,8.8833333333	45.9916666667,8.8494444444	45.9333333333,8.8	45.875,8.7833333333	45.85,8.8	45.8191666667,8.6525	46.0941666667,8.5933333333
335	365	1504238400	1504249199	7	44.8538888889,10.2225	44.7333333333,10.25	44.6333333333,10.1083333333	44.6583333333,9.9583333333	44.6794444444,9.9238888889	44.7319444444,10.0136111111	44.8538888889,10.2225
335	365	1504238400	1504249199	15	46.0166666667,8.9666666667	45.9916666667,8.9827777778	45.7491666667,8.9433333333	45.6961111111,9.1225	45.5608333333,9.2722222222	45.4611111111,9.2752777778	45.5180555556,9.1338888889	45.5805555556,8.9675	45.6463888889,8.7988888889	45.8191666667,8.6525	45.85,8.8	45.85,8.825	45.8583333333,8.875	45.9094444444,8.9066666667	46.0166666667,8.9666666667
335	365	1504238400	1504249199	7	44.0,10.2611111111	43.98,10.3697222222	43.9713888889,10.4241666667	43.9258333333,10.3702777778	43.8872222222,10.3333333333	43.8352777778,10.2833333333	44.0,10.2611111111
335	365	1504238400	1504249199	11	46.3333333333,8.2255555556	46.3875,8.3194444444	46.4141666667,8.2905555556	46.4661111111,8.4341666667	46.28,8.4436111111	46.2752777778,8.4463888889	46.2536111111,8.4591666667	46.2452777778,8.4763888889	46.2252777778,8.5033333333	46.1686111111,8.5697222222	46.3333333333,8.2255555556
335	365	1504238400	1504249199	8	45.5894444444,9.4483333333	45.7422222222,9.8155555556	45.7305555556,10.6277777778	45.6475,10.6277777778	45.5638888889,10.6277777778	45.5652777778,10.2313888889	45.5666666667,10.1166666667	45.5894444444,9.4483333333
335	365	1504238400	1504249199	16	46.0,7.9666666667	46.0786111111,8.0258333333	46.1833333333,8.1333333333	46.2605555556,8.0802777778	46.2641666667,8.0875	46.3333333333,8.2255555556	46.0683333333,8.4272222222	45.9994444444,8.4897222222	45.8191666667,8.6525	45.6177777778,8.6575	45.4830555556,8.6775	45.4186111111,8.605	45.3425,8.5197222222	45.4372222222,8.245	45.5958333333,7.9622222222	46.0,7.9666666667
335	365	1504238400	1504249199	4	45.0972222222,9.7258333333	45.0602777778,9.8627777778	45.0,9.8030555556	45.0972222222,9.7258333333
335	365	1504238400	1504249199	4	45.8191666667,8.6525	45.6463888889,8.7988888889	45.6177777778,8.6575	45.8191666667,8.6525
335	365	1504238400	1504249199	8	45.9916666667,8.8494444444	45.9094444444,8.9066666667	45.8583333333,8.875	45.85,8.825	45.85,8.8	45.875,8.7833333333	45.9333333333,8.8	45.9916666667,8.8494444444
335	365	1504238400	1504249199	9	44.8569444444,9.4830555556	44.8222222222,9.6516666667	44.8166666667,9.7	44.8013888889,9.7255555556	44.6794444444,9.9238888889	44.5388888889,9.6422222222	44.5294444444,9.5922222222	44.5375,9.5775	44.8569444444,9.4830555556
335	365	1504238400	1504249199	11	45.5652777778,10.2313888889	45.5638888889,10.6277777778	45.4716666667,10.6166666667	45.2833333333,10.6386111111	45.4308333333,9.9994444444	45.4861111111,10.0	45.5363888889,10.0744444444	45.3866666667,10.5719444444	45.4,10.5833333333	45.5088888889,10.2775	45.5652777778,10.2313888889
335	365	1504238400	1504249199	6	45.1969444444,10.0647222222	45.1,10.6441666667	44.9163888889,10.3294444444	44.9833333333,10.2666666667	45.1163888889,10.1388888889	45.1969444444,10.0647222222
335	365	1504238400	1504249199	7	46.0625,8.9166666667	46.0416666667,8.9666666667	46.0166666667,8.9666666667	45.9094444444,8.9066666667	45.9916666667,8.8494444444	46.0333333333,8.8833333333	46.0625,8.9166666667
335	365	1504238400	1504249199	9	45.6463888889,8.7988888889	45.5805555556,8.9675	45.5180555556,9.1338888889	45.4611111111,9.2752777778	45.2658333333,9.2672222222	45.2638888889,9.0761111111	45.2638888889,8.9158333333	45.4969444444,8.8577777778	45.6463888889,8.7988888889
335	365	1504238400	1504249199	12	44.975,9.7319444444	45.0,9.8030555556	44.7319444444,10.0136111111	44.6794444444,9.9238888889	44.8013888889,9.7255555556	44.8166666667,9.7	44.8222222222,9.6516666667	44.8569444444,9.4830555556	44.8894444444,9.4708333333	44.9344444444,9.6086111111	44.9591666667,9.6827777778	44.975,9.7319444444
335	365	1504238400	1504249199	11	45.0988888889,9.6461111111	45.1122222222,9.6713888889	45.0972222222,9.7258333333	45.0,9.8030555556	44.975,9.7319444444	44.9591666667,9.6827777778	44.9344444444,9.6086111111	44.8894444444,9.4708333333	45.0005555556,9.4338888889	45.0397222222,9.5166666667	45.0988888889,9.6461111111
335	365	1504238400	1504249199	19	45.2155555556,9.3627777778	45.2930555556,9.5433333333	45.3819444444,9.7530555556	45.2083333333,9.995	45.1969444444,10.0647222222	45.1163888889,10.1388888889	44.9833333333,10.2666666667	44.9163888889,10.3294444444	44.8538888889,10.2225	44.875,10.2166666667	45.0277777778,10.0055555556	45.0602777778,9.9666666667	45.0602777778,9.8627777778	45.0972222222,9.7258333333	45.1122222222,9.6713888889	45.0988888889,9.6461111111	45.0397222222,9.5166666667	45.0005555556,9.4338888889	45.2155555556,9.3627777778
335	365	1504238400	1504249199	4	46.1686111111,8.5697222222	46.0941666667,8.5933333333	46.0683333333,8.4272222222	46.1686111111,8.5697222222
305	335	1504238400	1504249199	13	44.7,10.7666666667	44.6011111111,10.8994444444	44.5611111111,10.9427777778	44.4541666667,11.0577777778	44.3969444444,10.9261111111	44.325,10.985	44.2855555556,10.8938888889	44.2841666667,10.8911111111	44.2544444444,10.8230555556	44.5,10.7333333333	44.7,10.5333333333	44.7,10.5855555556	44.7,10.7666666667
305	335	1504238400	1504249199	5	46.0683333333,8.4272222222	46.0941666667,8.5933333333	45.8191666667,8.6525	45.9994444444,8.4897222222	46.0683333333,8.4272222222
305	335	1504238400	1504249199	26	46.1466666667,8.9552777778	46.1597222222,9.0427777778	46.1536111111,9.2297222222	46.2086111111,9.2933333333	46.3091666667,9.2825	46.4147222222,9.2775	46.4819444444,9.2752777778	46.5097222222,9.3625	46.3502777778,9.5072222222	46.3388888889,9.5188888889	46.3069444444,9.5513888889	46.4166666667,9.9	46.2861111111,10.0069444444	46.0430555556,10.1166666667	45.8038888889,10.4269444444	45.7305555556,10.6277777778	45.7422222222,9.8155555556	45.5894444444,9.4483333333	45.4611111111,9.2752777778	45.5608333333,9.2722222222	45.6961111111,9.1225	45.7491666667,8.9433333333	45.9916666667,8.9827777778	46.0166666667,8.9666666667	46.0416666667,8.9666666667	46.1466666667,8.9552777778
305	335	1504238400	1504249199	12	45.9255555556,7.4508333333	45.97,7.5452777778	45.9322222222,7.7216666667	45.925,7.8477777778	45.9408333333,7.8680555556	45.9544444444,7.8772222222	45.9944444444,7.9072222222	46.0,7.9666666667	45.5958333333,7.9622222222	45.7486111111,7.6894444444	45.855,7.3919444444	45.9255555556,7.4508333333
305	335	1504238400	1504249199	25	44.2544444444,10.8230555556	44.2483333333,10.8088888889	44.2047222222,10.71	44.1708333333,10.6327777778	44.1152777778,10.5930555556	44.0983333333,10.5733333333	44.0736111111,10.5438888889	43.9833333333,10.4377777778	43.9713888889,10.4241666667	43.98,10.3697222222	44.0,10.2611111111	44.3019444444,10.1530555556	44.5066666667,9.6491666667	44.5102777778,9.64	44.5294444444,9.5922222222	44.5388888889,9.6422222222	44.6794444444,9.9238888889	44.6583333333,9.9583333333	44.6333333333,10.1083333333	44.7333333333,10.25	44.8538888889,10.2225	44.9163888889,10.3294444444	44.7,10.5333333333	44.5,10.7333333333	44.2544444444,10.8230555556
305	335	1504238400	1504249199	5	44.3969444444,10.9261111111	44.4541666667,11.0577777778	44.3880555556,11.1288888889	44.325,10.985	44.3969444444,10.9261111111
305	335	1504238400	1504249199	8	45.0602777778,9.9666666667	45.0277777778,10.0055555556	44.875,10.2166666667	44.8538888889,10.2225	44.7319444444,10.0136111111	45.0,9.8030555556	45.0602777778,9.8627777778	45.0602777778,9.9666666667
305	335	1504238400	1504249199	12	44.975,9.7319444444	45.0,9.8030555556	44.7319444444,10.0136111111	44.6794444444,9.9238888889	44.8013888889,9.7255555556	44.8166666667,9.7	44.8222222222,9.6516666667	44.8569444444,9.4830555556	44.8894444444,9.4708333333	44.9344444444,9.6086111111	44.9591666667,9.6827777778	44.975,9.7319444444
305	335	1504238400	1504249199	4	46.3333333333,8.2255555556	46.1686111111,8.5697222222	46.0683333333,8.4272222222	46.3333333333,8.2255555556
305	335	1504238400	1504249199	9	45.3819444444,9.7530555556	45.4497222222,9.9130555556	45.4308333333,9.9994444444	45.39,10.0	45.2833333333,10.0	45.2666666667,10.0	45.1969444444,10.0647222222	45.2083333333,9.995	45.3819444444,9.7530555556
305	335	1504238400	1504249199	6	45.6177777778,8.6575	45.6463888889,8.7988888889	45.4969444444,8.8577777778	45.4925,8.7955555556	45.4830555556,8.6775	45.6177777778,8.6575
305	335	1504238400	1504249199	4	46.1686111111,8.5697222222	46.1044444444,8.665	46.0941666667,8.5933333333	46.1686111111,8.5697222222
305	335	1504238400	1504249199	9	45.1,10.6441666667	45.0,10.6469444444	44.9119444444,10.6497222222	44.8286111111,10.6519444444	44.7,10.7666666667	44.7,10.5855555556	44.7,10.5333333333	44.9163888889,10.3294444444	45.1,10.6441666667
305	335	1504238400	1504249199	28	45.3425,8.5197222222	45.4186111111,8.605	45.4830555556,8.6775	45.4925,8.7955555556	45.4969444444,8.8577777778	45.2638888889,8.9158333333	45.2638888889,9.0761111111	45.2658333333,9.2672222222	45.4611111111,9.2752777778	45.5894444444,9.4483333333	45.5666666667,10.1166666667	45.5652777778,10.2313888889	45.5088888889,10.2775	45.4,10.5833333333	45.3866666667,10.5719444444	45.5363888889,10.0744444444	45.4861111111,10.0	45.4308333333,9.9994444444	45.4497222222,9.9130555556	45.3819444444,9.7530555556	45.2930555556,9.5433333333	45.2155555556,9.3627777778	45.1336111111,9.1227777778	45.0966666667,8.9625	45.0725,8.7927777778	45.0611111111,8.7025	45.3152777778,8.5991666667	45.3425,8.5197222222
305	335	1504238400	1504249199	9	45.2833333333,10.6386111111	45.1675,10.6422222222	45.1,10.6441666667	45.1969444444,10.0647222222	45.2666666667,10.0	45.2833333333,10.0	45.39,10.0	45.4308333333,9.9994444444	45.2833333333,10.6386111111
305	335	1504238400	1504249199	14	46.0941666667,8.5933333333	46.1044444444,8.665	46.1066666667,8.6802777778	46.1422222222,8.9255555556	46.1466666667,8.9552777778	46.0416666667,8.9666666667	46.0625,8.9166666667	46.0333333333,8.8833333333	45.9916666667,8.8494444444	45.9333333333,8.8	45.875,8.7833333333	45.85,8.8	45.8191666667,8.6525	46.0941666667,8.5933333333
305	335	1504238400	1504249199	7	44.8538888889,10.2225	44.7333333333,10.25	44.6333333333,10.1083333333	44.6583333333,9.9583333333	44.6794444444,9.9238888889	44.7319444444,10.0136111111	44.8538888889,10.2225
305	335	1504238400	1504249199	15	46.0166666667,8.9666666667	45.9916666667,8.9827777778	45.7491666667,8.9433333333	45.6961111111,9.1225	45.5608333333,9.2722222222	45.4611111111,9.2752777778	45.5180555556,9.1338888889	45.5805555556,8.9675	45.6463888889,8.7988888889	45.8191666667,8.6525	45.85,8.8	45.85,8.825	45.8583333333,8.875	45.9094444444,8.9066666667	46.0166666667,8.9666666667
305	335	1504238400	1504249199	7	44.0,10.2611111111	43.98,10.3697222222	43.9713888889,10.4241666667	43.9258333333,10.3702777778	43.8872222222,10.3333333333	43.8352777778,10.2833333333	44.0,10.2611111111
305	335	1504238400	1504249199	11	46.3333333333,8.2255555556	46.3875,8.3194444444	46.4141666667,8.2905555556	46.4661111111,8.4341666667	46.28,8.4436111111	46.2752777778,8.4463888889	46.2536111111,8.4591666667	46.2452777778,8.4763888889	46.2252777778,8.5033333333	46.1686111111,8.5697222222	46.3333333333,8.2255555556
305	335	1504238400	1504249199	8	45.5894444444,9.4483333333	45.7422222222,9.8155555556	45.7305555556,10.6277777778	45.6475,10.6277777778	45.5638888889,10.6277777778	45.5652777778,10.2313888889	45.5666666667,10.1166666667	45.5894444444,9.4483333333
305	335	1504238400	1504249199	16	46.0,7.9666666667	46.0786111111,8.0258333333	46.1833333333,8.1333333333	46.2605555556,8.0802777778	46.2641666667,8.0875	46.3333333333,8.2255555556	46.0683333333,8.4272222222	45.9994444444,8.4897222222	45.8191666667,8.6525	45.6177777778,8.6575	45.4830555556,8.6775	45.4186111111,8.605	45.3425,8.5197222222	45.4372222222,8.245	45.5958333333,7.9622222222	46.0,7.9666666667
305	335	1504238400	1504249199	4	45.0972222222,9.7258333333	45.0602777778,9.8627777778	45.0,9.8030555556	45.0972222222,9.7258333333
305	335	1504238400	1504249199	4	45.8191666667,8.6525	45.6463888889,8.7988888889	45.6177777778,8.6575	45.8191666667,8.6525
305	335	1504238400	1504249199	8	45.9916666667,8.8494444444	45.9094444444,8.9066666667	45.8583333333,8.875	45.85,8.825	45.85,8.8	45.875,8.7833333333	45.9333333333,8.8	45.9916666667,8.8494444444
305	335	1504238400	1504249199	9	44.8569444444,9.4830555556	44.8222222222,9.6516666667	44.8166666667,9.7	44.8013888889,9.7255555556	44.6794444444,9.9238888889	44.5388888889,9.6422222222	44.5294444444,9.5922222222	44.5375,9.5775	44.8569444444,9.4830555556
305	335	1504238400	1504249199	11	45.5652777778,10.2313888889	45.5638888889,10.6277777778	45.4716666667,10.6166666667	45.2833333333,10.6386111111	45.4308333333,9.9994444444	45.4861111111,10.0	45.5363888889,10.0744444444	45.3866666667,10.5719444444	45.4,10.5833333333	45.5088888889,10.2775	45.5652777778,10.2313888889
305	335	1504238400	1504249199	6	45.1969444444,10.0647222222	45.1,10.6441666667	44.9163888889,10.3294444444	44.9833333333,10.2666666667	45.1163888889,10.1388888889	45.1969444444,10.0647222222
305	335	1504238400	1504249199	7	46.0625,8.9166666667	46.0416666667,8.9666666667	46.0166666667,8.9666666667	45.9094444444,8.9066666667	45.9916666667,8.8494444444	46.0333333333,8.8833333333	46.0625,8.9166666667
305	335	1504238400	1504249199	9	45.6463888889,8.7988888889	45.5805555556,8.9675	45.5180555556,9.1338888889	45.4611111111,9.2752777778	45.2658333333,9.2672222222	45.2638888889,9.0761111111	45.2638888889,8.9158333333	45.4969444444,8.8577777778	45.6463888889,8.7988888889
305	335	1504238400	1504249199	4	46.1686111111,8.5697222222	46.0941666667,8.5933333333	46.0683333333,8.4272222222	46.1686111111,8.5697222222
305	335	1504238400	1504249199	11	45.0988888889,9.6461111111	45.1122222222,9.6713888889	45.0972222222,9.7258333333	45.0,9.8030555556	44.975,9.7319444444	44.9591666667,9.6827777778	44.9344444444,9.6086111111	44.8894444444,9.4708333333	45.0005555556,9.4338888889	45.0397222222,9.5166666667	45.0988888889,9.6461111111
305	335	1504238400	1504249199	19	45.2155555556,9.3627777778	45.2930555556,9.5433333333	45.3819444444,9.7530555556	45.2083333333,9.995	45.1969444444,10.0647222222	45.1163888889,10.1388888889	44.9833333333,10.2666666667	44.9163888889,10.3294444444	44.8538888889,10.2225	44.875,10.2166666667	45.0277777778,10.0055555556	45.0602777778,9.9666666667	45.0602777778,9.8627777778	45.0972222222,9.7258333333	45.1122222222,9.6713888889	45.0988888889,9.6461111111	45.0397222222,9.5166666667	45.0005555556,9.4338888889	45.2155555556,9.3627777778
