36
285	305	1504256400	1504299599	11	45.5652777778,10.2313888889	45.5638888889,10.6277777778	45.4716666667,10.6166666667	45.2833333333,10.6386111111	45.4308333333,9.9994444444	45.4861111111,10.0	45.5363888889,10.0744444444	45.3866666667,10.5719444444	45.4,10.5833333333	45.5088888889,10.2775	45.5652777778,10.2313888889
285	305	1504256400	1504299599	15	46.0166666667,8.9666666667	45.9916666667,8.9827777778	45.7491666667,8.9433333333	45.6961111111,9.1225	45.5608333333,9.2722222222	45.4611111111,9.2752777778	45.5180555556,9.1338888889	45.5805555556,8.9675	45.6463888889,8.7988888889	45.8191666667,8.6525	45.85,8.8	45.85,8.825	45.8583333333,8.875	45.9094444444,8.9066666667	46.0166666667,8.9666666667
285	305	1504256400	1504299599	12	45.9255555556,7.4508333333	45.97,7.5452777778	45.9322222222,7.7216666667	45.925,7.8477777778	45.9408333333,7.8680555556	45.9544444444,7.8772222222	45.9944444444,7.9072222222	46.0,7.9666666667	45.5958333333,7.9622222222	45.7486111111,7.6894444444	45.855,7.3919444444	45.9255555556,7.4508333333
285	305	1504256400	1504299599	5	46.0683333333,8.4272222222	46.0941666667,8.5933333333	45.8191666667,8.6525	45.9994444444,8.4897222222	46.0683333333,8.4272222222
285	305	1504256400	1504299599	11	46.3333333333,8.2255555556	46.3875,8.3194444444	46.4141666667,8.2905555556	46.4661111111,8.4341666667	46.28,8.4436111111	46.2752777778,8.4463888889	46.2536111111,8.4591666667	46.2452777778,8.4763888889	46.2252777778,8.5033333333	46.1686111111,8.5697222222	46.3333333333,8.2255555556
285	305	1504256400	1504299599	26	46.1466666667,8.9552777778	46.1597222222,9.0427777778	46.1536111111,9.2297222222	46.2086111111,9.2933333333	46.3091666667,9.2825	46.4147222222,9.2775	46.4819444444,9.2752777778	46.5097222222,9.3625	46.3502777778,9.5072222222	46.3388888889,9.5188888889	46.3069444444,9.5513888889	46.4166666667,9.9	46.2861111111,10.0069444444	46.0430555556,10.1166666667	45.8038888889,10.4269444444	45.7305555556,10.6277777778	45.7422222222,9.8155555556	45.5894444444,9.4483333333	45.4611111111,9.2752777778	45.5608333333,9.2722222222	45.6961111111,9.1225	45.7491666667,8.9433333333	45.9916666667,8.9827777778	46.0166666667,8.9666666667	46.0416666667,8.9666666667	46.1466666667,8.9552777778
285	305	1504256400	1504299599	8	45.5894444444,9.4483333333	45.7422222222,9.8155555556	45.7305555556,10.6277777778	45.6475,10.6277777778	45.5638888889,10.6277777778	45.5652777778,10.2313888889	45.5666666667,10.1166666667	45.5894444444,9.4483333333
285	305	1504256400	1504299599	16	46.0,7.9666666667	46.0786111111,8.0258333333	46.1833333333,8.1333333333	46.2605555556,8.0802777778	46.2641666667,8.0875	46.3333333333,8.2255555556	46.0683333333,8.4272222222	45.9994444444,8.4897222222	45.8191666667,8.6525	45.6177777778,8.6575	45.4830555556,8.6775	45.4186111111,8.605	45.3425,8.5197222222	45.4372222222,8.245	45.5958333333,7.9622222222	46.0,7.9666666667
285	305	1504256400	1504299599	7	46.0625,8.9166666667	46.0416666667,8.9666666667	46.0166666667,8.9666666667	45.9094444444,8.9066666667	45.9916666667,8.8494444444	46.0333333333,8.8833333333	46.0625,8.9166666667
285	305	1504256400	1504299599	4	46.3333333333,8.2255555556	46.1686111111,8.5697222222	46.0683333333,8.4272222222	46.3333333333,8.2255555556
285	305	1504256400	1504299599	9	45.6463888889,8.7988888889	45.5805555556,8.9675	45.5180555556,9.1338888889	45.4611111111,9.2752777778	45.2658333333,9.2672222222	45.2638888889,9.0761111111	45.2638888889,8.9158333333	45.4969444444,8.8577777778	45.6463888889,8.7988888889
285	305	1504256400	1504299599	6	45.6177777778,8.6575	45.6463888889,8.7988888889	45.4969444444,8.8577777778	45.4925,8.7955555556	45.4830555556,8.6775	45.6177777778,8.6575
285	305	1504256400	1504299599	4	46.1686111111,8.5697222222	46.1044444444,8.665	46.0941666667,8.5933333333	46.1686111111,8.5697222222
285	305	1504256400	1504299599	4	45.8191666667,8.6525	45.6463888889,8.7988888889	45.6177777778,8.6575	45.8191666667,8.6525
285	305	1504256400	1504299599	4	46.1686111111,8.5697222222	46.0941666667,8.5933333333	46.0683333333,8.4272222222	46.1686111111,8.5697222222
285	305	1504256400	1504299599	8	45.9916666667,8.8494444444	45.9094444444,8.9066666667	45.8583333333,8.875	45.85,8.825	45.85,8.8	45.875,8.7833333333	45.9333333333,8.8	45.9916666667,8.8494444444
285	305	1504256400	1504299599	28	45.3425,8.5197222222	45.4186111111,8.605	45.4830555556,8.6775	45.4925,8.7955555556	45.4969444444,8.8577777778	45.2638888889,8.9158333333	45.2638888889,9.0761111111	45.2658333333,9.2672222222	45.4611111111,9.2752777778	45.5894444444,9.4483333333	45.5666666667,10.1166666667	45.5652777778,10.2313888889	45.5088888889,10.2775	45.4,10.5833333333	45.3866666667,10.5719444444	45.5363888889,10.0744444444	45.4861111111,10.0	45.4308333333,9.9994444444	45.4497222222,9.9130555556	45.3819444444,9.7530555556	45.2930555556,9.5433333333	45.2155555556,9.3627777778	45.1336111111,9.1227777778	45.0966666667,8.9625	45.0725,8.7927777778	45.0611111111,8.7025	45.3152777778,8.5991666667	45.3425,8.5197222222
285	305	1504256400	1504299599	14	46.0941666667,8.5933333333	46.1044444444,8.665	46.1066666667,8.6802777778	46.1422222222,8.9255555556	46.1466666667,8.9552777778	46.0416666667,8.9666666667	46.0625,8.9166666667	46.0333333333,8.8833333333	45.9916666667,8.8494444444	45.9333333333,8.8	45.875,8.7833333333	45.85,8.8	45.8191666667,8.6525	46.0941666667,8.5933333333
0	285	1504256400	1504299599	12	45.9255555556,7.4508333333	45.97,7.5452777778	45.9322222222,7.7216666667	45.925,7.8477777778	45.9408333333,7.8680555556	45.9544444444,7.8772222222	45.9944444444,7.9072222222	46.0,7.9666666667	45.5958333333,7.9622222222	45.7486111111,7.6894444444	45.855,7.3919444444	45.9255555556,7.4508333333
205	285	1504256400	1504299599	15	46.0166666667,8.9666666667	45.9916666667,8.9827777778	45.7491666667,8.9433333333	45.6961111111,9.1225	45.5608333333,9.2722222222	45.4611111111,9.2752777778	45.5180555556,9.1338888889	45.5805555556,8.9675	45.6463888889,8.7988888889	45.8191666667,8.6525	45.85,8.8	45.85,8.825	45.8583333333,8.875	45.9094444444,8.9066666667	46.0166666667,8.9666666667
205	285	1504256400	1504299599	5	46.0683333333,8.4272222222	46.0941666667,8.5933333333	45.8191666667,8.6525	45.9994444444,8.4897222222	46.0683333333,8.4272222222
205	285	1504256400	1504299599	11	46.3333333333,8.2255555556	46.3875,8.3194444444	46.4141666667,8.2905555556	46.4661111111,8.4341666667	46.28,8.4436111111	46.2752777778,8.4463888889	46.2536111111,8.4591666667	46.2452777778,8.4763888889	46.2252777778,8.5033333333	46.1686111111,8.5697222222	46.3333333333,8.2255555556
205	285	1504256400	1504299599	26	46.1466666667,8.9552777778	46.1597222222,9.0427777778	46.1536111111,9.2297222222	46.2086111111,9.2933333333	46.3091666667,9.2825	46.4147222222,9.2775	46.4819444444,9.2752777778	46.5097222222,9.3625	46.3502777778,9.5072222222	46.3388888889,9.5188888889	46.3069444444,9.5513888889	46.4166666667,9.9	46.2861111111,10.0069444444	46.0430555556,10.1166666667	45.8038888889,10.4269444444	45.7305555556,10.6277777778	45.7422222222,9.8155555556	45.5894444444,9.4483333333	45.4611111111,9.2752777778	45.5608333333,9.2722222222	45.6961111111,9.1225	45.7491666667,8.9433333333	45.9916666667,8.9827777778	46.0166666667,8.9666666667	46.0416666667,8.9666666667	46.1466666667,8.9552777778
205	285	1504256400	1504299599	8	45.5894444444,9.4483333333	45.7422222222,9.8155555556	45.7305555556,10.6277777778	45.6475,10.6277777778	45.5638888889,10.6277777778	45.5652777778,10.2313888889	45.5666666667,10.1166666667	45.5894444444,9.4483333333
205	285	1504256400	1504299599	16	46.0,7.9666666667	46.0786111111,8.0258333333	46.1833333333,8.1333333333	46.2605555556,8.0802777778	46.2641666667,8.0875	46.3333333333,8.2255555556	46.0683333333,8.4272222222	45.9994444444,8.4897222222	45.8191666667,8.6525	45.6177777778,8.6575	45.4830555556,8.6775	45.4186111111,8.605	45.3425,8.5197222222	45.4372222222,8.245	45.5958333333,7.9622222222	46.0,7.9666666667
205	285	1504256400	1504299599	7	46.0625,8.9166666667	46.0416666667,8.9666666667	46.0166666667,8.9666666667	45.9094444444,8.9066666667	45.9916666667,8.8494444444	46.0333333333,8.8833333333	46.0625,8.9166666667
205	285	1504256400	1504299599	4	46.3333333333,8.2255555556	46.1686111111,8.5697222222	46.0683333333,8.4272222222	46.3333333333,8.2255555556
205	285	1504256400	1504299599	9	45.6463888889,8.7988888889	45.5805555556,8.9675	45.5180555556,9.1338888889	45.4611111111,9.2752777778	45.2658333333,9.2672222222	45.2638888889,9.0761111111	45.2638888889,8.9158333333	45.4969444444,8.8577777778	45.6463888889,8.7988888889
205	285	1504256400	1504299599	6	45.6177777778,8.6575	45.6463888889,8.7988888889	45.4969444444,8.8577777778	45.4925,8.7955555556	45.4830555556,8.6775	45.6177777778,8.6575
205	285	1504256400	1504299599	4	46.1686111111,8.5697222222	46.1044444444,8.665	46.0941666667,8.5933333333	46.1686111111,8.5697222222
205	285	1504256400	1504299599	4	45.8191666667,8.6525	45.6463888889,8.7988888889	45.6177777778,8.6575	45.8191666667,8.6525
205	285	1504256400	1504299599	4	46.1686111111,8.5697222222	46.0941666667,8.5933333333	46.0683333333,8.4272222222	46.1686111111,8.5697222222
205	285	1504256400	1504299599	8	45.9916666667,8.8494444444	45.9094444444,8.9066666667	45.8583333333,8.875	45.85,8.825	45.85,8.8	45.875,8.7833333333	45.9333333333,8.8	45.9916666667,8.8494444444
205	285	1504256400	1504299599	14	46.0941666667,8.5933333333	46.1044444444,8.665	46.1066666667,8.6802777778	46.1422222222,8.9255555556	46.1466666667,8.9552777778	46.0416666667,8.9666666667	46.0625,8.9166666667	46.0333333333,8.8833333333	45.9916666667,8.8494444444	45.9333333333,8.8	45.875,8.7833333333	45.85,8.8	45.8191666667,8.6525	46.0941666667,8.5933333333
195	285	1504256400	1504299599	11	45.5652777778,10.2313888889	45.5638888889,10.6277777778	45.4716666667,10.6166666667	45.2833333333,10.6386111111	45.4308333333,9.9994444444	45.4861111111,10.0	45.5363888889,10.0744444444	45.3866666667,10.5719444444	45.4,10.5833333333	45.5088888889,10.2775	45.5652777778,10.2313888889
195	285	1504256400	1504299599	28	45.3425,8.5197222222	45.4186111111,8.605	45.4830555556,8.6775	45.4925,8.7955555556	45.4969444444,8.8577777778	45.2638888889,8.9158333333	45.2638888889,9.0761111111	45.2658333333,9.2672222222	45.4611111111,9.2752777778	45.5894444444,9.4483333333	45.5666666667,10.1166666667	45.5652777778,10.2313888889	45.5088888889,10.2775	45.4,10.5833333333	45.3866666667,10.5719444444	45.5363888889,10.0744444444	45.4861111111,10.0	45.4308333333,9.9994444444	45.4497222222,9.9130555556	45.3819444444,9.7530555556	45.2930555556,9.5433333333	45.2155555556,9.3627777778	45.1336111111,9.1227777778	45.0966666667,8.9625	45.0725,8.7927777778	45.0611111111,8.7025	45.3152777778,8.5991666667	45.3425,8.5197222222
