75
285	305	1504234800	1504238399	13	44.7,10.7666666667	44.6011111111,10.8994444444	44.5611111111,10.9427777778	44.4541666667,11.0577777778	44.3969444444,10.9261111111	44.325,10.985	44.2855555556,10.8938888889	44.2841666667,10.8911111111	44.2544444444,10.8230555556	44.5,10.7333333333	44.7,10.5333333333	44.7,10.5855555556	44.7,10.7666666667
285	305	1504234800	1504238399	9	45.3819444444,9.7530555556	45.4497222222,9.9130555556	45.4308333333,9.9994444444	45.39,10.0	45.2833333333,10.0	45.2666666667,10.0	45.1969444444,10.0647222222	45.2083333333,9.995	45.3819444444,9.7530555556
285	305	1504234800	1504238399	7	44.0,10.2611111111	43.98,10.3697222222	43.9713888889,10.4241666667	43.9258333333,10.3702777778	43.8872222222,10.3333333333	43.8352777778,10.2833333333	44.0,10.2611111111
285	305	1504234800	1504238399	6	45.1969444444,10.0647222222	45.1,10.6441666667	44.9163888889,10.3294444444	44.9833333333,10.2666666667	45.1163888889,10.1388888889	45.1969444444,10.0647222222
285	305	1504234800	1504238399	25	44.2544444444,10.8230555556	44.2483333333,10.8088888889	44.2047222222,10.71	44.1708333333,10.6327777778	44.1152777778,10.5930555556	44.0983333333,10.5733333333	44.0736111111,10.5438888889	43.9833333333,10.4377777778	43.9713888889,10.4241666667	43.98,10.3697222222	44.0,10.2611111111	44.3019444444,10.1530555556	44.5066666667,9.6491666667	44.5102777778,9.64	44.5294444444,9.5922222222	44.5388888889,9.6422222222	44.6794444444,9.9238888889	44.6583333333,9.9583333333	44.6333333333,10.1083333333	44.7333333333,10.25	44.8538888889,10.2225	44.9163888889,10.3294444444	44.7,10.5333333333	44.5,10.7333333333	44.2544444444,10.8230555556
285	305	1504234800	1504238399	9	45.2833333333,10.6386111111	45.1675,10.6422222222	45.1,10.6441666667	45.1969444444,10.0647222222	45.2666666667,10.0	45.2833333333,10.0	45.39,10.0	45.4308333333,9.9994444444	45.2833333333,10.6386111111
285	305	1504234800	1504238399	4	45.0972222222,9.7258333333	45.0602777778,9.8627777778	45.0,9.8030555556	45.0972222222,9.7258333333
285	305	1504234800	1504238399	5	44.3969444444,10.9261111111	44.4541666667,11.0577777778	44.3880555556,11.1288888889	44.325,10.985	44.3969444444,10.9261111111
285	305	1504234800	1504238399	7	44.8538888889,10.2225	44.7333333333,10.25	44.6333333333,10.1083333333	44.6583333333,9.9583333333	44.6794444444,9.9238888889	44.7319444444,10.0136111111	44.8538888889,10.2225
285	305	1504234800	1504238399	9	45.1,10.6441666667	45.0,10.6469444444	44.9119444444,10.6497222222	44.8286111111,10.6519444444	44.7,10.7666666667	44.7,10.5855555556	44.7,10.5333333333	44.9163888889,10.3294444444	45.1,10.6441666667
285	305	1504234800	1504238399	12	44.975,9.7319444444	45.0,9.8030555556	44.7319444444,10.0136111111	44.6794444444,9.9238888889	44.8013888889,9.7255555556	44.8166666667,9.7	44.8222222222,9.6516666667	44.8569444444,9.4830555556	44.8894444444,9.4708333333	44.9344444444,9.6086111111	44.9591666667,9.6827777778	44.975,9.7319444444
285	305	1504234800	1504238399	11	45.0988888889,9.6461111111	45.1122222222,9.6713888889	45.0972222222,9.7258333333	45.0,9.8030555556	44.975,9.7319444444	44.9591666667,9.6827777778	44.9344444444,9.6086111111	44.8894444444,9.4708333333	45.0005555556,9.4338888889	45.0397222222,9.5166666667	45.0988888889,9.6461111111
285	305	1504234800	1504238399	8	45.0602777778,9.9666666667	45.0277777778,10.0055555556	44.875,10.2166666667	44.8538888889,10.2225	44.7319444444,10.0136111111	45.0,9.8030555556	45.0602777778,9.8627777778	45.0602777778,9.9666666667
285	305	1504234800	1504238399	9	44.8569444444,9.4830555556	44.8222222222,9.6516666667	44.8166666667,9.7	44.8013888889,9.7255555556	44.6794444444,9.9238888889	44.5388888889,9.6422222222	44.5294444444,9.5922222222	44.5375,9.5775	44.8569444444,9.4830555556
285	305	1504234800	1504238399	19	45.2155555556,9.3627777778	45.2930555556,9.5433333333	45.3819444444,9.7530555556	45.2083333333,9.995	45.1969444444,10.0647222222	45.1163888889,10.1388888889	44.9833333333,10.2666666667	44.9163888889,10.3294444444	44.8538888889,10.2225	44.875,10.2166666667	45.0277777778,10.0055555556	45.0602777778,9.9666666667	45.0602777778,9.8627777778	45.0972222222,9.7258333333	45.1122222222,9.6713888889	45.0988888889,9.6461111111	45.0397222222,9.5166666667	45.0005555556,9.4338888889	45.2155555556,9.3627777778
335	365	1504234800	1504238399	13	44.7,10.7666666667	44.6011111111,10.8994444444	44.5611111111,10.9427777778	44.4541666667,11.0577777778	44.3969444444,10.9261111111	44.325,10.985	44.2855555556,10.8938888889	44.2841666667,10.8911111111	44.2544444444,10.8230555556	44.5,10.7333333333	44.7,10.5333333333	44.7,10.5855555556	44.7,10.7666666667
335	365	1504234800	1504238399	11	45.0988888889,9.6461111111	45.1122222222,9.6713888889	45.0972222222,9.7258333333	45.0,9.8030555556	44.975,9.7319444444	44.9591666667,9.6827777778	44.9344444444,9.6086111111	44.8894444444,9.4708333333	45.0005555556,9.4338888889	45.0397222222,9.5166666667	45.0988888889,9.6461111111
335	365	1504234800	1504238399	9	45.2833333333,10.6386111111	45.1675,10.6422222222	45.1,10.6441666667	45.1969444444,10.0647222222	45.2666666667,10.0	45.2833333333,10.0	45.39,10.0	45.4308333333,9.9994444444	45.2833333333,10.6386111111
335	365	1504234800	1504238399	7	44.0,10.2611111111	43.98,10.3697222222	43.9713888889,10.4241666667	43.9258333333,10.3702777778	43.8872222222,10.3333333333	43.8352777778,10.2833333333	44.0,10.2611111111
335	365	1504234800	1504238399	6	45.1969444444,10.0647222222	45.1,10.6441666667	44.9163888889,10.3294444444	44.9833333333,10.2666666667	45.1163888889,10.1388888889	45.1969444444,10.0647222222
335	365	1504234800	1504238399	25	44.2544444444,10.8230555556	44.2483333333,10.8088888889	44.2047222222,10.71	44.1708333333,10.6327777778	44.1152777778,10.5930555556	44.0983333333,10.5733333333	44.0736111111,10.5438888889	43.9833333333,10.4377777778	43.9713888889,10.4241666667	43.98,10.3697222222	44.0,10.2611111111	44.3019444444,10.1530555556	44.5066666667,9.6491666667	44.5102777778,9.64	44.5294444444,9.5922222222	44.5388888889,9.6422222222	44.6794444444,9.9238888889	44.6583333333,9.9583333333	44.6333333333,10.1083333333	44.7333333333,10.25	44.8538888889,10.2225	44.9163888889,10.3294444444	44.7,10.5333333333	44.5,10.7333333333	44.2544444444,10.8230555556
335	365	1504234800	1504238399	8	45.0602777778,9.9666666667	45.0277777778,10.0055555556	44.875,10.2166666667	44.8538888889,10.2225	44.7319444444,10.0136111111	45.0,9.8030555556	45.0602777778,9.8627777778	45.0602777778,9.9666666667
335	365	1504234800	1504238399	4	45.0972222222,9.7258333333	45.0602777778,9.8627777778	45.0,9.8030555556	45.0972222222,9.7258333333
335	365	1504234800	1504238399	5	44.3969444444,10.9261111111	44.4541666667,11.0577777778	44.3880555556,11.1288888889	44.325,10.985	44.3969444444,10.9261111111
335	365	1504234800	1504238399	7	44.8538888889,10.2225	44.7333333333,10.25	44.6333333333,10.1083333333	44.6583333333,9.9583333333	44.6794444444,9.9238888889	44.7319444444,10.0136111111	44.8538888889,10.2225
335	365	1504234800	1504238399	9	45.1,10.6441666667	45.0,10.6469444444	44.9119444444,10.6497222222	44.8286111111,10.6519444444	44.7,10.7666666667	44.7,10.5855555556	44.7,10.5333333333	44.9163888889,10.3294444444	45.1,10.6441666667
335	365	1504234800	1504238399	12	44.975,9.7319444444	45.0,9.8030555556	44.7319444444,10.0136111111	44.6794444444,9.9238888889	44.8013888889,9.7255555556	44.8166666667,9.7	44.8222222222,9.6516666667	44.8569444444,9.4830555556	44.8894444444,9.4708333333	44.9344444444,9.6086111111	44.9591666667,9.6827777778	44.975,9.7319444444
335	365	1504234800	1504238399	9	44.8569444444,9.4830555556	44.8222222222,9.6516666667	44.8166666667,9.7	44.8013888889,9.7255555556	44.6794444444,9.9238888889	44.5388888889,9.6422222222	44.5294444444,9.5922222222	44.5375,9.5775	44.8569444444,9.4830555556
335	365	1504234800	1504238399	9	45.3819444444,9.7530555556	45.4497222222,9.9130555556	45.4308333333,9.9994444444	45.39,10.0	45.2833333333,10.0	45.2666666667,10.0	45.1969444444,10.0647222222	45.2083333333,9.995	45.3819444444,9.7530555556
335	365	1504234800	1504238399	19	45.2155555556,9.3627777778	45.2930555556,9.5433333333	45.3819444444,9.7530555556	45.2083333333,9.995	45.1969444444,10.0647222222	45.1163888889,10.1388888889	44.9833333333,10.2666666667	44.9163888889,10.3294444444	44.8538888889,10.2225	44.875,10.2166666667	45.0277777778,10.0055555556	45.0602777778,9.9666666667	45.0602777778,9.8627777778	45.0972222222,9.7258333333	45.1122222222,9.6713888889	45.0988888889,9.6461111111	45.0397222222,9.5166666667	45.0005555556,9.4338888889	45.2155555556,9.3627777778
215	285	1504234800	1504238399	7	44.0,10.2611111111	43.98,10.3697222222	43.9713888889,10.4241666667	43.9258333333,10.3702777778	43.8872222222,10.3333333333	43.8352777778,10.2833333333	44.0,10.2611111111
365	999	1504234800	1504238399	13	44.7,10.7666666667	44.6011111111,10.8994444444	44.5611111111,10.9427777778	44.4541666667,11.0577777778	44.3969444444,10.9261111111	44.325,10.985	44.2855555556,10.8938888889	44.2841666667,10.8911111111	44.2544444444,10.8230555556	44.5,10.7333333333	44.7,10.5333333333	44.7,10.5855555556	44.7,10.7666666667
365	999	1504234800	1504238399	7	44.0,10.2611111111	43.98,10.3697222222	43.9713888889,10.4241666667	43.9258333333,10.3702777778	43.8872222222,10.3333333333	43.8352777778,10.2833333333	44.0,10.2611111111
365	999	1504234800	1504238399	6	45.1969444444,10.0647222222	45.1,10.6441666667	44.9163888889,10.3294444444	44.9833333333,10.2666666667	45.1163888889,10.1388888889	45.1969444444,10.0647222222
365	999	1504234800	1504238399	25	44.2544444444,10.8230555556	44.2483333333,10.8088888889	44.2047222222,10.71	44.1708333333,10.6327777778	44.1152777778,10.5930555556	44.0983333333,10.5733333333	44.0736111111,10.5438888889	43.9833333333,10.4377777778	43.9713888889,10.4241666667	43.98,10.3697222222	44.0,10.2611111111	44.3019444444,10.1530555556	44.5066666667,9.6491666667	44.5102777778,9.64	44.5294444444,9.5922222222	44.5388888889,9.6422222222	44.6794444444,9.9238888889	44.6583333333,9.9583333333	44.6333333333,10.1083333333	44.7333333333,10.25	44.8538888889,10.2225	44.9163888889,10.3294444444	44.7,10.5333333333	44.5,10.7333333333	44.2544444444,10.8230555556
365	999	1504234800	1504238399	9	45.2833333333,10.6386111111	45.1675,10.6422222222	45.1,10.6441666667	45.1969444444,10.0647222222	45.2666666667,10.0	45.2833333333,10.0	45.39,10.0	45.4308333333,9.9994444444	45.2833333333,10.6386111111
365	999	1504234800	1504238399	4	45.0972222222,9.7258333333	45.0602777778,9.8627777778	45.0,9.8030555556	45.0972222222,9.7258333333
365	999	1504234800	1504238399	9	45.3819444444,9.7530555556	45.4497222222,9.9130555556	45.4308333333,9.9994444444	45.39,10.0	45.2833333333,10.0	45.2666666667,10.0	45.1969444444,10.0647222222	45.2083333333,9.995	45.3819444444,9.7530555556
365	999	1504234800	1504238399	7	44.8538888889,10.2225	44.7333333333,10.25	44.6333333333,10.1083333333	44.6583333333,9.9583333333	44.6794444444,9.9238888889	44.7319444444,10.0136111111	44.8538888889,10.2225
365	999	1504234800	1504238399	9	45.1,10.6441666667	45.0,10.6469444444	44.9119444444,10.6497222222	44.8286111111,10.6519444444	44.7,10.7666666667	44.7,10.5855555556	44.7,10.5333333333	44.9163888889,10.3294444444	45.1,10.6441666667
365	999	1504234800	1504238399	12	44.975,9.7319444444	45.0,9.8030555556	44.7319444444,10.0136111111	44.6794444444,9.9238888889	44.8013888889,9.7255555556	44.8166666667,9.7	44.8222222222,9.6516666667	44.8569444444,9.4830555556	44.8894444444,9.4708333333	44.9344444444,9.6086111111	44.9591666667,9.6827777778	44.975,9.7319444444
365	999	1504234800	1504238399	5	44.3969444444,10.9261111111	44.4541666667,11.0577777778	44.3880555556,11.1288888889	44.325,10.985	44.3969444444,10.9261111111
365	999	1504234800	1504238399	11	45.0988888889,9.6461111111	45.1122222222,9.6713888889	45.0972222222,9.7258333333	45.0,9.8030555556	44.975,9.7319444444	44.9591666667,9.6827777778	44.9344444444,9.6086111111	44.8894444444,9.4708333333	45.0005555556,9.4338888889	45.0397222222,9.5166666667	45.0988888889,9.6461111111
365	999	1504234800	1504238399	8	45.0602777778,9.9666666667	45.0277777778,10.0055555556	44.875,10.2166666667	44.8538888889,10.2225	44.7319444444,10.0136111111	45.0,9.8030555556	45.0602777778,9.8627777778	45.0602777778,9.9666666667
365	999	1504234800	1504238399	9	44.8569444444,9.4830555556	44.8222222222,9.6516666667	44.8166666667,9.7	44.8013888889,9.7255555556	44.6794444444,9.9238888889	44.5388888889,9.6422222222	44.5294444444,9.5922222222	44.5375,9.5775	44.8569444444,9.4830555556
365	999	1504234800	1504238399	19	45.2155555556,9.3627777778	45.2930555556,9.5433333333	45.3819444444,9.7530555556	45.2083333333,9.995	45.1969444444,10.0647222222	45.1163888889,10.1388888889	44.9833333333,10.2666666667	44.9163888889,10.3294444444	44.8538888889,10.2225	44.875,10.2166666667	45.0277777778,10.0055555556	45.0602777778,9.9666666667	45.0602777778,9.8627777778	45.0972222222,9.7258333333	45.1122222222,9.6713888889	45.0988888889,9.6461111111	45.0397222222,9.5166666667	45.0005555556,9.4338888889	45.2155555556,9.3627777778
195	285	1504234800	1504238399	13	44.7,10.7666666667	44.6011111111,10.8994444444	44.5611111111,10.9427777778	44.4541666667,11.0577777778	44.3969444444,10.9261111111	44.325,10.985	44.2855555556,10.8938888889	44.2841666667,10.8911111111	44.2544444444,10.8230555556	44.5,10.7333333333	44.7,10.5333333333	44.7,10.5855555556	44.7,10.7666666667
195	285	1504234800	1504238399	6	45.1969444444,10.0647222222	45.1,10.6441666667	44.9163888889,10.3294444444	44.9833333333,10.2666666667	45.1163888889,10.1388888889	45.1969444444,10.0647222222
195	285	1504234800	1504238399	25	44.2544444444,10.8230555556	44.2483333333,10.8088888889	44.2047222222,10.71	44.1708333333,10.6327777778	44.1152777778,10.5930555556	44.0983333333,10.5733333333	44.0736111111,10.5438888889	43.9833333333,10.4377777778	43.9713888889,10.4241666667	43.98,10.3697222222	44.0,10.2611111111	44.3019444444,10.1530555556	44.5066666667,9.6491666667	44.5102777778,9.64	44.5294444444,9.5922222222	44.5388888889,9.6422222222	44.6794444444,9.9238888889	44.6583333333,9.9583333333	44.6333333333,10.1083333333	44.7333333333,10.25	44.8538888889,10.2225	44.9163888889,10.3294444444	44.7,10.5333333333	44.5,10.7333333333	44.2544444444,10.8230555556
195	285	1504234800	1504238399	8	45.0602777778,9.9666666667	45.0277777778,10.0055555556	44.875,10.2166666667	44.8538888889,10.2225	44.7319444444,10.0136111111	45.0,9.8030555556	45.0602777778,9.8627777778	45.0602777778,9.9666666667
195	285	1504234800	1504238399	4	45.0972222222,9.7258333333	45.0602777778,9.8627777778	45.0,9.8030555556	45.0972222222,9.7258333333
195	285	1504234800	1504238399	9	45.3819444444,9.7530555556	45.4497222222,9.9130555556	45.4308333333,9.9994444444	45.39,10.0	45.2833333333,10.0	45.2666666667,10.0	45.1969444444,10.0647222222	45.2083333333,9.995	45.3819444444,9.7530555556
195	285	1504234800	1504238399	7	44.8538888889,10.2225	44.7333333333,10.25	44.6333333333,10.1083333333	44.6583333333,9.9583333333	44.6794444444,9.9238888889	44.7319444444,10.0136111111	44.8538888889,10.2225
195	285	1504234800	1504238399	9	45.1,10.6441666667	45.0,10.6469444444	44.9119444444,10.6497222222	44.8286111111,10.6519444444	44.7,10.7666666667	44.7,10.5855555556	44.7,10.5333333333	44.9163888889,10.3294444444	45.1,10.6441666667
195	285	1504234800	1504238399	12	44.975,9.7319444444	45.0,9.8030555556	44.7319444444,10.0136111111	44.6794444444,9.9238888889	44.8013888889,9.7255555556	44.8166666667,9.7	44.8222222222,9.6516666667	44.8569444444,9.4830555556	44.8894444444,9.4708333333	44.9344444444,9.6086111111	44.9591666667,9.6827777778	44.975,9.7319444444
195	285	1504234800	1504238399	5	44.3969444444,10.9261111111	44.4541666667,11.0577777778	44.3880555556,11.1288888889	44.325,10.985	44.3969444444,10.9261111111
195	285	1504234800	1504238399	11	45.0988888889,9.6461111111	45.1122222222,9.6713888889	45.0972222222,9.7258333333	45.0,9.8030555556	44.975,9.7319444444	44.9591666667,9.6827777778	44.9344444444,9.6086111111	44.8894444444,9.4708333333	45.0005555556,9.4338888889	45.0397222222,9.5166666667	45.0988888889,9.6461111111
195	285	1504234800	1504238399	9	45.2833333333,10.6386111111	45.1675,10.6422222222	45.1,10.6441666667	45.1969444444,10.0647222222	45.2666666667,10.0	45.2833333333,10.0	45.39,10.0	45.4308333333,9.9994444444	45.2833333333,10.6386111111
195	285	1504234800	1504238399	19	45.2155555556,9.3627777778	45.2930555556,9.5433333333	45.3819444444,9.7530555556	45.2083333333,9.995	45.1969444444,10.0647222222	45.1163888889,10.1388888889	44.9833333333,10.2666666667	44.9163888889,10.3294444444	44.8538888889,10.2225	44.875,10.2166666667	45.0277777778,10.0055555556	45.0602777778,9.9666666667	45.0602777778,9.8627777778	45.0972222222,9.7258333333	45.1122222222,9.6713888889	45.0988888889,9.6461111111	45.0397222222,9.5166666667	45.0005555556,9.4338888889	45.2155555556,9.3627777778
195	285	1504234800	1504238399	9	44.8569444444,9.4830555556	44.8222222222,9.6516666667	44.8166666667,9.7	44.8013888889,9.7255555556	44.6794444444,9.9238888889	44.5388888889,9.6422222222	44.5294444444,9.5922222222	44.5375,9.5775	44.8569444444,9.4830555556
305	335	1504234800	1504238399	13	44.7,10.7666666667	44.6011111111,10.8994444444	44.5611111111,10.9427777778	44.4541666667,11.0577777778	44.3969444444,10.9261111111	44.325,10.985	44.2855555556,10.8938888889	44.2841666667,10.8911111111	44.2544444444,10.8230555556	44.5,10.7333333333	44.7,10.5333333333	44.7,10.5855555556	44.7,10.7666666667
305	335	1504234800	1504238399	7	44.0,10.2611111111	43.98,10.3697222222	43.9713888889,10.4241666667	43.9258333333,10.3702777778	43.8872222222,10.3333333333	43.8352777778,10.2833333333	44.0,10.2611111111
305	335	1504234800	1504238399	6	45.1969444444,10.0647222222	45.1,10.6441666667	44.9163888889,10.3294444444	44.9833333333,10.2666666667	45.1163888889,10.1388888889	45.1969444444,10.0647222222
305	335	1504234800	1504238399	25	44.2544444444,10.8230555556	44.2483333333,10.8088888889	44.2047222222,10.71	44.1708333333,10.6327777778	44.1152777778,10.5930555556	44.0983333333,10.5733333333	44.0736111111,10.5438888889	43.9833333333,10.4377777778	43.9713888889,10.4241666667	43.98,10.3697222222	44.0,10.2611111111	44.3019444444,10.1530555556	44.5066666667,9.6491666667	44.5102777778,9.64	44.5294444444,9.5922222222	44.5388888889,9.6422222222	44.6794444444,9.9238888889	44.6583333333,9.9583333333	44.6333333333,10.1083333333	44.7333333333,10.25	44.8538888889,10.2225	44.9163888889,10.3294444444	44.7,10.5333333333	44.5,10.7333333333	44.2544444444,10.8230555556
305	335	1504234800	1504238399	8	45.0602777778,9.9666666667	45.0277777778,10.0055555556	44.875,10.2166666667	44.8538888889,10.2225	44.7319444444,10.0136111111	45.0,9.8030555556	45.0602777778,9.8627777778	45.0602777778,9.9666666667
305	335	1504234800	1504238399	4	45.0972222222,9.7258333333	45.0602777778,9.8627777778	45.0,9.8030555556	45.0972222222,9.7258333333
305	335	1504234800	1504238399	9	45.3819444444,9.7530555556	45.4497222222,9.9130555556	45.4308333333,9.9994444444	45.39,10.0	45.2833333333,10.0	45.2666666667,10.0	45.1969444444,10.0647222222	45.2083333333,9.995	45.3819444444,9.7530555556
305	335	1504234800	1504238399	7	44.8538888889,10.2225	44.7333333333,10.25	44.6333333333,10.1083333333	44.6583333333,9.9583333333	44.6794444444,9.9238888889	44.7319444444,10.0136111111	44.8538888889,10.2225
305	335	1504234800	1504238399	9	45.1,10.6441666667	45.0,10.6469444444	44.9119444444,10.6497222222	44.8286111111,10.6519444444	44.7,10.7666666667	44.7,10.5855555556	44.7,10.5333333333	44.9163888889,10.3294444444	45.1,10.6441666667
305	335	1504234800	1504238399	12	44.975,9.7319444444	45.0,9.8030555556	44.7319444444,10.0136111111	44.6794444444,9.9238888889	44.8013888889,9.7255555556	44.8166666667,9.7	44.8222222222,9.6516666667	44.8569444444,9.4830555556	44.8894444444,9.4708333333	44.9344444444,9.6086111111	44.9591666667,9.6827777778	44.975,9.7319444444
305	335	1504234800	1504238399	5	44.3969444444,10.9261111111	44.4541666667,11.0577777778	44.3880555556,11.1288888889	44.325,10.985	44.3969444444,10.9261111111
305	335	1504234800	1504238399	11	45.0988888889,9.6461111111	45.1122222222,9.6713888889	45.0972222222,9.7258333333	45.0,9.8030555556	44.975,9.7319444444	44.9591666667,9.6827777778	44.9344444444,9.6086111111	44.8894444444,9.4708333333	45.0005555556,9.4338888889	45.0397222222,9.5166666667	45.0988888889,9.6461111111
305	335	1504234800	1504238399	9	45.2833333333,10.6386111111	45.1675,10.6422222222	45.1,10.6441666667	45.1969444444,10.0647222222	45.2666666667,10.0	45.2833333333,10.0	45.39,10.0	45.4308333333,9.9994444444	45.2833333333,10.6386111111
305	335	1504234800	1504238399	19	45.2155555556,9.3627777778	45.2930555556,9.5433333333	45.3819444444,9.7530555556	45.2083333333,9.995	45.1969444444,10.0647222222	45.1163888889,10.1388888889	44.9833333333,10.2666666667	44.9163888889,10.3294444444	44.8538888889,10.2225	44.875,10.2166666667	45.0277777778,10.0055555556	45.0602777778,9.9666666667	45.0602777778,9.8627777778	45.0972222222,9.7258333333	45.1122222222,9.6713888889	45.0988888889,9.6461111111	45.0397222222,9.5166666667	45.0005555556,9.4338888889	45.2155555556,9.3627777778
305	335	1504234800	1504238399	9	44.8569444444,9.4830555556	44.8222222222,9.6516666667	44.8166666667,9.7	44.8013888889,9.7255555556	44.6794444444,9.9238888889	44.5388888889,9.6422222222	44.5294444444,9.5922222222	44.5375,9.5775	44.8569444444,9.4830555556
