125
285	305	1504234800	1504236599	21	45.3425,8.5197222222	45.3152777778,8.5991666667	45.0611111111,8.7025	44.9222222222,8.6402777778	44.5972222222,8.6655555556	44.5252777778,8.6616666667	44.2188888889,8.2038888889	44.1666666667,8.2480555556	43.9661111111,7.7527777778	44.0230555556,7.7519444444	44.0611111111,7.7127777778	44.1455555556,7.6252777778	44.1422222222,7.2855555556	44.8138888889,7.1280555556	44.8166666667,7.3022222222	44.8277777778,8.2377777778	44.8302777778,8.4102777778	44.9302777778,8.3941666667	45.1072222222,8.3680555556	45.1963888889,8.3583333333	45.3425,8.5197222222
285	305	1504234800	1504236599	21	44.5066666667,9.6491666667	44.3019444444,10.1530555556	44.0,10.2611111111	44.075,9.8333333333	43.7333333333,9.8333333333	43.6083333333,9.9222222222	43.5883333333,9.9366666667	43.5530555556,9.7683333333	43.5294444444,9.6625	43.5241666667,9.6258333333	43.5258333333,9.6252777778	43.5338888889,9.6175	43.9533333333,9.2063888889	43.9497222222,9.3458333333	43.9794444444,9.4386111111	44.0302777778,9.4652777778	44.2416666667,9.4663888889	44.3216666667,9.5941666667	44.3608333333,9.6577777778	44.4419444444,9.6619444444	44.5066666667,9.6491666667
285	305	1504234800	1504236599	4	44.6177777778,9.0788888889	44.6263888889,9.2505555556	44.5522222222,9.2455555556	44.6177777778,9.0788888889
285	305	1504234800	1504236599	6	44.0,10.2611111111	43.8352777778,10.2833333333	43.7394444444,10.1919444444	43.85,9.9833333333	44.075,9.8333333333	44.0,10.2611111111
285	305	1504234800	1504236599	6	44.5522222222,9.2455555556	44.5308333333,9.2875	44.5375,9.5775	44.5294444444,9.5922222222	44.4836111111,9.2425	44.5522222222,9.2455555556
285	305	1504234800	1504236599	14	45.2927777778,7.4225	45.3022222222,7.4311111111	45.3416666667,7.4805555556	45.3733333333,7.5588888889	45.3788888889,7.6008333333	45.2416666667,7.8994444444	45.1766666667,8.1869444444	44.9358333333,8.1438888889	44.9294444444,8.2611111111	44.9261111111,8.2608333333	44.8277777778,8.2377777778	44.8166666667,7.3022222222	45.2311111111,7.3913888889	45.2927777778,7.4225
285	305	1504234800	1504236599	7	45.2305555556,8.2336111111	45.2061111111,8.2555555556	45.1811111111,8.2611111111	45.1594444444,8.2613888889	45.1766666667,8.1869444444	45.2458333333,8.1991666667	45.2305555556,8.2336111111
285	305	1504234800	1504236599	6	45.1594444444,8.2613888889	45.1330555556,8.2611111111	44.9294444444,8.2611111111	44.9358333333,8.1438888889	45.1766666667,8.1869444444	45.1594444444,8.2613888889
285	305	1504234800	1504236599	7	44.9583333333,9.3416666667	44.9694444444,9.3666666667	44.9305555556,9.3855555556	44.8708333333,9.4166666667	44.8777777778,9.3847222222	44.9286111111,9.3569444444	44.9583333333,9.3416666667
285	305	1504234800	1504236599	11	45.1963888889,8.3583333333	45.1072222222,8.3680555556	44.9302777778,8.3941666667	44.8302777778,8.4102777778	44.8277777778,8.2377777778	44.9261111111,8.2608333333	44.9294444444,8.2611111111	45.1330555556,8.2611111111	45.1594444444,8.2613888889	45.1494444444,8.3061111111	45.1963888889,8.3583333333
285	305	1504234800	1504236599	12	45.5863888889,7.1469444444	45.6527777778,7.2080555556	45.7963888889,7.3458333333	45.855,7.3919444444	45.7486111111,7.6894444444	45.5958333333,7.9622222222	45.5355555556,7.9580555556	45.3077777778,7.9708333333	45.3719444444,7.7425	45.3844444444,7.6480555556	45.3788888889,7.6008333333	45.5863888889,7.1469444444
285	305	1504234800	1504236599	4	44.8894444444,9.4708333333	44.8569444444,9.4830555556	44.8708333333,9.4166666667	44.8894444444,9.4708333333
285	305	1504234800	1504236599	9	45.5958333333,7.9622222222	45.4372222222,8.245	45.3425,8.5197222222	45.1963888889,8.3583333333	45.2305555556,8.2336111111	45.2458333333,8.1991666667	45.3077777778,7.9708333333	45.5355555556,7.9580555556	45.5958333333,7.9622222222
285	305	1504234800	1504236599	19	45.0966666667,8.9625	45.1336111111,9.1227777778	45.2155555556,9.3627777778	45.0005555556,9.4338888889	44.9694444444,9.3666666667	44.9583333333,9.3416666667	44.9286111111,9.3569444444	44.8777777778,9.3847222222	44.8708333333,9.4166666667	44.8569444444,9.4830555556	44.5375,9.5775	44.5308333333,9.2875	44.5522222222,9.2455555556	44.6263888889,9.2505555556	44.6177777778,9.0788888889	44.6122222222,8.9688888889	44.6644444444,8.9658333333	44.9266666667,8.9622222222	45.0966666667,8.9625
285	305	1504234800	1504236599	5	44.5252777778,8.6616666667	44.375,8.6833333333	44.1666666667,8.2480555556	44.2188888889,8.2038888889	44.5252777778,8.6616666667
285	305	1504234800	1504236599	9	44.075,9.8333333333	43.85,9.9833333333	43.7394444444,10.1919444444	43.7,10.1583333333	43.6205555556,10.0788888889	43.5883333333,9.9366666667	43.6083333333,9.9222222222	43.7333333333,9.8333333333	44.075,9.8333333333
285	305	1504234800	1504236599	7	45.2305555556,8.2336111111	45.1963888889,8.3583333333	45.1494444444,8.3061111111	45.1594444444,8.2613888889	45.1811111111,8.2611111111	45.2061111111,8.2555555556	45.2305555556,8.2336111111
285	305	1504234800	1504236599	6	45.0005555556,9.4338888889	44.8894444444,9.4708333333	44.8708333333,9.4166666667	44.9305555556,9.3855555556	44.9694444444,9.3666666667	45.0005555556,9.4338888889
285	305	1504234800	1504236599	24	44.1666666667,8.2480555556	44.0702777778,8.3363888889	43.9669444444,8.5280555556	43.9652777778,8.6130555556	43.9533333333,9.2063888889	43.5338888889,9.6175	43.5258333333,9.6252777778	43.5241666667,9.6258333333	43.5047222222,9.53	43.475,9.385	43.1666666667,9.75	43.3316666667,9.1758333333	43.3883333333,8.9583333333	43.4316666667,8.8191666667	43.4375,8.8005555556	43.4622222222,8.7122222222	43.4916666667,8.5986111111	43.5055555556,8.5444444444	43.5702777778,8.3216666667	43.7019444444,7.8375	43.8194444444,7.7552777778	43.8838888889,7.7541666667	43.9661111111,7.7527777778	44.1666666667,8.2480555556
285	305	1504234800	1504236599	10	45.0611111111,8.7025	45.0725,8.7927777778	45.0966666667,8.9625	44.9266666667,8.9622222222	44.6644444444,8.9658333333	44.6122222222,8.9688888889	44.6022222222,8.7752777778	44.5972222222,8.6655555556	44.9222222222,8.6402777778	45.0611111111,8.7025
285	305	1504234800	1504236599	18	44.6122222222,8.9688888889	44.6177777778,9.0788888889	44.5522222222,9.2455555556	44.4836111111,9.2425	44.5294444444,9.5922222222	44.5102777778,9.64	44.5066666667,9.6491666667	44.4419444444,9.6619444444	44.3608333333,9.6577777778	44.3216666667,9.5941666667	44.2416666667,9.4663888889	44.0302777778,9.4652777778	43.9794444444,9.4386111111	43.9497222222,9.3458333333	43.9533333333,9.2063888889	44.4169444444,8.9702777778	44.5608333333,8.9675	44.6122222222,8.9688888889
285	305	1504234800	1504236599	20	45.3733333333,7.5588888889	45.3416666667,7.4805555556	45.3022222222,7.4311111111	45.2927777778,7.4225	45.2311111111,7.3913888889	44.8166666667,7.3022222222	44.8138888889,7.1280555556	44.9802777778,7.16	45.1061111111,7.1577777778	45.1858333333,7.1563888889	45.3541666667,7.1533333333	45.4033333333,7.0866666667	45.4563888889,7.0211111111	45.4666666667,7.0319444444	45.48,7.0433333333	45.5277777778,7.0888888889	45.5652777778,7.1247222222	45.5863888889,7.1469444444	45.3788888889,7.6008333333	45.3733333333,7.5588888889
285	305	1504234800	1504236599	8	45.3788888889,7.6008333333	45.3844444444,7.6480555556	45.3719444444,7.7425	45.3077777778,7.9708333333	45.2458333333,8.1991666667	45.1766666667,8.1869444444	45.2416666667,7.8994444444	45.3788888889,7.6008333333
285	305	1504234800	1504236599	13	44.5605555556,8.7133333333	44.6022222222,8.7752777778	44.6122222222,8.9688888889	44.5608333333,8.9675	44.4169444444,8.9702777778	43.9533333333,9.2063888889	43.9652777778,8.6130555556	43.9669444444,8.5280555556	44.0702777778,8.3363888889	44.1666666667,8.2480555556	44.375,8.6833333333	44.5252777778,8.6616666667	44.5605555556,8.7133333333
285	305	1504234800	1504236599	5	44.5972222222,8.6655555556	44.6022222222,8.7752777778	44.5605555556,8.7133333333	44.5252777778,8.6616666667	44.5972222222,8.6655555556
335	365	1504234800	1504236599	21	45.3425,8.5197222222	45.3152777778,8.5991666667	45.0611111111,8.7025	44.9222222222,8.6402777778	44.5972222222,8.6655555556	44.5252777778,8.6616666667	44.2188888889,8.2038888889	44.1666666667,8.2480555556	43.9661111111,7.7527777778	44.0230555556,7.7519444444	44.0611111111,7.7127777778	44.1455555556,7.6252777778	44.1422222222,7.2855555556	44.8138888889,7.1280555556	44.8166666667,7.3022222222	44.8277777778,8.2377777778	44.8302777778,8.4102777778	44.9302777778,8.3941666667	45.1072222222,8.3680555556	45.1963888889,8.3583333333	45.3425,8.5197222222
335	365	1504234800	1504236599	4	44.6177777778,9.0788888889	44.6263888889,9.2505555556	44.5522222222,9.2455555556	44.6177777778,9.0788888889
335	365	1504234800	1504236599	6	44.0,10.2611111111	43.8352777778,10.2833333333	43.7394444444,10.1919444444	43.85,9.9833333333	44.075,9.8333333333	44.0,10.2611111111
335	365	1504234800	1504236599	11	45.1963888889,8.3583333333	45.1072222222,8.3680555556	44.9302777778,8.3941666667	44.8302777778,8.4102777778	44.8277777778,8.2377777778	44.9261111111,8.2608333333	44.9294444444,8.2611111111	45.1330555556,8.2611111111	45.1594444444,8.2613888889	45.1494444444,8.3061111111	45.1963888889,8.3583333333
335	365	1504234800	1504236599	14	45.2927777778,7.4225	45.3022222222,7.4311111111	45.3416666667,7.4805555556	45.3733333333,7.5588888889	45.3788888889,7.6008333333	45.2416666667,7.8994444444	45.1766666667,8.1869444444	44.9358333333,8.1438888889	44.9294444444,8.2611111111	44.9261111111,8.2608333333	44.8277777778,8.2377777778	44.8166666667,7.3022222222	45.2311111111,7.3913888889	45.2927777778,7.4225
335	365	1504234800	1504236599	7	45.2305555556,8.2336111111	45.2061111111,8.2555555556	45.1811111111,8.2611111111	45.1594444444,8.2613888889	45.1766666667,8.1869444444	45.2458333333,8.1991666667	45.2305555556,8.2336111111
335	365	1504234800	1504236599	6	45.1594444444,8.2613888889	45.1330555556,8.2611111111	44.9294444444,8.2611111111	44.9358333333,8.1438888889	45.1766666667,8.1869444444	45.1594444444,8.2613888889
335	365	1504234800	1504236599	7	44.9583333333,9.3416666667	44.9694444444,9.3666666667	44.9305555556,9.3855555556	44.8708333333,9.4166666667	44.8777777778,9.3847222222	44.9286111111,9.3569444444	44.9583333333,9.3416666667
335	365	1504234800	1504236599	21	44.5066666667,9.6491666667	44.3019444444,10.1530555556	44.0,10.2611111111	44.075,9.8333333333	43.7333333333,9.8333333333	43.6083333333,9.9222222222	43.5883333333,9.9366666667	43.5530555556,9.7683333333	43.5294444444,9.6625	43.5241666667,9.6258333333	43.5258333333,9.6252777778	43.5338888889,9.6175	43.9533333333,9.2063888889	43.9497222222,9.3458333333	43.9794444444,9.4386111111	44.0302777778,9.4652777778	44.2416666667,9.4663888889	44.3216666667,9.5941666667	44.3608333333,9.6577777778	44.4419444444,9.6619444444	44.5066666667,9.6491666667
335	365	1504234800	1504236599	19	45.0966666667,8.9625	45.1336111111,9.1227777778	45.2155555556,9.3627777778	45.0005555556,9.4338888889	44.9694444444,9.3666666667	44.9583333333,9.3416666667	44.9286111111,9.3569444444	44.8777777778,9.3847222222	44.8708333333,9.4166666667	44.8569444444,9.4830555556	44.5375,9.5775	44.5308333333,9.2875	44.5522222222,9.2455555556	44.6263888889,9.2505555556	44.6177777778,9.0788888889	44.6122222222,8.9688888889	44.6644444444,8.9658333333	44.9266666667,8.9622222222	45.0966666667,8.9625
335	365	1504234800	1504236599	4	44.8894444444,9.4708333333	44.8569444444,9.4830555556	44.8708333333,9.4166666667	44.8894444444,9.4708333333
335	365	1504234800	1504236599	7	45.2305555556,8.2336111111	45.1963888889,8.3583333333	45.1494444444,8.3061111111	45.1594444444,8.2613888889	45.1811111111,8.2611111111	45.2061111111,8.2555555556	45.2305555556,8.2336111111
335	365	1504234800	1504236599	6	44.5522222222,9.2455555556	44.5308333333,9.2875	44.5375,9.5775	44.5294444444,9.5922222222	44.4836111111,9.2425	44.5522222222,9.2455555556
335	365	1504234800	1504236599	12	45.5863888889,7.1469444444	45.6527777778,7.2080555556	45.7963888889,7.3458333333	45.855,7.3919444444	45.7486111111,7.6894444444	45.5958333333,7.9622222222	45.5355555556,7.9580555556	45.3077777778,7.9708333333	45.3719444444,7.7425	45.3844444444,7.6480555556	45.3788888889,7.6008333333	45.5863888889,7.1469444444
335	365	1504234800	1504236599	5	44.5252777778,8.6616666667	44.375,8.6833333333	44.1666666667,8.2480555556	44.2188888889,8.2038888889	44.5252777778,8.6616666667
335	365	1504234800	1504236599	9	44.075,9.8333333333	43.85,9.9833333333	43.7394444444,10.1919444444	43.7,10.1583333333	43.6205555556,10.0788888889	43.5883333333,9.9366666667	43.6083333333,9.9222222222	43.7333333333,9.8333333333	44.075,9.8333333333
335	365	1504234800	1504236599	9	45.5958333333,7.9622222222	45.4372222222,8.245	45.3425,8.5197222222	45.1963888889,8.3583333333	45.2305555556,8.2336111111	45.2458333333,8.1991666667	45.3077777778,7.9708333333	45.5355555556,7.9580555556	45.5958333333,7.9622222222
335	365	1504234800	1504236599	6	45.0005555556,9.4338888889	44.8894444444,9.4708333333	44.8708333333,9.4166666667	44.9305555556,9.3855555556	44.9694444444,9.3666666667	45.0005555556,9.4338888889
335	365	1504234800	1504236599	24	44.1666666667,8.2480555556	44.0702777778,8.3363888889	43.9669444444,8.5280555556	43.9652777778,8.6130555556	43.9533333333,9.2063888889	43.5338888889,9.6175	43.5258333333,9.6252777778	43.5241666667,9.6258333333	43.5047222222,9.53	43.475,9.385	43.1666666667,9.75	43.3316666667,9.1758333333	43.3883333333,8.9583333333	43.4316666667,8.8191666667	43.4375,8.8005555556	43.4622222222,8.7122222222	43.4916666667,8.5986111111	43.5055555556,8.5444444444	43.5702777778,8.3216666667	43.7019444444,7.8375	43.8194444444,7.7552777778	43.8838888889,7.7541666667	43.9661111111,7.7527777778	44.1666666667,8.2480555556
335	365	1504234800	1504236599	10	45.0611111111,8.7025	45.0725,8.7927777778	45.0966666667,8.9625	44.9266666667,8.9622222222	44.6644444444,8.9658333333	44.6122222222,8.9688888889	44.6022222222,8.7752777778	44.5972222222,8.6655555556	44.9222222222,8.6402777778	45.0611111111,8.7025
335	365	1504234800	1504236599	5	44.5972222222,8.6655555556	44.6022222222,8.7752777778	44.5605555556,8.7133333333	44.5252777778,8.6616666667	44.5972222222,8.6655555556
335	365	1504234800	1504236599	20	45.3733333333,7.5588888889	45.3416666667,7.4805555556	45.3022222222,7.4311111111	45.2927777778,7.4225	45.2311111111,7.3913888889	44.8166666667,7.3022222222	44.8138888889,7.1280555556	44.9802777778,7.16	45.1061111111,7.1577777778	45.1858333333,7.1563888889	45.3541666667,7.1533333333	45.4033333333,7.0866666667	45.4563888889,7.0211111111	45.4666666667,7.0319444444	45.48,7.0433333333	45.5277777778,7.0888888889	45.5652777778,7.1247222222	45.5863888889,7.1469444444	45.3788888889,7.6008333333	45.3733333333,7.5588888889
335	365	1504234800	1504236599	8	45.3788888889,7.6008333333	45.3844444444,7.6480555556	45.3719444444,7.7425	45.3077777778,7.9708333333	45.2458333333,8.1991666667	45.1766666667,8.1869444444	45.2416666667,7.8994444444	45.3788888889,7.6008333333
335	365	1504234800	1504236599	13	44.5605555556,8.7133333333	44.6022222222,8.7752777778	44.6122222222,8.9688888889	44.5608333333,8.9675	44.4169444444,8.9702777778	43.9533333333,9.2063888889	43.9652777778,8.6130555556	43.9669444444,8.5280555556	44.0702777778,8.3363888889	44.1666666667,8.2480555556	44.375,8.6833333333	44.5252777778,8.6616666667	44.5605555556,8.7133333333
335	365	1504234800	1504236599	18	44.6122222222,8.9688888889	44.6177777778,9.0788888889	44.5522222222,9.2455555556	44.4836111111,9.2425	44.5294444444,9.5922222222	44.5102777778,9.64	44.5066666667,9.6491666667	44.4419444444,9.6619444444	44.3608333333,9.6577777778	44.3216666667,9.5941666667	44.2416666667,9.4663888889	44.0302777778,9.4652777778	43.9794444444,9.4386111111	43.9497222222,9.3458333333	43.9533333333,9.2063888889	44.4169444444,8.9702777778	44.5608333333,8.9675	44.6122222222,8.9688888889
215	285	1504234800	1504236599	9	44.075,9.8333333333	43.85,9.9833333333	43.7394444444,10.1919444444	43.7,10.1583333333	43.6205555556,10.0788888889	43.5883333333,9.9366666667	43.6083333333,9.9222222222	43.7333333333,9.8333333333	44.075,9.8333333333
215	285	1504234800	1504236599	6	44.0,10.2611111111	43.8352777778,10.2833333333	43.7394444444,10.1919444444	43.85,9.9833333333	44.075,9.8333333333	44.0,10.2611111111
365	999	1504234800	1504236599	21	45.3425,8.5197222222	45.3152777778,8.5991666667	45.0611111111,8.7025	44.9222222222,8.6402777778	44.5972222222,8.6655555556	44.5252777778,8.6616666667	44.2188888889,8.2038888889	44.1666666667,8.2480555556	43.9661111111,7.7527777778	44.0230555556,7.7519444444	44.0611111111,7.7127777778	44.1455555556,7.6252777778	44.1422222222,7.2855555556	44.8138888889,7.1280555556	44.8166666667,7.3022222222	44.8277777778,8.2377777778	44.8302777778,8.4102777778	44.9302777778,8.3941666667	45.1072222222,8.3680555556	45.1963888889,8.3583333333	45.3425,8.5197222222
365	999	1504234800	1504236599	4	44.6177777778,9.0788888889	44.6263888889,9.2505555556	44.5522222222,9.2455555556	44.6177777778,9.0788888889
365	999	1504234800	1504236599	6	44.0,10.2611111111	43.8352777778,10.2833333333	43.7394444444,10.1919444444	43.85,9.9833333333	44.075,9.8333333333	44.0,10.2611111111
365	999	1504234800	1504236599	6	44.5522222222,9.2455555556	44.5308333333,9.2875	44.5375,9.5775	44.5294444444,9.5922222222	44.4836111111,9.2425	44.5522222222,9.2455555556
365	999	1504234800	1504236599	14	45.2927777778,7.4225	45.3022222222,7.4311111111	45.3416666667,7.4805555556	45.3733333333,7.5588888889	45.3788888889,7.6008333333	45.2416666667,7.8994444444	45.1766666667,8.1869444444	44.9358333333,8.1438888889	44.9294444444,8.2611111111	44.9261111111,8.2608333333	44.8277777778,8.2377777778	44.8166666667,7.3022222222	45.2311111111,7.3913888889	45.2927777778,7.4225
365	999	1504234800	1504236599	7	45.2305555556,8.2336111111	45.2061111111,8.2555555556	45.1811111111,8.2611111111	45.1594444444,8.2613888889	45.1766666667,8.1869444444	45.2458333333,8.1991666667	45.2305555556,8.2336111111
365	999	1504234800	1504236599	6	45.1594444444,8.2613888889	45.1330555556,8.2611111111	44.9294444444,8.2611111111	44.9358333333,8.1438888889	45.1766666667,8.1869444444	45.1594444444,8.2613888889
365	999	1504234800	1504236599	7	44.9583333333,9.3416666667	44.9694444444,9.3666666667	44.9305555556,9.3855555556	44.8708333333,9.4166666667	44.8777777778,9.3847222222	44.9286111111,9.3569444444	44.9583333333,9.3416666667
365	999	1504234800	1504236599	21	44.5066666667,9.6491666667	44.3019444444,10.1530555556	44.0,10.2611111111	44.075,9.8333333333	43.7333333333,9.8333333333	43.6083333333,9.9222222222	43.5883333333,9.9366666667	43.5530555556,9.7683333333	43.5294444444,9.6625	43.5241666667,9.6258333333	43.5258333333,9.6252777778	43.5338888889,9.6175	43.9533333333,9.2063888889	43.9497222222,9.3458333333	43.9794444444,9.4386111111	44.0302777778,9.4652777778	44.2416666667,9.4663888889	44.3216666667,9.5941666667	44.3608333333,9.6577777778	44.4419444444,9.6619444444	44.5066666667,9.6491666667
365	999	1504234800	1504236599	12	45.5863888889,7.1469444444	45.6527777778,7.2080555556	45.7963888889,7.3458333333	45.855,7.3919444444	45.7486111111,7.6894444444	45.5958333333,7.9622222222	45.5355555556,7.9580555556	45.3077777778,7.9708333333	45.3719444444,7.7425	45.3844444444,7.6480555556	45.3788888889,7.6008333333	45.5863888889,7.1469444444
365	999	1504234800	1504236599	4	44.8894444444,9.4708333333	44.8569444444,9.4830555556	44.8708333333,9.4166666667	44.8894444444,9.4708333333
365	999	1504234800	1504236599	7	45.2305555556,8.2336111111	45.1963888889,8.3583333333	45.1494444444,8.3061111111	45.1594444444,8.2613888889	45.1811111111,8.2611111111	45.2061111111,8.2555555556	45.2305555556,8.2336111111
365	999	1504234800	1504236599	19	45.0966666667,8.9625	45.1336111111,9.1227777778	45.2155555556,9.3627777778	45.0005555556,9.4338888889	44.9694444444,9.3666666667	44.9583333333,9.3416666667	44.9286111111,9.3569444444	44.8777777778,9.3847222222	44.8708333333,9.4166666667	44.8569444444,9.4830555556	44.5375,9.5775	44.5308333333,9.2875	44.5522222222,9.2455555556	44.6263888889,9.2505555556	44.6177777778,9.0788888889	44.6122222222,8.9688888889	44.6644444444,8.9658333333	44.9266666667,8.9622222222	45.0966666667,8.9625
365	999	1504234800	1504236599	11	45.1963888889,8.3583333333	45.1072222222,8.3680555556	44.9302777778,8.3941666667	44.8302777778,8.4102777778	44.8277777778,8.2377777778	44.9261111111,8.2608333333	44.9294444444,8.2611111111	45.1330555556,8.2611111111	45.1594444444,8.2613888889	45.1494444444,8.3061111111	45.1963888889,8.3583333333
365	999	1504234800	1504236599	5	44.5252777778,8.6616666667	44.375,8.6833333333	44.1666666667,8.2480555556	44.2188888889,8.2038888889	44.5252777778,8.6616666667
365	999	1504234800	1504236599	9	44.075,9.8333333333	43.85,9.9833333333	43.7394444444,10.1919444444	43.7,10.1583333333	43.6205555556,10.0788888889	43.5883333333,9.9366666667	43.6083333333,9.9222222222	43.7333333333,9.8333333333	44.075,9.8333333333
365	999	1504234800	1504236599	9	45.5958333333,7.9622222222	45.4372222222,8.245	45.3425,8.5197222222	45.1963888889,8.3583333333	45.2305555556,8.2336111111	45.2458333333,8.1991666667	45.3077777778,7.9708333333	45.5355555556,7.9580555556	45.5958333333,7.9622222222
365	999	1504234800	1504236599	6	45.0005555556,9.4338888889	44.8894444444,9.4708333333	44.8708333333,9.4166666667	44.9305555556,9.3855555556	44.9694444444,9.3666666667	45.0005555556,9.4338888889
365	999	1504234800	1504236599	24	44.1666666667,8.2480555556	44.0702777778,8.3363888889	43.9669444444,8.5280555556	43.9652777778,8.6130555556	43.9533333333,9.2063888889	43.5338888889,9.6175	43.5258333333,9.6252777778	43.5241666667,9.6258333333	43.5047222222,9.53	43.475,9.385	43.1666666667,9.75	43.3316666667,9.1758333333	43.3883333333,8.9583333333	43.4316666667,8.8191666667	43.4375,8.8005555556	43.4622222222,8.7122222222	43.4916666667,8.5986111111	43.5055555556,8.5444444444	43.5702777778,8.3216666667	43.7019444444,7.8375	43.8194444444,7.7552777778	43.8838888889,7.7541666667	43.9661111111,7.7527777778	44.1666666667,8.2480555556
365	999	1504234800	1504236599	10	45.0611111111,8.7025	45.0725,8.7927777778	45.0966666667,8.9625	44.9266666667,8.9622222222	44.6644444444,8.9658333333	44.6122222222,8.9688888889	44.6022222222,8.7752777778	44.5972222222,8.6655555556	44.9222222222,8.6402777778	45.0611111111,8.7025
365	999	1504234800	1504236599	5	44.5972222222,8.6655555556	44.6022222222,8.7752777778	44.5605555556,8.7133333333	44.5252777778,8.6616666667	44.5972222222,8.6655555556
365	999	1504234800	1504236599	20	45.3733333333,7.5588888889	45.3416666667,7.4805555556	45.3022222222,7.4311111111	45.2927777778,7.4225	45.2311111111,7.3913888889	44.8166666667,7.3022222222	44.8138888889,7.1280555556	44.9802777778,7.16	45.1061111111,7.1577777778	45.1858333333,7.1563888889	45.3541666667,7.1533333333	45.4033333333,7.0866666667	45.4563888889,7.0211111111	45.4666666667,7.0319444444	45.48,7.0433333333	45.5277777778,7.0888888889	45.5652777778,7.1247222222	45.5863888889,7.1469444444	45.3788888889,7.6008333333	45.3733333333,7.5588888889
365	999	1504234800	1504236599	8	45.3788888889,7.6008333333	45.3844444444,7.6480555556	45.3719444444,7.7425	45.3077777778,7.9708333333	45.2458333333,8.1991666667	45.1766666667,8.1869444444	45.2416666667,7.8994444444	45.3788888889,7.6008333333
365	999	1504234800	1504236599	13	44.5605555556,8.7133333333	44.6022222222,8.7752777778	44.6122222222,8.9688888889	44.5608333333,8.9675	44.4169444444,8.9702777778	43.9533333333,9.2063888889	43.9652777778,8.6130555556	43.9669444444,8.5280555556	44.0702777778,8.3363888889	44.1666666667,8.2480555556	44.375,8.6833333333	44.5252777778,8.6616666667	44.5605555556,8.7133333333
365	999	1504234800	1504236599	18	44.6122222222,8.9688888889	44.6177777778,9.0788888889	44.5522222222,9.2455555556	44.4836111111,9.2425	44.5294444444,9.5922222222	44.5102777778,9.64	44.5066666667,9.6491666667	44.4419444444,9.6619444444	44.3608333333,9.6577777778	44.3216666667,9.5941666667	44.2416666667,9.4663888889	44.0302777778,9.4652777778	43.9794444444,9.4386111111	43.9497222222,9.3458333333	43.9533333333,9.2063888889	44.4169444444,8.9702777778	44.5608333333,8.9675	44.6122222222,8.9688888889
205	285	1504234800	1504236599	9	45.5958333333,7.9622222222	45.4372222222,8.245	45.3425,8.5197222222	45.1963888889,8.3583333333	45.2305555556,8.2336111111	45.2458333333,8.1991666667	45.3077777778,7.9708333333	45.5355555556,7.9580555556	45.5958333333,7.9622222222
195	285	1504234800	1504236599	7	45.2305555556,8.2336111111	45.2061111111,8.2555555556	45.1811111111,8.2611111111	45.1594444444,8.2613888889	45.1766666667,8.1869444444	45.2458333333,8.1991666667	45.2305555556,8.2336111111
195	285	1504234800	1504236599	21	44.5066666667,9.6491666667	44.3019444444,10.1530555556	44.0,10.2611111111	44.075,9.8333333333	43.7333333333,9.8333333333	43.6083333333,9.9222222222	43.5883333333,9.9366666667	43.5530555556,9.7683333333	43.5294444444,9.6625	43.5241666667,9.6258333333	43.5258333333,9.6252777778	43.5338888889,9.6175	43.9533333333,9.2063888889	43.9497222222,9.3458333333	43.9794444444,9.4386111111	44.0302777778,9.4652777778	44.2416666667,9.4663888889	44.3216666667,9.5941666667	44.3608333333,9.6577777778	44.4419444444,9.6619444444	44.5066666667,9.6491666667
195	285	1504234800	1504236599	4	44.6177777778,9.0788888889	44.6263888889,9.2505555556	44.5522222222,9.2455555556	44.6177777778,9.0788888889
195	285	1504234800	1504236599	6	44.5522222222,9.2455555556	44.5308333333,9.2875	44.5375,9.5775	44.5294444444,9.5922222222	44.4836111111,9.2425	44.5522222222,9.2455555556
195	285	1504234800	1504236599	14	45.2927777778,7.4225	45.3022222222,7.4311111111	45.3416666667,7.4805555556	45.3733333333,7.5588888889	45.3788888889,7.6008333333	45.2416666667,7.8994444444	45.1766666667,8.1869444444	44.9358333333,8.1438888889	44.9294444444,8.2611111111	44.9261111111,8.2608333333	44.8277777778,8.2377777778	44.8166666667,7.3022222222	45.2311111111,7.3913888889	45.2927777778,7.4225
195	285	1504234800	1504236599	21	45.3425,8.5197222222	45.3152777778,8.5991666667	45.0611111111,8.7025	44.9222222222,8.6402777778	44.5972222222,8.6655555556	44.5252777778,8.6616666667	44.2188888889,8.2038888889	44.1666666667,8.2480555556	43.9661111111,7.7527777778	44.0230555556,7.7519444444	44.0611111111,7.7127777778	44.1455555556,7.6252777778	44.1422222222,7.2855555556	44.8138888889,7.1280555556	44.8166666667,7.3022222222	44.8277777778,8.2377777778	44.8302777778,8.4102777778	44.9302777778,8.3941666667	45.1072222222,8.3680555556	45.1963888889,8.3583333333	45.3425,8.5197222222
195	285	1504234800	1504236599	6	45.1594444444,8.2613888889	45.1330555556,8.2611111111	44.9294444444,8.2611111111	44.9358333333,8.1438888889	45.1766666667,8.1869444444	45.1594444444,8.2613888889
195	285	1504234800	1504236599	7	44.9583333333,9.3416666667	44.9694444444,9.3666666667	44.9305555556,9.3855555556	44.8708333333,9.4166666667	44.8777777778,9.3847222222	44.9286111111,9.3569444444	44.9583333333,9.3416666667
195	285	1504234800	1504236599	11	45.1963888889,8.3583333333	45.1072222222,8.3680555556	44.9302777778,8.3941666667	44.8302777778,8.4102777778	44.8277777778,8.2377777778	44.9261111111,8.2608333333	44.9294444444,8.2611111111	45.1330555556,8.2611111111	45.1594444444,8.2613888889	45.1494444444,8.3061111111	45.1963888889,8.3583333333
195	285	1504234800	1504236599	12	45.5863888889,7.1469444444	45.6527777778,7.2080555556	45.7963888889,7.3458333333	45.855,7.3919444444	45.7486111111,7.6894444444	45.5958333333,7.9622222222	45.5355555556,7.9580555556	45.3077777778,7.9708333333	45.3719444444,7.7425	45.3844444444,7.6480555556	45.3788888889,7.6008333333	45.5863888889,7.1469444444
195	285	1504234800	1504236599	4	44.8894444444,9.4708333333	44.8569444444,9.4830555556	44.8708333333,9.4166666667	44.8894444444,9.4708333333
195	285	1504234800	1504236599	7	45.2305555556,8.2336111111	45.1963888889,8.3583333333	45.1494444444,8.3061111111	45.1594444444,8.2613888889	45.1811111111,8.2611111111	45.2061111111,8.2555555556	45.2305555556,8.2336111111
195	285	1504234800	1504236599	19	45.0966666667,8.9625	45.1336111111,9.1227777778	45.2155555556,9.3627777778	45.0005555556,9.4338888889	44.9694444444,9.3666666667	44.9583333333,9.3416666667	44.9286111111,9.3569444444	44.8777777778,9.3847222222	44.8708333333,9.4166666667	44.8569444444,9.4830555556	44.5375,9.5775	44.5308333333,9.2875	44.5522222222,9.2455555556	44.6263888889,9.2505555556	44.6177777778,9.0788888889	44.6122222222,8.9688888889	44.6644444444,8.9658333333	44.9266666667,8.9622222222	45.0966666667,8.9625
195	285	1504234800	1504236599	5	44.5252777778,8.6616666667	44.375,8.6833333333	44.1666666667,8.2480555556	44.2188888889,8.2038888889	44.5252777778,8.6616666667
195	285	1504234800	1504236599	6	45.0005555556,9.4338888889	44.8894444444,9.4708333333	44.8708333333,9.4166666667	44.9305555556,9.3855555556	44.9694444444,9.3666666667	45.0005555556,9.4338888889
195	285	1504234800	1504236599	24	44.1666666667,8.2480555556	44.0702777778,8.3363888889	43.9669444444,8.5280555556	43.9652777778,8.6130555556	43.9533333333,9.2063888889	43.5338888889,9.6175	43.5258333333,9.6252777778	43.5241666667,9.6258333333	43.5047222222,9.53	43.475,9.385	43.1666666667,9.75	43.3316666667,9.1758333333	43.3883333333,8.9583333333	43.4316666667,8.8191666667	43.4375,8.8005555556	43.4622222222,8.7122222222	43.4916666667,8.5986111111	43.5055555556,8.5444444444	43.5702777778,8.3216666667	43.7019444444,7.8375	43.8194444444,7.7552777778	43.8838888889,7.7541666667	43.9661111111,7.7527777778	44.1666666667,8.2480555556
195	285	1504234800	1504236599	10	45.0611111111,8.7025	45.0725,8.7927777778	45.0966666667,8.9625	44.9266666667,8.9622222222	44.6644444444,8.9658333333	44.6122222222,8.9688888889	44.6022222222,8.7752777778	44.5972222222,8.6655555556	44.9222222222,8.6402777778	45.0611111111,8.7025
195	285	1504234800	1504236599	18	44.6122222222,8.9688888889	44.6177777778,9.0788888889	44.5522222222,9.2455555556	44.4836111111,9.2425	44.5294444444,9.5922222222	44.5102777778,9.64	44.5066666667,9.6491666667	44.4419444444,9.6619444444	44.3608333333,9.6577777778	44.3216666667,9.5941666667	44.2416666667,9.4663888889	44.0302777778,9.4652777778	43.9794444444,9.4386111111	43.9497222222,9.3458333333	43.9533333333,9.2063888889	44.4169444444,8.9702777778	44.5608333333,8.9675	44.6122222222,8.9688888889
195	285	1504234800	1504236599	20	45.3733333333,7.5588888889	45.3416666667,7.4805555556	45.3022222222,7.4311111111	45.2927777778,7.4225	45.2311111111,7.3913888889	44.8166666667,7.3022222222	44.8138888889,7.1280555556	44.9802777778,7.16	45.1061111111,7.1577777778	45.1858333333,7.1563888889	45.3541666667,7.1533333333	45.4033333333,7.0866666667	45.4563888889,7.0211111111	45.4666666667,7.0319444444	45.48,7.0433333333	45.5277777778,7.0888888889	45.5652777778,7.1247222222	45.5863888889,7.1469444444	45.3788888889,7.6008333333	45.3733333333,7.5588888889
195	285	1504234800	1504236599	8	45.3788888889,7.6008333333	45.3844444444,7.6480555556	45.3719444444,7.7425	45.3077777778,7.9708333333	45.2458333333,8.1991666667	45.1766666667,8.1869444444	45.2416666667,7.8994444444	45.3788888889,7.6008333333
195	285	1504234800	1504236599	13	44.5605555556,8.7133333333	44.6022222222,8.7752777778	44.6122222222,8.9688888889	44.5608333333,8.9675	44.4169444444,8.9702777778	43.9533333333,9.2063888889	43.9652777778,8.6130555556	43.9669444444,8.5280555556	44.0702777778,8.3363888889	44.1666666667,8.2480555556	44.375,8.6833333333	44.5252777778,8.6616666667	44.5605555556,8.7133333333
195	285	1504234800	1504236599	5	44.5972222222,8.6655555556	44.6022222222,8.7752777778	44.5605555556,8.7133333333	44.5252777778,8.6616666667	44.5972222222,8.6655555556
305	335	1504234800	1504236599	7	45.2305555556,8.2336111111	45.2061111111,8.2555555556	45.1811111111,8.2611111111	45.1594444444,8.2613888889	45.1766666667,8.1869444444	45.2458333333,8.1991666667	45.2305555556,8.2336111111
305	335	1504234800	1504236599	21	44.5066666667,9.6491666667	44.3019444444,10.1530555556	44.0,10.2611111111	44.075,9.8333333333	43.7333333333,9.8333333333	43.6083333333,9.9222222222	43.5883333333,9.9366666667	43.5530555556,9.7683333333	43.5294444444,9.6625	43.5241666667,9.6258333333	43.5258333333,9.6252777778	43.5338888889,9.6175	43.9533333333,9.2063888889	43.9497222222,9.3458333333	43.9794444444,9.4386111111	44.0302777778,9.4652777778	44.2416666667,9.4663888889	44.3216666667,9.5941666667	44.3608333333,9.6577777778	44.4419444444,9.6619444444	44.5066666667,9.6491666667
305	335	1504234800	1504236599	4	44.6177777778,9.0788888889	44.6263888889,9.2505555556	44.5522222222,9.2455555556	44.6177777778,9.0788888889
305	335	1504234800	1504236599	6	44.0,10.2611111111	43.8352777778,10.2833333333	43.7394444444,10.1919444444	43.85,9.9833333333	44.075,9.8333333333	44.0,10.2611111111
305	335	1504234800	1504236599	6	44.5522222222,9.2455555556	44.5308333333,9.2875	44.5375,9.5775	44.5294444444,9.5922222222	44.4836111111,9.2425	44.5522222222,9.2455555556
305	335	1504234800	1504236599	14	45.2927777778,7.4225	45.3022222222,7.4311111111	45.3416666667,7.4805555556	45.3733333333,7.5588888889	45.3788888889,7.6008333333	45.2416666667,7.8994444444	45.1766666667,8.1869444444	44.9358333333,8.1438888889	44.9294444444,8.2611111111	44.9261111111,8.2608333333	44.8277777778,8.2377777778	44.8166666667,7.3022222222	45.2311111111,7.3913888889	45.2927777778,7.4225
305	335	1504234800	1504236599	21	45.3425,8.5197222222	45.3152777778,8.5991666667	45.0611111111,8.7025	44.9222222222,8.6402777778	44.5972222222,8.6655555556	44.5252777778,8.6616666667	44.2188888889,8.2038888889	44.1666666667,8.2480555556	43.9661111111,7.7527777778	44.0230555556,7.7519444444	44.0611111111,7.7127777778	44.1455555556,7.6252777778	44.1422222222,7.2855555556	44.8138888889,7.1280555556	44.8166666667,7.3022222222	44.8277777778,8.2377777778	44.8302777778,8.4102777778	44.9302777778,8.3941666667	45.1072222222,8.3680555556	45.1963888889,8.3583333333	45.3425,8.5197222222
305	335	1504234800	1504236599	6	45.1594444444,8.2613888889	45.1330555556,8.2611111111	44.9294444444,8.2611111111	44.9358333333,8.1438888889	45.1766666667,8.1869444444	45.1594444444,8.2613888889
305	335	1504234800	1504236599	7	44.9583333333,9.3416666667	44.9694444444,9.3666666667	44.9305555556,9.3855555556	44.8708333333,9.4166666667	44.8777777778,9.3847222222	44.9286111111,9.3569444444	44.9583333333,9.3416666667
305	335	1504234800	1504236599	11	45.1963888889,8.3583333333	45.1072222222,8.3680555556	44.9302777778,8.3941666667	44.8302777778,8.4102777778	44.8277777778,8.2377777778	44.9261111111,8.2608333333	44.9294444444,8.2611111111	45.1330555556,8.2611111111	45.1594444444,8.2613888889	45.1494444444,8.3061111111	45.1963888889,8.3583333333
305	335	1504234800	1504236599	12	45.5863888889,7.1469444444	45.6527777778,7.2080555556	45.7963888889,7.3458333333	45.855,7.3919444444	45.7486111111,7.6894444444	45.5958333333,7.9622222222	45.5355555556,7.9580555556	45.3077777778,7.9708333333	45.3719444444,7.7425	45.3844444444,7.6480555556	45.3788888889,7.6008333333	45.5863888889,7.1469444444
305	335	1504234800	1504236599	4	44.8894444444,9.4708333333	44.8569444444,9.4830555556	44.8708333333,9.4166666667	44.8894444444,9.4708333333
305	335	1504234800	1504236599	9	45.5958333333,7.9622222222	45.4372222222,8.245	45.3425,8.5197222222	45.1963888889,8.3583333333	45.2305555556,8.2336111111	45.2458333333,8.1991666667	45.3077777778,7.9708333333	45.5355555556,7.9580555556	45.5958333333,7.9622222222
305	335	1504234800	1504236599	19	45.0966666667,8.9625	45.1336111111,9.1227777778	45.2155555556,9.3627777778	45.0005555556,9.4338888889	44.9694444444,9.3666666667	44.9583333333,9.3416666667	44.9286111111,9.3569444444	44.8777777778,9.3847222222	44.8708333333,9.4166666667	44.8569444444,9.4830555556	44.5375,9.5775	44.5308333333,9.2875	44.5522222222,9.2455555556	44.6263888889,9.2505555556	44.6177777778,9.0788888889	44.6122222222,8.9688888889	44.6644444444,8.9658333333	44.9266666667,8.9622222222	45.0966666667,8.9625
305	335	1504234800	1504236599	5	44.5252777778,8.6616666667	44.375,8.6833333333	44.1666666667,8.2480555556	44.2188888889,8.2038888889	44.5252777778,8.6616666667
305	335	1504234800	1504236599	9	44.075,9.8333333333	43.85,9.9833333333	43.7394444444,10.1919444444	43.7,10.1583333333	43.6205555556,10.0788888889	43.5883333333,9.9366666667	43.6083333333,9.9222222222	43.7333333333,9.8333333333	44.075,9.8333333333
305	335	1504234800	1504236599	7	45.2305555556,8.2336111111	45.1963888889,8.3583333333	45.1494444444,8.3061111111	45.1594444444,8.2613888889	45.1811111111,8.2611111111	45.2061111111,8.2555555556	45.2305555556,8.2336111111
305	335	1504234800	1504236599	6	45.0005555556,9.4338888889	44.8894444444,9.4708333333	44.8708333333,9.4166666667	44.9305555556,9.3855555556	44.9694444444,9.3666666667	45.0005555556,9.4338888889
305	335	1504234800	1504236599	24	44.1666666667,8.2480555556	44.0702777778,8.3363888889	43.9669444444,8.5280555556	43.9652777778,8.6130555556	43.9533333333,9.2063888889	43.5338888889,9.6175	43.5258333333,9.6252777778	43.5241666667,9.6258333333	43.5047222222,9.53	43.475,9.385	43.1666666667,9.75	43.3316666667,9.1758333333	43.3883333333,8.9583333333	43.4316666667,8.8191666667	43.4375,8.8005555556	43.4622222222,8.7122222222	43.4916666667,8.5986111111	43.5055555556,8.5444444444	43.5702777778,8.3216666667	43.7019444444,7.8375	43.8194444444,7.7552777778	43.8838888889,7.7541666667	43.9661111111,7.7527777778	44.1666666667,8.2480555556
305	335	1504234800	1504236599	10	45.0611111111,8.7025	45.0725,8.7927777778	45.0966666667,8.9625	44.9266666667,8.9622222222	44.6644444444,8.9658333333	44.6122222222,8.9688888889	44.6022222222,8.7752777778	44.5972222222,8.6655555556	44.9222222222,8.6402777778	45.0611111111,8.7025
305	335	1504234800	1504236599	18	44.6122222222,8.9688888889	44.6177777778,9.0788888889	44.5522222222,9.2455555556	44.4836111111,9.2425	44.5294444444,9.5922222222	44.5102777778,9.64	44.5066666667,9.6491666667	44.4419444444,9.6619444444	44.3608333333,9.6577777778	44.3216666667,9.5941666667	44.2416666667,9.4663888889	44.0302777778,9.4652777778	43.9794444444,9.4386111111	43.9497222222,9.3458333333	43.9533333333,9.2063888889	44.4169444444,8.9702777778	44.5608333333,8.9675	44.6122222222,8.9688888889
305	335	1504234800	1504236599	20	45.3733333333,7.5588888889	45.3416666667,7.4805555556	45.3022222222,7.4311111111	45.2927777778,7.4225	45.2311111111,7.3913888889	44.8166666667,7.3022222222	44.8138888889,7.1280555556	44.9802777778,7.16	45.1061111111,7.1577777778	45.1858333333,7.1563888889	45.3541666667,7.1533333333	45.4033333333,7.0866666667	45.4563888889,7.0211111111	45.4666666667,7.0319444444	45.48,7.0433333333	45.5277777778,7.0888888889	45.5652777778,7.1247222222	45.5863888889,7.1469444444	45.3788888889,7.6008333333	45.3733333333,7.5588888889
305	335	1504234800	1504236599	8	45.3788888889,7.6008333333	45.3844444444,7.6480555556	45.3719444444,7.7425	45.3077777778,7.9708333333	45.2458333333,8.1991666667	45.1766666667,8.1869444444	45.2416666667,7.8994444444	45.3788888889,7.6008333333
305	335	1504234800	1504236599	13	44.5605555556,8.7133333333	44.6022222222,8.7752777778	44.6122222222,8.9688888889	44.5608333333,8.9675	44.4169444444,8.9702777778	43.9533333333,9.2063888889	43.9652777778,8.6130555556	43.9669444444,8.5280555556	44.0702777778,8.3363888889	44.1666666667,8.2480555556	44.375,8.6833333333	44.5252777778,8.6616666667	44.5605555556,8.7133333333
305	335	1504234800	1504236599	5	44.5972222222,8.6655555556	44.6022222222,8.7752777778	44.5605555556,8.7133333333	44.5252777778,8.6616666667	44.5972222222,8.6655555556
