22
285	305	1504245600	1504299599	7	45.2305555556,8.2336111111	45.1963888889,8.3583333333	45.1494444444,8.3061111111	45.1594444444,8.2613888889	45.1811111111,8.2611111111	45.2061111111,8.2555555556	45.2305555556,8.2336111111
285	305	1504245600	1504299599	14	45.2927777778,7.4225	45.3022222222,7.4311111111	45.3416666667,7.4805555556	45.3733333333,7.5588888889	45.3788888889,7.6008333333	45.2416666667,7.8994444444	45.1766666667,8.1869444444	44.9358333333,8.1438888889	44.9294444444,8.2611111111	44.9261111111,8.2608333333	44.8277777778,8.2377777778	44.8166666667,7.3022222222	45.2311111111,7.3913888889	45.2927777778,7.4225
285	305	1504245600	1504299599	21	45.3425,8.5197222222	45.3152777778,8.5991666667	45.0611111111,8.7025	44.9222222222,8.6402777778	44.5972222222,8.6655555556	44.5252777778,8.6616666667	44.2188888889,8.2038888889	44.1666666667,8.2480555556	43.9661111111,7.7527777778	44.0230555556,7.7519444444	44.0611111111,7.7127777778	44.1455555556,7.6252777778	44.1422222222,7.2855555556	44.8138888889,7.1280555556	44.8166666667,7.3022222222	44.8277777778,8.2377777778	44.8302777778,8.4102777778	44.9302777778,8.3941666667	45.1072222222,8.3680555556	45.1963888889,8.3583333333	45.3425,8.5197222222
285	305	1504245600	1504299599	7	45.2305555556,8.2336111111	45.2061111111,8.2555555556	45.1811111111,8.2611111111	45.1594444444,8.2613888889	45.1766666667,8.1869444444	45.2458333333,8.1991666667	45.2305555556,8.2336111111
285	305	1504245600	1504299599	6	45.1594444444,8.2613888889	45.1330555556,8.2611111111	44.9294444444,8.2611111111	44.9358333333,8.1438888889	45.1766666667,8.1869444444	45.1594444444,8.2613888889
285	305	1504245600	1504299599	12	45.5863888889,7.1469444444	45.6527777778,7.2080555556	45.7963888889,7.3458333333	45.855,7.3919444444	45.7486111111,7.6894444444	45.5958333333,7.9622222222	45.5355555556,7.9580555556	45.3077777778,7.9708333333	45.3719444444,7.7425	45.3844444444,7.6480555556	45.3788888889,7.6008333333	45.5863888889,7.1469444444
285	305	1504245600	1504299599	5	44.5252777778,8.6616666667	44.375,8.6833333333	44.1666666667,8.2480555556	44.2188888889,8.2038888889	44.5252777778,8.6616666667
285	305	1504245600	1504299599	11	45.1963888889,8.3583333333	45.1072222222,8.3680555556	44.9302777778,8.3941666667	44.8302777778,8.4102777778	44.8277777778,8.2377777778	44.9261111111,8.2608333333	44.9294444444,8.2611111111	45.1330555556,8.2611111111	45.1594444444,8.2613888889	45.1494444444,8.3061111111	45.1963888889,8.3583333333
285	305	1504245600	1504299599	20	45.3733333333,7.5588888889	45.3416666667,7.4805555556	45.3022222222,7.4311111111	45.2927777778,7.4225	45.2311111111,7.3913888889	44.8166666667,7.3022222222	44.8138888889,7.1280555556	44.9802777778,7.16	45.1061111111,7.1577777778	45.1858333333,7.1563888889	45.3541666667,7.1533333333	45.4033333333,7.0866666667	45.4563888889,7.0211111111	45.4666666667,7.0319444444	45.48,7.0433333333	45.5277777778,7.0888888889	45.5652777778,7.1247222222	45.5863888889,7.1469444444	45.3788888889,7.6008333333	45.3733333333,7.5588888889
285	305	1504245600	1504299599	8	45.3788888889,7.6008333333	45.3844444444,7.6480555556	45.3719444444,7.7425	45.3077777778,7.9708333333	45.2458333333,8.1991666667	45.1766666667,8.1869444444	45.2416666667,7.8994444444	45.3788888889,7.6008333333
285	305	1504245600	1504299599	9	45.5958333333,7.9622222222	45.4372222222,8.245	45.3425,8.5197222222	45.1963888889,8.3583333333	45.2305555556,8.2336111111	45.2458333333,8.1991666667	45.3077777778,7.9708333333	45.5355555556,7.9580555556	45.5958333333,7.9622222222
205	285	1504245600	1504299599	9	45.5958333333,7.9622222222	45.4372222222,8.245	45.3425,8.5197222222	45.1963888889,8.3583333333	45.2305555556,8.2336111111	45.2458333333,8.1991666667	45.3077777778,7.9708333333	45.5355555556,7.9580555556	45.5958333333,7.9622222222
195	285	1504245600	1504299599	14	45.2927777778,7.4225	45.3022222222,7.4311111111	45.3416666667,7.4805555556	45.3733333333,7.5588888889	45.3788888889,7.6008333333	45.2416666667,7.8994444444	45.1766666667,8.1869444444	44.9358333333,8.1438888889	44.9294444444,8.2611111111	44.9261111111,8.2608333333	44.8277777778,8.2377777778	44.8166666667,7.3022222222	45.2311111111,7.3913888889	45.2927777778,7.4225
195	285	1504245600	1504299599	7	45.2305555556,8.2336111111	45.2061111111,8.2555555556	45.1811111111,8.2611111111	45.1594444444,8.2613888889	45.1766666667,8.1869444444	45.2458333333,8.1991666667	45.2305555556,8.2336111111
195	285	1504245600	1504299599	21	45.3425,8.5197222222	45.3152777778,8.5991666667	45.0611111111,8.7025	44.9222222222,8.6402777778	44.5972222222,8.6655555556	44.5252777778,8.6616666667	44.2188888889,8.2038888889	44.1666666667,8.2480555556	43.9661111111,7.7527777778	44.0230555556,7.7519444444	44.0611111111,7.7127777778	44.1455555556,7.6252777778	44.1422222222,7.2855555556	44.8138888889,7.1280555556	44.8166666667,7.3022222222	44.8277777778,8.2377777778	44.8302777778,8.4102777778	44.9302777778,8.3941666667	45.1072222222,8.3680555556	45.1963888889,8.3583333333	45.3425,8.5197222222
195	285	1504245600	1504299599	6	45.1594444444,8.2613888889	45.1330555556,8.2611111111	44.9294444444,8.2611111111	44.9358333333,8.1438888889	45.1766666667,8.1869444444	45.1594444444,8.2613888889
195	285	1504245600	1504299599	12	45.5863888889,7.1469444444	45.6527777778,7.2080555556	45.7963888889,7.3458333333	45.855,7.3919444444	45.7486111111,7.6894444444	45.5958333333,7.9622222222	45.5355555556,7.9580555556	45.3077777778,7.9708333333	45.3719444444,7.7425	45.3844444444,7.6480555556	45.3788888889,7.6008333333	45.5863888889,7.1469444444
195	285	1504245600	1504299599	5	44.5252777778,8.6616666667	44.375,8.6833333333	44.1666666667,8.2480555556	44.2188888889,8.2038888889	44.5252777778,8.6616666667
195	285	1504245600	1504299599	11	45.1963888889,8.3583333333	45.1072222222,8.3680555556	44.9302777778,8.3941666667	44.8302777778,8.4102777778	44.8277777778,8.2377777778	44.9261111111,8.2608333333	44.9294444444,8.2611111111	45.1330555556,8.2611111111	45.1594444444,8.2613888889	45.1494444444,8.3061111111	45.1963888889,8.3583333333
195	285	1504245600	1504299599	20	45.3733333333,7.5588888889	45.3416666667,7.4805555556	45.3022222222,7.4311111111	45.2927777778,7.4225	45.2311111111,7.3913888889	44.8166666667,7.3022222222	44.8138888889,7.1280555556	44.9802777778,7.16	45.1061111111,7.1577777778	45.1858333333,7.1563888889	45.3541666667,7.1533333333	45.4033333333,7.0866666667	45.4563888889,7.0211111111	45.4666666667,7.0319444444	45.48,7.0433333333	45.5277777778,7.0888888889	45.5652777778,7.1247222222	45.5863888889,7.1469444444	45.3788888889,7.6008333333	45.3733333333,7.5588888889
195	285	1504245600	1504299599	8	45.3788888889,7.6008333333	45.3844444444,7.6480555556	45.3719444444,7.7425	45.3077777778,7.9708333333	45.2458333333,8.1991666667	45.1766666667,8.1869444444	45.2416666667,7.8994444444	45.3788888889,7.6008333333
195	285	1504245600	1504299599	7	45.2305555556,8.2336111111	45.1963888889,8.3583333333	45.1494444444,8.3061111111	45.1594444444,8.2613888889	45.1811111111,8.2611111111	45.2061111111,8.2555555556	45.2305555556,8.2336111111
