28
285	305	1504243380	1504245599	9	44.075,9.8333333333	43.85,9.9833333333	43.7394444444,10.1919444444	43.7,10.1583333333	43.6205555556,10.0788888889	43.5883333333,9.9366666667	43.6083333333,9.9222222222	43.7333333333,9.8333333333	44.075,9.8333333333
285	305	1504243380	1504245599	6	44.5522222222,9.2455555556	44.5308333333,9.2875	44.5375,9.5775	44.5294444444,9.5922222222	44.4836111111,9.2425	44.5522222222,9.2455555556
285	305	1504243380	1504245599	19	45.0966666667,8.9625	45.1336111111,9.1227777778	45.2155555556,9.3627777778	45.0005555556,9.4338888889	44.9694444444,9.3666666667	44.9583333333,9.3416666667	44.9286111111,9.3569444444	44.8777777778,9.3847222222	44.8708333333,9.4166666667	44.8569444444,9.4830555556	44.5375,9.5775	44.5308333333,9.2875	44.5522222222,9.2455555556	44.6263888889,9.2505555556	44.6177777778,9.0788888889	44.6122222222,8.9688888889	44.6644444444,8.9658333333	44.9266666667,8.9622222222	45.0966666667,8.9625
285	305	1504243380	1504245599	6	45.0005555556,9.4338888889	44.8894444444,9.4708333333	44.8708333333,9.4166666667	44.9305555556,9.3855555556	44.9694444444,9.3666666667	45.0005555556,9.4338888889
285	305	1504243380	1504245599	4	44.6177777778,9.0788888889	44.6263888889,9.2505555556	44.5522222222,9.2455555556	44.6177777778,9.0788888889
285	305	1504243380	1504245599	6	44.0,10.2611111111	43.8352777778,10.2833333333	43.7394444444,10.1919444444	43.85,9.9833333333	44.075,9.8333333333	44.0,10.2611111111
285	305	1504243380	1504245599	7	44.9583333333,9.3416666667	44.9694444444,9.3666666667	44.9305555556,9.3855555556	44.8708333333,9.4166666667	44.8777777778,9.3847222222	44.9286111111,9.3569444444	44.9583333333,9.3416666667
285	305	1504243380	1504245599	24	44.1666666667,8.2480555556	44.0702777778,8.3363888889	43.9669444444,8.5280555556	43.9652777778,8.6130555556	43.9533333333,9.2063888889	43.5338888889,9.6175	43.5258333333,9.6252777778	43.5241666667,9.6258333333	43.5047222222,9.53	43.475,9.385	43.1666666667,9.75	43.3316666667,9.1758333333	43.3883333333,8.9583333333	43.4316666667,8.8191666667	43.4375,8.8005555556	43.4622222222,8.7122222222	43.4916666667,8.5986111111	43.5055555556,8.5444444444	43.5702777778,8.3216666667	43.7019444444,7.8375	43.8194444444,7.7552777778	43.8838888889,7.7541666667	43.9661111111,7.7527777778	44.1666666667,8.2480555556
285	305	1504243380	1504245599	21	44.5066666667,9.6491666667	44.3019444444,10.1530555556	44.0,10.2611111111	44.075,9.8333333333	43.7333333333,9.8333333333	43.6083333333,9.9222222222	43.5883333333,9.9366666667	43.5530555556,9.7683333333	43.5294444444,9.6625	43.5241666667,9.6258333333	43.5258333333,9.6252777778	43.5338888889,9.6175	43.9533333333,9.2063888889	43.9497222222,9.3458333333	43.9794444444,9.4386111111	44.0302777778,9.4652777778	44.2416666667,9.4663888889	44.3216666667,9.5941666667	44.3608333333,9.6577777778	44.4419444444,9.6619444444	44.5066666667,9.6491666667
285	305	1504243380	1504245599	10	45.0611111111,8.7025	45.0725,8.7927777778	45.0966666667,8.9625	44.9266666667,8.9622222222	44.6644444444,8.9658333333	44.6122222222,8.9688888889	44.6022222222,8.7752777778	44.5972222222,8.6655555556	44.9222222222,8.6402777778	45.0611111111,8.7025
285	305	1504243380	1504245599	18	44.6122222222,8.9688888889	44.6177777778,9.0788888889	44.5522222222,9.2455555556	44.4836111111,9.2425	44.5294444444,9.5922222222	44.5102777778,9.64	44.5066666667,9.6491666667	44.4419444444,9.6619444444	44.3608333333,9.6577777778	44.3216666667,9.5941666667	44.2416666667,9.4663888889	44.0302777778,9.4652777778	43.9794444444,9.4386111111	43.9497222222,9.3458333333	43.9533333333,9.2063888889	44.4169444444,8.9702777778	44.5608333333,8.9675	44.6122222222,8.9688888889
285	305	1504243380	1504245599	4	44.8894444444,9.4708333333	44.8569444444,9.4830555556	44.8708333333,9.4166666667	44.8894444444,9.4708333333
285	305	1504243380	1504245599	13	44.5605555556,8.7133333333	44.6022222222,8.7752777778	44.6122222222,8.9688888889	44.5608333333,8.9675	44.4169444444,8.9702777778	43.9533333333,9.2063888889	43.9652777778,8.6130555556	43.9669444444,8.5280555556	44.0702777778,8.3363888889	44.1666666667,8.2480555556	44.375,8.6833333333	44.5252777778,8.6616666667	44.5605555556,8.7133333333
285	305	1504243380	1504245599	5	44.5972222222,8.6655555556	44.6022222222,8.7752777778	44.5605555556,8.7133333333	44.5252777778,8.6616666667	44.5972222222,8.6655555556
215	285	1504243380	1504245599	9	44.075,9.8333333333	43.85,9.9833333333	43.7394444444,10.1919444444	43.7,10.1583333333	43.6205555556,10.0788888889	43.5883333333,9.9366666667	43.6083333333,9.9222222222	43.7333333333,9.8333333333	44.075,9.8333333333
215	285	1504243380	1504245599	6	44.0,10.2611111111	43.8352777778,10.2833333333	43.7394444444,10.1919444444	43.85,9.9833333333	44.075,9.8333333333	44.0,10.2611111111
195	285	1504243380	1504245599	6	44.5522222222,9.2455555556	44.5308333333,9.2875	44.5375,9.5775	44.5294444444,9.5922222222	44.4836111111,9.2425	44.5522222222,9.2455555556
195	285	1504243380	1504245599	19	45.0966666667,8.9625	45.1336111111,9.1227777778	45.2155555556,9.3627777778	45.0005555556,9.4338888889	44.9694444444,9.3666666667	44.9583333333,9.3416666667	44.9286111111,9.3569444444	44.8777777778,9.3847222222	44.8708333333,9.4166666667	44.8569444444,9.4830555556	44.5375,9.5775	44.5308333333,9.2875	44.5522222222,9.2455555556	44.6263888889,9.2505555556	44.6177777778,9.0788888889	44.6122222222,8.9688888889	44.6644444444,8.9658333333	44.9266666667,8.9622222222	45.0966666667,8.9625
195	285	1504243380	1504245599	6	45.0005555556,9.4338888889	44.8894444444,9.4708333333	44.8708333333,9.4166666667	44.9305555556,9.3855555556	44.9694444444,9.3666666667	45.0005555556,9.4338888889
195	285	1504243380	1504245599	4	44.6177777778,9.0788888889	44.6263888889,9.2505555556	44.5522222222,9.2455555556	44.6177777778,9.0788888889
195	285	1504243380	1504245599	7	44.9583333333,9.3416666667	44.9694444444,9.3666666667	44.9305555556,9.3855555556	44.8708333333,9.4166666667	44.8777777778,9.3847222222	44.9286111111,9.3569444444	44.9583333333,9.3416666667
195	285	1504243380	1504245599	24	44.1666666667,8.2480555556	44.0702777778,8.3363888889	43.9669444444,8.5280555556	43.9652777778,8.6130555556	43.9533333333,9.2063888889	43.5338888889,9.6175	43.5258333333,9.6252777778	43.5241666667,9.6258333333	43.5047222222,9.53	43.475,9.385	43.1666666667,9.75	43.3316666667,9.1758333333	43.3883333333,8.9583333333	43.4316666667,8.8191666667	43.4375,8.8005555556	43.4622222222,8.7122222222	43.4916666667,8.5986111111	43.5055555556,8.5444444444	43.5702777778,8.3216666667	43.7019444444,7.8375	43.8194444444,7.7552777778	43.8838888889,7.7541666667	43.9661111111,7.7527777778	44.1666666667,8.2480555556
195	285	1504243380	1504245599	21	44.5066666667,9.6491666667	44.3019444444,10.1530555556	44.0,10.2611111111	44.075,9.8333333333	43.7333333333,9.8333333333	43.6083333333,9.9222222222	43.5883333333,9.9366666667	43.5530555556,9.7683333333	43.5294444444,9.6625	43.5241666667,9.6258333333	43.5258333333,9.6252777778	43.5338888889,9.6175	43.9533333333,9.2063888889	43.9497222222,9.3458333333	43.9794444444,9.4386111111	44.0302777778,9.4652777778	44.2416666667,9.4663888889	44.3216666667,9.5941666667	44.3608333333,9.6577777778	44.4419444444,9.6619444444	44.5066666667,9.6491666667
195	285	1504243380	1504245599	10	45.0611111111,8.7025	45.0725,8.7927777778	45.0966666667,8.9625	44.9266666667,8.9622222222	44.6644444444,8.9658333333	44.6122222222,8.9688888889	44.6022222222,8.7752777778	44.5972222222,8.6655555556	44.9222222222,8.6402777778	45.0611111111,8.7025
195	285	1504243380	1504245599	18	44.6122222222,8.9688888889	44.6177777778,9.0788888889	44.5522222222,9.2455555556	44.4836111111,9.2425	44.5294444444,9.5922222222	44.5102777778,9.64	44.5066666667,9.6491666667	44.4419444444,9.6619444444	44.3608333333,9.6577777778	44.3216666667,9.5941666667	44.2416666667,9.4663888889	44.0302777778,9.4652777778	43.9794444444,9.4386111111	43.9497222222,9.3458333333	43.9533333333,9.2063888889	44.4169444444,8.9702777778	44.5608333333,8.9675	44.6122222222,8.9688888889
195	285	1504243380	1504245599	4	44.8894444444,9.4708333333	44.8569444444,9.4830555556	44.8708333333,9.4166666667	44.8894444444,9.4708333333
195	285	1504243380	1504245599	13	44.5605555556,8.7133333333	44.6022222222,8.7752777778	44.6122222222,8.9688888889	44.5608333333,8.9675	44.4169444444,8.9702777778	43.9533333333,9.2063888889	43.9652777778,8.6130555556	43.9669444444,8.5280555556	44.0702777778,8.3363888889	44.1666666667,8.2480555556	44.375,8.6833333333	44.5252777778,8.6616666667	44.5605555556,8.7133333333
195	285	1504243380	1504245599	5	44.5972222222,8.6655555556	44.6022222222,8.7752777778	44.5605555556,8.7133333333	44.5252777778,8.6616666667	44.5972222222,8.6655555556
