38
335	365	1504242000	1504270799	7	45.5541666667,12.8333333333	45.525,12.8333333333	45.4705555556,12.8333333333	45.4341666667,12.7772222222	45.5255555556,12.7141666667	45.5280555556,12.7255555556	45.5541666667,12.8333333333
335	365	1504242000	1504270799	5	45.6202777778,13.1063888889	45.5730555556,13.125	45.525,12.8333333333	45.5541666667,12.8333333333	45.6202777778,13.1063888889
335	365	1504242000	1504270799	7	45.6308333333,13.5341666667	45.5858333333,13.5227777778	45.5097222222,13.5036111111	45.5444444444,13.4197222222	45.5588888889,13.3880555556	45.6333333333,13.5	45.6308333333,13.5341666667
335	365	1504242000	1504270799	8	45.5638888889,10.6277777778	45.5611111111,10.9411111111	45.4991666667,11.1333333333	45.425,11.1333333333	45.3841666667,11.1597222222	45.4,11.0783333333	45.4716666667,10.6166666667	45.5638888889,10.6277777778
335	365	1504242000	1504270799	9	45.38,12.115	45.2202777778,12.345	45.1408333333,12.1275	45.2997222222,11.9188888889	45.1936111111,11.7927777778	45.1977777778,11.6838888889	45.2869444444,11.6583333333	45.2963888889,11.7280555556	45.38,12.115
335	365	1504242000	1504270799	6	45.4716666667,10.6166666667	45.4,11.0783333333	45.3841666667,11.1597222222	45.1966666667,11.2758333333	45.2833333333,10.6386111111	45.4716666667,10.6166666667
335	365	1504242000	1504270799	6	45.3530555556,12.8352777778	45.3230555556,12.8555555556	45.3155555556,12.8608333333	45.3083333333,12.8333333333	45.3319444444,12.8333333333	45.3530555556,12.8352777778
335	365	1504242000	1504270799	14	45.7305555556,10.6277777778	45.8766666667,11.38	45.7091666667,11.6288888889	45.7036111111,11.6041666667	45.6205555556,11.56	45.3833333333,11.6305555556	45.2869444444,11.6583333333	45.3841666667,11.1597222222	45.425,11.1333333333	45.4991666667,11.1333333333	45.5611111111,10.9411111111	45.5638888889,10.6277777778	45.6475,10.6277777778	45.7305555556,10.6277777778
335	365	1504242000	1504270799	9	45.8083333333,12.8333333333	45.8197222222,12.8830555556	45.85,13.0166666667	45.6202777778,13.1063888889	45.5541666667,12.8333333333	45.5880555556,12.8333333333	45.6116666667,12.8333333333	45.6430555556,12.8333333333	45.8083333333,12.8333333333
335	365	1504242000	1504270799	5	46.0177777778,13.3297222222	45.9380555556,13.2508333333	45.9233333333,13.2116666667	45.9980555556,13.1666666667	46.0177777778,13.3297222222
335	365	1504242000	1504270799	6	45.85,13.0166666667	45.8708333333,13.0711111111	45.8652777778,13.2452777778	45.6797222222,13.3513888889	45.6202777778,13.1063888889	45.85,13.0166666667
335	365	1504242000	1504270799	9	45.9483333333,11.9111111111	45.975,12.545	45.7761111111,12.5347222222	45.7527777778,12.3	45.78,12.1675	45.7563888889,11.9477777778	45.8077777778,11.9125	45.9238888889,11.9111111111	45.9483333333,11.9111111111
335	365	1504242000	1504270799	18	44.9547222222,12.7280555556	44.905,12.1725	44.9183333333,12.0997222222	44.8086111111,11.7438888889	44.8416666667,11.7269444444	44.8977777778,11.6186111111	44.9077777778,11.1683333333	45.0544444444,11.2294444444	45.1966666667,11.2758333333	45.1858333333,11.3547222222	45.2869444444,11.6583333333	45.1977777778,11.6838888889	45.1013888889,11.7108333333	44.9666666667,11.75	44.9736111111,11.8944444444	45.0,12.3561111111	45.0961111111,12.5247222222	44.9547222222,12.7280555556
335	365	1504242000	1504270799	15	45.625,13.4472222222	45.5716666667,13.36	45.525,13.3333333333	45.4872222222,13.2791666667	45.4222222222,13.1833333333	45.3869444444,13.1269444444	45.3155555556,12.8608333333	45.3230555556,12.8555555556	45.3530555556,12.8352777778	45.4111111111,12.8333333333	45.4705555556,12.8333333333	45.525,12.8333333333	45.5730555556,13.125	45.6152777778,13.3875	45.625,13.4472222222
335	365	1504242000	1504270799	6	45.525,13.3333333333	45.5716666667,13.36	45.625,13.4472222222	45.6333333333,13.5	45.5588888889,13.3880555556	45.525,13.3333333333
335	365	1504242000	1504270799	22	45.3530555556,12.8352777778	45.3319444444,12.8333333333	45.3083333333,12.8333333333	45.3155555556,12.8608333333	45.3869444444,13.1269444444	45.3777777778,13.1166666667	45.3,13.0	45.2627777778,12.9955555556	45.2258333333,12.9955555556	45.1833333333,13.0	45.1697222222,13.0	45.1666666667,13.0	45.1583333333,13.0	44.9858333333,13.0913888889	44.9547222222,12.7280555556	45.0961111111,12.5247222222	45.2266666667,12.7544444444	45.2763888889,12.7966666667	45.3397222222,12.8138888889	45.3702777778,12.8227777778	45.4111111111,12.8333333333	45.3530555556,12.8352777778
335	365	1504242000	1504270799	10	46.0133333333,13.6066666667	45.9863888889,13.5983333333	45.9683333333,13.5972222222	45.8941666667,13.5925	45.8511111111,13.5897222222	45.8561111111,13.5238888889	45.9025,13.4891666667	46.0,13.4166666667	46.0061111111,13.4116666667	46.0133333333,13.6066666667
335	365	1504242000	1504270799	15	45.8766666667,11.38	45.935,11.6916666667	45.9483333333,11.9111111111	45.9238888889,11.9111111111	45.8077777778,11.9125	45.7563888889,11.9477777778	45.78,12.1675	45.7527777778,12.3	45.7277777778,12.0666666667	45.7266666667,12.0177777778	45.7261111111,11.9686111111	45.7216666667,11.7275	45.7205555556,11.6730555556	45.7091666667,11.6288888889	45.8766666667,11.38
335	365	1504242000	1504270799	14	44.9077777778,11.1683333333	44.8977777778,11.6186111111	44.8416666667,11.7269444444	44.8086111111,11.7438888889	44.7027777778,11.4008333333	44.7408333333,11.2333333333	44.7166666667,10.9	44.7016666667,10.8333333333	44.7,10.7666666667	44.7063888889,10.7852777778	44.7219444444,10.8333333333	44.7486111111,10.9172222222	44.8188888889,11.1313888889	44.9077777778,11.1683333333
335	365	1504242000	1504270799	10	45.8708333333,13.0711111111	45.85,13.0166666667	45.8197222222,12.8830555556	45.8083333333,12.8333333333	45.7761111111,12.5347222222	45.975,12.545	45.9980555556,13.1666666667	45.9233333333,13.2116666667	45.8758333333,13.0852777778	45.8708333333,13.0711111111
335	365	1504242000	1504270799	8	45.3833333333,11.6305555556	45.4,11.8886111111	45.4025,11.9286111111	45.4438888889,12.0213888889	45.38,12.115	45.2963888889,11.7280555556	45.2869444444,11.6583333333	45.3833333333,11.6305555556
335	365	1504242000	1504270799	11	45.1977777778,11.6838888889	45.1936111111,11.7927777778	45.2997222222,11.9188888889	45.1408333333,12.1275	45.2202777778,12.345	45.0961111111,12.5247222222	45.0,12.3561111111	44.9736111111,11.8944444444	44.9666666667,11.75	45.1013888889,11.7108333333	45.1977777778,11.6838888889
335	365	1504242000	1504270799	9	45.8652777778,13.2452777778	45.8561111111,13.5238888889	45.8511111111,13.5897222222	45.8341666667,13.5855555556	45.775,13.5833333333	45.7333333333,13.5691666667	45.7077777778,13.4663888889	45.6797222222,13.3513888889	45.8652777778,13.2452777778
335	365	1504242000	1504270799	13	45.2986111111,12.5652777778	45.3594444444,12.6722222222	45.4108333333,12.7413888889	45.4341666667,12.7772222222	45.4705555556,12.8333333333	45.4111111111,12.8333333333	45.3702777778,12.8227777778	45.3397222222,12.8138888889	45.2763888889,12.7966666667	45.2266666667,12.7544444444	45.0961111111,12.5247222222	45.2202777778,12.345	45.2986111111,12.5652777778
335	365	1504242000	1504270799	9	45.7205555556,11.6730555556	45.7216666667,11.7275	45.7261111111,11.9686111111	45.6816666667,11.9986111111	45.52,12.1091666667	45.4902777778,12.1294444444	45.4438888889,12.0213888889	45.7091666667,11.6288888889	45.7205555556,11.6730555556
335	365	1504242000	1504270799	6	45.8083333333,12.8333333333	45.6430555556,12.8333333333	45.6116666667,12.8333333333	45.5791666667,12.6772222222	45.7761111111,12.5347222222	45.8083333333,12.8333333333
335	365	1504242000	1504270799	5	45.6797222222,13.3513888889	45.6152777778,13.3875	45.5730555556,13.125	45.6202777778,13.1063888889	45.6797222222,13.3513888889
335	365	1504242000	1504270799	8	44.7408333333,11.2333333333	44.7027777778,11.4008333333	44.5611111111,10.9427777778	44.6011111111,10.8994444444	44.7,10.7666666667	44.7016666667,10.8333333333	44.7166666667,10.9	44.7408333333,11.2333333333
335	365	1504242000	1504270799	8	45.7091666667,11.6288888889	45.4438888889,12.0213888889	45.4025,11.9286111111	45.4,11.8886111111	45.3833333333,11.6305555556	45.6205555556,11.56	45.7036111111,11.6041666667	45.7091666667,11.6288888889
335	365	1504242000	1504270799	8	45.38,12.115	45.5255555556,12.7141666667	45.4341666667,12.7772222222	45.4108333333,12.7413888889	45.3594444444,12.6722222222	45.2986111111,12.5652777778	45.2202777778,12.345	45.38,12.115
335	365	1504242000	1504270799	5	45.2869444444,11.6583333333	45.1858333333,11.3547222222	45.1966666667,11.2758333333	45.3841666667,11.1597222222	45.2869444444,11.6583333333
335	365	1504242000	1504270799	13	45.4902777778,12.1294444444	45.5516666667,12.3136111111	45.5872222222,12.4202777778	45.585,12.4983333333	45.5791666667,12.6772222222	45.6116666667,12.8333333333	45.5880555556,12.8333333333	45.5541666667,12.8333333333	45.5280555556,12.7255555556	45.5255555556,12.7141666667	45.38,12.115	45.4438888889,12.0213888889	45.4902777778,12.1294444444
335	365	1504242000	1504270799	8	45.7077777778,13.4663888889	45.7333333333,13.5691666667	45.6308333333,13.5341666667	45.6333333333,13.5	45.625,13.4472222222	45.6152777778,13.3875	45.6797222222,13.3513888889	45.7077777778,13.4663888889
335	365	1504242000	1504270799	5	45.9233333333,13.2116666667	45.8652777778,13.2452777778	45.8708333333,13.0711111111	45.8758333333,13.0852777778	45.9233333333,13.2116666667
335	365	1504242000	1504270799	9	46.0,13.4166666667	45.9025,13.4891666667	45.8561111111,13.5238888889	45.8652777778,13.2452777778	45.9233333333,13.2116666667	45.9380555556,13.2508333333	46.0177777778,13.3297222222	46.0061111111,13.4116666667	46.0,13.4166666667
335	365	1504242000	1504270799	14	45.5097222222,13.5036111111	45.3866666667,13.4716666667	45.3113888889,13.2475	45.2258333333,12.9955555556	45.2627777778,12.9955555556	45.3,13.0	45.3777777778,13.1166666667	45.3869444444,13.1269444444	45.4222222222,13.1833333333	45.4872222222,13.2791666667	45.525,13.3333333333	45.5588888889,13.3880555556	45.5444444444,13.4197222222	45.5097222222,13.5036111111
335	365	1504242000	1504270799	13	45.7761111111,12.5347222222	45.5791666667,12.6772222222	45.585,12.4983333333	45.5872222222,12.4202777778	45.5516666667,12.3136111111	45.4902777778,12.1294444444	45.52,12.1091666667	45.6816666667,11.9986111111	45.7261111111,11.9686111111	45.7266666667,12.0177777778	45.7277777778,12.0666666667	45.7527777778,12.3	45.7761111111,12.5347222222
335	365	1504242000	1504270799	15	45.1966666667,11.2758333333	45.0544444444,11.2294444444	44.9077777778,11.1683333333	44.8188888889,11.1313888889	44.7486111111,10.9172222222	44.7219444444,10.8333333333	44.7063888889,10.7852777778	44.7,10.7666666667	44.8286111111,10.6519444444	44.9119444444,10.6497222222	45.0,10.6469444444	45.1,10.6441666667	45.1675,10.6422222222	45.2833333333,10.6386111111	45.1966666667,11.2758333333
