102
285	305	1504299600	1504303199	7	45.5541666667,12.8333333333	45.525,12.8333333333	45.4705555556,12.8333333333	45.4341666667,12.7772222222	45.5255555556,12.7141666667	45.5280555556,12.7255555556	45.5541666667,12.8333333333
285	305	1504299600	1504303199	5	45.6202777778,13.1063888889	45.5730555556,13.125	45.525,12.8333333333	45.5541666667,12.8333333333	45.6202777778,13.1063888889
285	305	1504299600	1504303199	7	45.6308333333,13.5341666667	45.5858333333,13.5227777778	45.5097222222,13.5036111111	45.5444444444,13.4197222222	45.5588888889,13.3880555556	45.6333333333,13.5	45.6308333333,13.5341666667
285	305	1504299600	1504303199	8	45.5638888889,10.6277777778	45.5611111111,10.9411111111	45.4991666667,11.1333333333	45.425,11.1333333333	45.3841666667,11.1597222222	45.4,11.0783333333	45.4716666667,10.6166666667	45.5638888889,10.6277777778
285	305	1504299600	1504303199	22	45.3530555556,12.8352777778	45.3319444444,12.8333333333	45.3083333333,12.8333333333	45.3155555556,12.8608333333	45.3869444444,13.1269444444	45.3777777778,13.1166666667	45.3,13.0	45.2627777778,12.9955555556	45.2258333333,12.9955555556	45.1833333333,13.0	45.1697222222,13.0	45.1666666667,13.0	45.1583333333,13.0	44.9858333333,13.0913888889	44.9547222222,12.7280555556	45.0961111111,12.5247222222	45.2266666667,12.7544444444	45.2763888889,12.7966666667	45.3397222222,12.8138888889	45.3702777778,12.8227777778	45.4111111111,12.8333333333	45.3530555556,12.8352777778
285	305	1504299600	1504303199	6	45.3530555556,12.8352777778	45.3230555556,12.8555555556	45.3155555556,12.8608333333	45.3083333333,12.8333333333	45.3319444444,12.8333333333	45.3530555556,12.8352777778
285	305	1504299600	1504303199	14	45.7305555556,10.6277777778	45.8766666667,11.38	45.7091666667,11.6288888889	45.7036111111,11.6041666667	45.6205555556,11.56	45.3833333333,11.6305555556	45.2869444444,11.6583333333	45.3841666667,11.1597222222	45.425,11.1333333333	45.4991666667,11.1333333333	45.5611111111,10.9411111111	45.5638888889,10.6277777778	45.6475,10.6277777778	45.7305555556,10.6277777778
285	305	1504299600	1504303199	9	45.8083333333,12.8333333333	45.8197222222,12.8830555556	45.85,13.0166666667	45.6202777778,13.1063888889	45.5541666667,12.8333333333	45.5880555556,12.8333333333	45.6116666667,12.8333333333	45.6430555556,12.8333333333	45.8083333333,12.8333333333
285	305	1504299600	1504303199	5	46.0177777778,13.3297222222	45.9380555556,13.2508333333	45.9233333333,13.2116666667	45.9980555556,13.1666666667	46.0177777778,13.3297222222
285	305	1504299600	1504303199	6	45.85,13.0166666667	45.8708333333,13.0711111111	45.8652777778,13.2452777778	45.6797222222,13.3513888889	45.6202777778,13.1063888889	45.85,13.0166666667
285	305	1504299600	1504303199	9	45.9483333333,11.9111111111	45.975,12.545	45.7761111111,12.5347222222	45.7527777778,12.3	45.78,12.1675	45.7563888889,11.9477777778	45.8077777778,11.9125	45.9238888889,11.9111111111	45.9483333333,11.9111111111
285	305	1504299600	1504303199	15	45.625,13.4472222222	45.5716666667,13.36	45.525,13.3333333333	45.4872222222,13.2791666667	45.4222222222,13.1833333333	45.3869444444,13.1269444444	45.3155555556,12.8608333333	45.3230555556,12.8555555556	45.3530555556,12.8352777778	45.4111111111,12.8333333333	45.4705555556,12.8333333333	45.525,12.8333333333	45.5730555556,13.125	45.6152777778,13.3875	45.625,13.4472222222
285	305	1504299600	1504303199	6	45.525,13.3333333333	45.5716666667,13.36	45.625,13.4472222222	45.6333333333,13.5	45.5588888889,13.3880555556	45.525,13.3333333333
285	305	1504299600	1504303199	10	46.0133333333,13.6066666667	45.9863888889,13.5983333333	45.9683333333,13.5972222222	45.8941666667,13.5925	45.8511111111,13.5897222222	45.8561111111,13.5238888889	45.9025,13.4891666667	46.0,13.4166666667	46.0061111111,13.4116666667	46.0133333333,13.6066666667
285	305	1504299600	1504303199	15	45.8766666667,11.38	45.935,11.6916666667	45.9483333333,11.9111111111	45.9238888889,11.9111111111	45.8077777778,11.9125	45.7563888889,11.9477777778	45.78,12.1675	45.7527777778,12.3	45.7277777778,12.0666666667	45.7266666667,12.0177777778	45.7261111111,11.9686111111	45.7216666667,11.7275	45.7205555556,11.6730555556	45.7091666667,11.6288888889	45.8766666667,11.38
285	305	1504299600	1504303199	8	45.7077777778,13.4663888889	45.7333333333,13.5691666667	45.6308333333,13.5341666667	45.6333333333,13.5	45.625,13.4472222222	45.6152777778,13.3875	45.6797222222,13.3513888889	45.7077777778,13.4663888889
285	305	1504299600	1504303199	8	45.3833333333,11.6305555556	45.4,11.8886111111	45.4025,11.9286111111	45.4438888889,12.0213888889	45.38,12.115	45.2963888889,11.7280555556	45.2869444444,11.6583333333	45.3833333333,11.6305555556
285	305	1504299600	1504303199	9	45.8652777778,13.2452777778	45.8561111111,13.5238888889	45.8511111111,13.5897222222	45.8341666667,13.5855555556	45.775,13.5833333333	45.7333333333,13.5691666667	45.7077777778,13.4663888889	45.6797222222,13.3513888889	45.8652777778,13.2452777778
285	305	1504299600	1504303199	11	46.025,11.9083333333	46.0652777778,12.0805555556	46.1122222222,12.2808333333	46.1383333333,12.3925	46.2416666667,12.8333333333	46.2625,13.0152777778	46.2088888889,13.0469444444	45.9980555556,13.1666666667	45.975,12.545	45.9483333333,11.9111111111	46.025,11.9083333333
285	305	1504299600	1504303199	13	45.2986111111,12.5652777778	45.3594444444,12.6722222222	45.4108333333,12.7413888889	45.4341666667,12.7772222222	45.4705555556,12.8333333333	45.4111111111,12.8333333333	45.3702777778,12.8227777778	45.3397222222,12.8138888889	45.2763888889,12.7966666667	45.2266666667,12.7544444444	45.0961111111,12.5247222222	45.2202777778,12.345	45.2986111111,12.5652777778
285	305	1504299600	1504303199	9	45.7205555556,11.6730555556	45.7216666667,11.7275	45.7261111111,11.9686111111	45.6816666667,11.9986111111	45.52,12.1091666667	45.4902777778,12.1294444444	45.4438888889,12.0213888889	45.7091666667,11.6288888889	45.7205555556,11.6730555556
285	305	1504299600	1504303199	5	46.8025,12.2811111111	46.7061111111,12.5975	46.6075,12.9152777778	46.6758333333,12.4772222222	46.8025,12.2811111111
285	305	1504299600	1504303199	10	45.8708333333,13.0711111111	45.85,13.0166666667	45.8197222222,12.8830555556	45.8083333333,12.8333333333	45.7761111111,12.5347222222	45.975,12.545	45.9980555556,13.1666666667	45.9233333333,13.2116666667	45.8758333333,13.0852777778	45.8708333333,13.0711111111
285	305	1504299600	1504303199	43	47.0172222222,11.6902777778	47.0169444444,11.7508333333	47.0027777778,11.855	46.9344444444,11.8416666667	46.8025,12.2811111111	46.6758333333,12.4772222222	46.6075,12.9152777778	46.5197222222,13.1980555556	46.4980555556,13.2672222222	46.3091666667,13.4063888889	46.2183333333,13.4727777778	46.1952777778,13.6116666667	46.1175,13.6066666667	46.0591666667,13.6030555556	46.0133333333,13.6066666667	46.0061111111,13.4116666667	46.0177777778,13.3297222222	45.9980555556,13.1666666667	46.2088888889,13.0469444444	46.2625,13.0152777778	46.2416666667,12.8333333333	46.1383333333,12.3925	46.1122222222,12.2808333333	46.0652777778,12.0805555556	46.025,11.9083333333	45.9483333333,11.9111111111	45.935,11.6916666667	45.8766666667,11.38	46.7913888889,10.7455555556	46.7955555556,10.79	46.7783333333,10.8083333333	46.7672222222,10.8763888889	46.7697222222,10.9727777778	46.7702777778,11.0158333333	46.8136111111,11.0622222222	46.8608333333,11.0652777778	46.9438888889,11.2105555556	46.975,11.2533333333	46.9791666667,11.3563888889	46.98,11.3766666667	46.9875,11.4488888889	47.0183333333,11.5263888889	47.0172222222,11.6902777778
285	305	1504299600	1504303199	5	45.6797222222,13.3513888889	45.6152777778,13.3875	45.5730555556,13.125	45.6202777778,13.1063888889	45.6797222222,13.3513888889
285	305	1504299600	1504303199	8	45.7091666667,11.6288888889	45.4438888889,12.0213888889	45.4025,11.9286111111	45.4,11.8886111111	45.3833333333,11.6305555556	45.6205555556,11.56	45.7036111111,11.6041666667	45.7091666667,11.6288888889
285	305	1504299600	1504303199	25	45.8766666667,11.38	45.7305555556,10.6277777778	45.8038888889,10.4269444444	46.0430555556,10.1166666667	46.2861111111,10.0069444444	46.4166666667,9.9	46.4783333333,10.0433333333	46.5052777778,10.0636111111	46.6166666667,10.1483333333	46.6219444444,10.2022222222	46.6333333333,10.2166666667	46.5441666667,10.3405555556	46.5622222222,10.4791666667	46.7369444444,10.4044444444	46.8666666667,10.4666666667	46.8472222222,10.5055555556	46.8513888889,10.5469444444	46.8405555556,10.5494444444	46.8755555556,10.6675	46.85,10.6963888889	46.8308333333,10.7572222222	46.7980555556,10.7266666667	46.7938888889,10.7327777778	46.7913888889,10.7455555556	45.8766666667,11.38
285	305	1504299600	1504303199	8	45.38,12.115	45.5255555556,12.7141666667	45.4341666667,12.7772222222	45.4108333333,12.7413888889	45.3594444444,12.6722222222	45.2986111111,12.5652777778	45.2202777778,12.345	45.38,12.115
285	305	1504299600	1504303199	6	45.8083333333,12.8333333333	45.6430555556,12.8333333333	45.6116666667,12.8333333333	45.5791666667,12.6772222222	45.7761111111,12.5347222222	45.8083333333,12.8333333333
285	305	1504299600	1504303199	13	45.4902777778,12.1294444444	45.5516666667,12.3136111111	45.5872222222,12.4202777778	45.585,12.4983333333	45.5791666667,12.6772222222	45.6116666667,12.8333333333	45.5880555556,12.8333333333	45.5541666667,12.8333333333	45.5280555556,12.7255555556	45.5255555556,12.7141666667	45.38,12.115	45.4438888889,12.0213888889	45.4902777778,12.1294444444
285	305	1504299600	1504303199	5	45.9233333333,13.2116666667	45.8652777778,13.2452777778	45.8708333333,13.0711111111	45.8758333333,13.0852777778	45.9233333333,13.2116666667
285	305	1504299600	1504303199	9	46.0,13.4166666667	45.9025,13.4891666667	45.8561111111,13.5238888889	45.8652777778,13.2452777778	45.9233333333,13.2116666667	45.9380555556,13.2508333333	46.0177777778,13.3297222222	46.0061111111,13.4116666667	46.0,13.4166666667
285	305	1504299600	1504303199	14	45.5097222222,13.5036111111	45.3866666667,13.4716666667	45.3113888889,13.2475	45.2258333333,12.9955555556	45.2627777778,12.9955555556	45.3,13.0	45.3777777778,13.1166666667	45.3869444444,13.1269444444	45.4222222222,13.1833333333	45.4872222222,13.2791666667	45.525,13.3333333333	45.5588888889,13.3880555556	45.5444444444,13.4197222222	45.5097222222,13.5036111111
285	305	1504299600	1504303199	13	45.7761111111,12.5347222222	45.5791666667,12.6772222222	45.585,12.4983333333	45.5872222222,12.4202777778	45.5516666667,12.3136111111	45.4902777778,12.1294444444	45.52,12.1091666667	45.6816666667,11.9986111111	45.7261111111,11.9686111111	45.7266666667,12.0177777778	45.7277777778,12.0666666667	45.7527777778,12.3	45.7761111111,12.5347222222
195	285	1504299600	1504303199	7	45.5541666667,12.8333333333	45.525,12.8333333333	45.4705555556,12.8333333333	45.4341666667,12.7772222222	45.5255555556,12.7141666667	45.5280555556,12.7255555556	45.5541666667,12.8333333333
195	285	1504299600	1504303199	5	45.6202777778,13.1063888889	45.5730555556,13.125	45.525,12.8333333333	45.5541666667,12.8333333333	45.6202777778,13.1063888889
195	285	1504299600	1504303199	7	45.6308333333,13.5341666667	45.5858333333,13.5227777778	45.5097222222,13.5036111111	45.5444444444,13.4197222222	45.5588888889,13.3880555556	45.6333333333,13.5	45.6308333333,13.5341666667
195	285	1504299600	1504303199	8	45.5638888889,10.6277777778	45.5611111111,10.9411111111	45.4991666667,11.1333333333	45.425,11.1333333333	45.3841666667,11.1597222222	45.4,11.0783333333	45.4716666667,10.6166666667	45.5638888889,10.6277777778
195	285	1504299600	1504303199	22	45.3530555556,12.8352777778	45.3319444444,12.8333333333	45.3083333333,12.8333333333	45.3155555556,12.8608333333	45.3869444444,13.1269444444	45.3777777778,13.1166666667	45.3,13.0	45.2627777778,12.9955555556	45.2258333333,12.9955555556	45.1833333333,13.0	45.1697222222,13.0	45.1666666667,13.0	45.1583333333,13.0	44.9858333333,13.0913888889	44.9547222222,12.7280555556	45.0961111111,12.5247222222	45.2266666667,12.7544444444	45.2763888889,12.7966666667	45.3397222222,12.8138888889	45.3702777778,12.8227777778	45.4111111111,12.8333333333	45.3530555556,12.8352777778
195	285	1504299600	1504303199	6	45.3530555556,12.8352777778	45.3230555556,12.8555555556	45.3155555556,12.8608333333	45.3083333333,12.8333333333	45.3319444444,12.8333333333	45.3530555556,12.8352777778
195	285	1504299600	1504303199	14	45.7305555556,10.6277777778	45.8766666667,11.38	45.7091666667,11.6288888889	45.7036111111,11.6041666667	45.6205555556,11.56	45.3833333333,11.6305555556	45.2869444444,11.6583333333	45.3841666667,11.1597222222	45.425,11.1333333333	45.4991666667,11.1333333333	45.5611111111,10.9411111111	45.5638888889,10.6277777778	45.6475,10.6277777778	45.7305555556,10.6277777778
195	285	1504299600	1504303199	9	45.8083333333,12.8333333333	45.8197222222,12.8830555556	45.85,13.0166666667	45.6202777778,13.1063888889	45.5541666667,12.8333333333	45.5880555556,12.8333333333	45.6116666667,12.8333333333	45.6430555556,12.8333333333	45.8083333333,12.8333333333
195	285	1504299600	1504303199	5	46.0177777778,13.3297222222	45.9380555556,13.2508333333	45.9233333333,13.2116666667	45.9980555556,13.1666666667	46.0177777778,13.3297222222
195	285	1504299600	1504303199	6	45.85,13.0166666667	45.8708333333,13.0711111111	45.8652777778,13.2452777778	45.6797222222,13.3513888889	45.6202777778,13.1063888889	45.85,13.0166666667
195	285	1504299600	1504303199	9	45.9483333333,11.9111111111	45.975,12.545	45.7761111111,12.5347222222	45.7527777778,12.3	45.78,12.1675	45.7563888889,11.9477777778	45.8077777778,11.9125	45.9238888889,11.9111111111	45.9483333333,11.9111111111
195	285	1504299600	1504303199	15	45.625,13.4472222222	45.5716666667,13.36	45.525,13.3333333333	45.4872222222,13.2791666667	45.4222222222,13.1833333333	45.3869444444,13.1269444444	45.3155555556,12.8608333333	45.3230555556,12.8555555556	45.3530555556,12.8352777778	45.4111111111,12.8333333333	45.4705555556,12.8333333333	45.525,12.8333333333	45.5730555556,13.125	45.6152777778,13.3875	45.625,13.4472222222
195	285	1504299600	1504303199	6	45.525,13.3333333333	45.5716666667,13.36	45.625,13.4472222222	45.6333333333,13.5	45.5588888889,13.3880555556	45.525,13.3333333333
195	285	1504299600	1504303199	13	45.7761111111,12.5347222222	45.5791666667,12.6772222222	45.585,12.4983333333	45.5872222222,12.4202777778	45.5516666667,12.3136111111	45.4902777778,12.1294444444	45.52,12.1091666667	45.6816666667,11.9986111111	45.7261111111,11.9686111111	45.7266666667,12.0177777778	45.7277777778,12.0666666667	45.7527777778,12.3	45.7761111111,12.5347222222
195	285	1504299600	1504303199	10	46.0133333333,13.6066666667	45.9863888889,13.5983333333	45.9683333333,13.5972222222	45.8941666667,13.5925	45.8511111111,13.5897222222	45.8561111111,13.5238888889	45.9025,13.4891666667	46.0,13.4166666667	46.0061111111,13.4116666667	46.0133333333,13.6066666667
195	285	1504299600	1504303199	15	45.8766666667,11.38	45.935,11.6916666667	45.9483333333,11.9111111111	45.9238888889,11.9111111111	45.8077777778,11.9125	45.7563888889,11.9477777778	45.78,12.1675	45.7527777778,12.3	45.7277777778,12.0666666667	45.7266666667,12.0177777778	45.7261111111,11.9686111111	45.7216666667,11.7275	45.7205555556,11.6730555556	45.7091666667,11.6288888889	45.8766666667,11.38
195	285	1504299600	1504303199	8	45.7077777778,13.4663888889	45.7333333333,13.5691666667	45.6308333333,13.5341666667	45.6333333333,13.5	45.625,13.4472222222	45.6152777778,13.3875	45.6797222222,13.3513888889	45.7077777778,13.4663888889
195	285	1504299600	1504303199	8	45.3833333333,11.6305555556	45.4,11.8886111111	45.4025,11.9286111111	45.4438888889,12.0213888889	45.38,12.115	45.2963888889,11.7280555556	45.2869444444,11.6583333333	45.3833333333,11.6305555556
195	285	1504299600	1504303199	9	45.8652777778,13.2452777778	45.8561111111,13.5238888889	45.8511111111,13.5897222222	45.8341666667,13.5855555556	45.775,13.5833333333	45.7333333333,13.5691666667	45.7077777778,13.4663888889	45.6797222222,13.3513888889	45.8652777778,13.2452777778
195	285	1504299600	1504303199	11	46.025,11.9083333333	46.0652777778,12.0805555556	46.1122222222,12.2808333333	46.1383333333,12.3925	46.2416666667,12.8333333333	46.2625,13.0152777778	46.2088888889,13.0469444444	45.9980555556,13.1666666667	45.975,12.545	45.9483333333,11.9111111111	46.025,11.9083333333
195	285	1504299600	1504303199	13	45.2986111111,12.5652777778	45.3594444444,12.6722222222	45.4108333333,12.7413888889	45.4341666667,12.7772222222	45.4705555556,12.8333333333	45.4111111111,12.8333333333	45.3702777778,12.8227777778	45.3397222222,12.8138888889	45.2763888889,12.7966666667	45.2266666667,12.7544444444	45.0961111111,12.5247222222	45.2202777778,12.345	45.2986111111,12.5652777778
195	285	1504299600	1504303199	9	45.7205555556,11.6730555556	45.7216666667,11.7275	45.7261111111,11.9686111111	45.6816666667,11.9986111111	45.52,12.1091666667	45.4902777778,12.1294444444	45.4438888889,12.0213888889	45.7091666667,11.6288888889	45.7205555556,11.6730555556
195	285	1504299600	1504303199	5	46.8025,12.2811111111	46.7061111111,12.5975	46.6075,12.9152777778	46.6758333333,12.4772222222	46.8025,12.2811111111
195	285	1504299600	1504303199	10	45.8708333333,13.0711111111	45.85,13.0166666667	45.8197222222,12.8830555556	45.8083333333,12.8333333333	45.7761111111,12.5347222222	45.975,12.545	45.9980555556,13.1666666667	45.9233333333,13.2116666667	45.8758333333,13.0852777778	45.8708333333,13.0711111111
195	285	1504299600	1504303199	5	45.6797222222,13.3513888889	45.6152777778,13.3875	45.5730555556,13.125	45.6202777778,13.1063888889	45.6797222222,13.3513888889
195	285	1504299600	1504303199	8	45.7091666667,11.6288888889	45.4438888889,12.0213888889	45.4025,11.9286111111	45.4,11.8886111111	45.3833333333,11.6305555556	45.6205555556,11.56	45.7036111111,11.6041666667	45.7091666667,11.6288888889
195	285	1504299600	1504303199	25	45.8766666667,11.38	45.7305555556,10.6277777778	45.8038888889,10.4269444444	46.0430555556,10.1166666667	46.2861111111,10.0069444444	46.4166666667,9.9	46.4783333333,10.0433333333	46.5052777778,10.0636111111	46.6166666667,10.1483333333	46.6219444444,10.2022222222	46.6333333333,10.2166666667	46.5441666667,10.3405555556	46.5622222222,10.4791666667	46.7369444444,10.4044444444	46.8666666667,10.4666666667	46.8472222222,10.5055555556	46.8513888889,10.5469444444	46.8405555556,10.5494444444	46.8755555556,10.6675	46.85,10.6963888889	46.8308333333,10.7572222222	46.7980555556,10.7266666667	46.7938888889,10.7327777778	46.7913888889,10.7455555556	45.8766666667,11.38
195	285	1504299600	1504303199	8	45.38,12.115	45.5255555556,12.7141666667	45.4341666667,12.7772222222	45.4108333333,12.7413888889	45.3594444444,12.6722222222	45.2986111111,12.5652777778	45.2202777778,12.345	45.38,12.115
195	285	1504299600	1504303199	6	45.8083333333,12.8333333333	45.6430555556,12.8333333333	45.6116666667,12.8333333333	45.5791666667,12.6772222222	45.7761111111,12.5347222222	45.8083333333,12.8333333333
195	285	1504299600	1504303199	13	45.4902777778,12.1294444444	45.5516666667,12.3136111111	45.5872222222,12.4202777778	45.585,12.4983333333	45.5791666667,12.6772222222	45.6116666667,12.8333333333	45.5880555556,12.8333333333	45.5541666667,12.8333333333	45.5280555556,12.7255555556	45.5255555556,12.7141666667	45.38,12.115	45.4438888889,12.0213888889	45.4902777778,12.1294444444
195	285	1504299600	1504303199	5	45.9233333333,13.2116666667	45.8652777778,13.2452777778	45.8708333333,13.0711111111	45.8758333333,13.0852777778	45.9233333333,13.2116666667
195	285	1504299600	1504303199	9	46.0,13.4166666667	45.9025,13.4891666667	45.8561111111,13.5238888889	45.8652777778,13.2452777778	45.9233333333,13.2116666667	45.9380555556,13.2508333333	46.0177777778,13.3297222222	46.0061111111,13.4116666667	46.0,13.4166666667
195	285	1504299600	1504303199	14	45.5097222222,13.5036111111	45.3866666667,13.4716666667	45.3113888889,13.2475	45.2258333333,12.9955555556	45.2627777778,12.9955555556	45.3,13.0	45.3777777778,13.1166666667	45.3869444444,13.1269444444	45.4222222222,13.1833333333	45.4872222222,13.2791666667	45.525,13.3333333333	45.5588888889,13.3880555556	45.5444444444,13.4197222222	45.5097222222,13.5036111111
195	285	1504299600	1504303199	43	47.0172222222,11.6902777778	47.0169444444,11.7508333333	47.0027777778,11.855	46.9344444444,11.8416666667	46.8025,12.2811111111	46.6758333333,12.4772222222	46.6075,12.9152777778	46.5197222222,13.1980555556	46.4980555556,13.2672222222	46.3091666667,13.4063888889	46.2183333333,13.4727777778	46.1952777778,13.6116666667	46.1175,13.6066666667	46.0591666667,13.6030555556	46.0133333333,13.6066666667	46.0061111111,13.4116666667	46.0177777778,13.3297222222	45.9980555556,13.1666666667	46.2088888889,13.0469444444	46.2625,13.0152777778	46.2416666667,12.8333333333	46.1383333333,12.3925	46.1122222222,12.2808333333	46.0652777778,12.0805555556	46.025,11.9083333333	45.9483333333,11.9111111111	45.935,11.6916666667	45.8766666667,11.38	46.7913888889,10.7455555556	46.7955555556,10.79	46.7783333333,10.8083333333	46.7672222222,10.8763888889	46.7697222222,10.9727777778	46.7702777778,11.0158333333	46.8136111111,11.0622222222	46.8608333333,11.0652777778	46.9438888889,11.2105555556	46.975,11.2533333333	46.9791666667,11.3563888889	46.98,11.3766666667	46.9875,11.4488888889	47.0183333333,11.5263888889	47.0172222222,11.6902777778
305	335	1504299600	1504303199	7	45.5541666667,12.8333333333	45.525,12.8333333333	45.4705555556,12.8333333333	45.4341666667,12.7772222222	45.5255555556,12.7141666667	45.5280555556,12.7255555556	45.5541666667,12.8333333333
305	335	1504299600	1504303199	5	45.6202777778,13.1063888889	45.5730555556,13.125	45.525,12.8333333333	45.5541666667,12.8333333333	45.6202777778,13.1063888889
305	335	1504299600	1504303199	7	45.6308333333,13.5341666667	45.5858333333,13.5227777778	45.5097222222,13.5036111111	45.5444444444,13.4197222222	45.5588888889,13.3880555556	45.6333333333,13.5	45.6308333333,13.5341666667
305	335	1504299600	1504303199	8	45.5638888889,10.6277777778	45.5611111111,10.9411111111	45.4991666667,11.1333333333	45.425,11.1333333333	45.3841666667,11.1597222222	45.4,11.0783333333	45.4716666667,10.6166666667	45.5638888889,10.6277777778
305	335	1504299600	1504303199	22	45.3530555556,12.8352777778	45.3319444444,12.8333333333	45.3083333333,12.8333333333	45.3155555556,12.8608333333	45.3869444444,13.1269444444	45.3777777778,13.1166666667	45.3,13.0	45.2627777778,12.9955555556	45.2258333333,12.9955555556	45.1833333333,13.0	45.1697222222,13.0	45.1666666667,13.0	45.1583333333,13.0	44.9858333333,13.0913888889	44.9547222222,12.7280555556	45.0961111111,12.5247222222	45.2266666667,12.7544444444	45.2763888889,12.7966666667	45.3397222222,12.8138888889	45.3702777778,12.8227777778	45.4111111111,12.8333333333	45.3530555556,12.8352777778
305	335	1504299600	1504303199	6	45.3530555556,12.8352777778	45.3230555556,12.8555555556	45.3155555556,12.8608333333	45.3083333333,12.8333333333	45.3319444444,12.8333333333	45.3530555556,12.8352777778
305	335	1504299600	1504303199	14	45.7305555556,10.6277777778	45.8766666667,11.38	45.7091666667,11.6288888889	45.7036111111,11.6041666667	45.6205555556,11.56	45.3833333333,11.6305555556	45.2869444444,11.6583333333	45.3841666667,11.1597222222	45.425,11.1333333333	45.4991666667,11.1333333333	45.5611111111,10.9411111111	45.5638888889,10.6277777778	45.6475,10.6277777778	45.7305555556,10.6277777778
305	335	1504299600	1504303199	9	45.8083333333,12.8333333333	45.8197222222,12.8830555556	45.85,13.0166666667	45.6202777778,13.1063888889	45.5541666667,12.8333333333	45.5880555556,12.8333333333	45.6116666667,12.8333333333	45.6430555556,12.8333333333	45.8083333333,12.8333333333
305	335	1504299600	1504303199	5	46.0177777778,13.3297222222	45.9380555556,13.2508333333	45.9233333333,13.2116666667	45.9980555556,13.1666666667	46.0177777778,13.3297222222
305	335	1504299600	1504303199	6	45.85,13.0166666667	45.8708333333,13.0711111111	45.8652777778,13.2452777778	45.6797222222,13.3513888889	45.6202777778,13.1063888889	45.85,13.0166666667
305	335	1504299600	1504303199	9	45.9483333333,11.9111111111	45.975,12.545	45.7761111111,12.5347222222	45.7527777778,12.3	45.78,12.1675	45.7563888889,11.9477777778	45.8077777778,11.9125	45.9238888889,11.9111111111	45.9483333333,11.9111111111
305	335	1504299600	1504303199	15	45.625,13.4472222222	45.5716666667,13.36	45.525,13.3333333333	45.4872222222,13.2791666667	45.4222222222,13.1833333333	45.3869444444,13.1269444444	45.3155555556,12.8608333333	45.3230555556,12.8555555556	45.3530555556,12.8352777778	45.4111111111,12.8333333333	45.4705555556,12.8333333333	45.525,12.8333333333	45.5730555556,13.125	45.6152777778,13.3875	45.625,13.4472222222
305	335	1504299600	1504303199	11	46.025,11.9083333333	46.0652777778,12.0805555556	46.1122222222,12.2808333333	46.1383333333,12.3925	46.2416666667,12.8333333333	46.2625,13.0152777778	46.2088888889,13.0469444444	45.9980555556,13.1666666667	45.975,12.545	45.9483333333,11.9111111111	46.025,11.9083333333
305	335	1504299600	1504303199	6	45.525,13.3333333333	45.5716666667,13.36	45.625,13.4472222222	45.6333333333,13.5	45.5588888889,13.3880555556	45.525,13.3333333333
305	335	1504299600	1504303199	10	46.0133333333,13.6066666667	45.9863888889,13.5983333333	45.9683333333,13.5972222222	45.8941666667,13.5925	45.8511111111,13.5897222222	45.8561111111,13.5238888889	45.9025,13.4891666667	46.0,13.4166666667	46.0061111111,13.4116666667	46.0133333333,13.6066666667
305	335	1504299600	1504303199	15	45.8766666667,11.38	45.935,11.6916666667	45.9483333333,11.9111111111	45.9238888889,11.9111111111	45.8077777778,11.9125	45.7563888889,11.9477777778	45.78,12.1675	45.7527777778,12.3	45.7277777778,12.0666666667	45.7266666667,12.0177777778	45.7261111111,11.9686111111	45.7216666667,11.7275	45.7205555556,11.6730555556	45.7091666667,11.6288888889	45.8766666667,11.38
305	335	1504299600	1504303199	8	45.7077777778,13.4663888889	45.7333333333,13.5691666667	45.6308333333,13.5341666667	45.6333333333,13.5	45.625,13.4472222222	45.6152777778,13.3875	45.6797222222,13.3513888889	45.7077777778,13.4663888889
305	335	1504299600	1504303199	8	45.3833333333,11.6305555556	45.4,11.8886111111	45.4025,11.9286111111	45.4438888889,12.0213888889	45.38,12.115	45.2963888889,11.7280555556	45.2869444444,11.6583333333	45.3833333333,11.6305555556
305	335	1504299600	1504303199	9	45.8652777778,13.2452777778	45.8561111111,13.5238888889	45.8511111111,13.5897222222	45.8341666667,13.5855555556	45.775,13.5833333333	45.7333333333,13.5691666667	45.7077777778,13.4663888889	45.6797222222,13.3513888889	45.8652777778,13.2452777778
305	335	1504299600	1504303199	5	46.8025,12.2811111111	46.7061111111,12.5975	46.6075,12.9152777778	46.6758333333,12.4772222222	46.8025,12.2811111111
305	335	1504299600	1504303199	13	45.2986111111,12.5652777778	45.3594444444,12.6722222222	45.4108333333,12.7413888889	45.4341666667,12.7772222222	45.4705555556,12.8333333333	45.4111111111,12.8333333333	45.3702777778,12.8227777778	45.3397222222,12.8138888889	45.2763888889,12.7966666667	45.2266666667,12.7544444444	45.0961111111,12.5247222222	45.2202777778,12.345	45.2986111111,12.5652777778
305	335	1504299600	1504303199	9	45.7205555556,11.6730555556	45.7216666667,11.7275	45.7261111111,11.9686111111	45.6816666667,11.9986111111	45.52,12.1091666667	45.4902777778,12.1294444444	45.4438888889,12.0213888889	45.7091666667,11.6288888889	45.7205555556,11.6730555556
305	335	1504299600	1504303199	10	45.8708333333,13.0711111111	45.85,13.0166666667	45.8197222222,12.8830555556	45.8083333333,12.8333333333	45.7761111111,12.5347222222	45.975,12.545	45.9980555556,13.1666666667	45.9233333333,13.2116666667	45.8758333333,13.0852777778	45.8708333333,13.0711111111
305	335	1504299600	1504303199	43	47.0172222222,11.6902777778	47.0169444444,11.7508333333	47.0027777778,11.855	46.9344444444,11.8416666667	46.8025,12.2811111111	46.6758333333,12.4772222222	46.6075,12.9152777778	46.5197222222,13.1980555556	46.4980555556,13.2672222222	46.3091666667,13.4063888889	46.2183333333,13.4727777778	46.1952777778,13.6116666667	46.1175,13.6066666667	46.0591666667,13.6030555556	46.0133333333,13.6066666667	46.0061111111,13.4116666667	46.0177777778,13.3297222222	45.9980555556,13.1666666667	46.2088888889,13.0469444444	46.2625,13.0152777778	46.2416666667,12.8333333333	46.1383333333,12.3925	46.1122222222,12.2808333333	46.0652777778,12.0805555556	46.025,11.9083333333	45.9483333333,11.9111111111	45.935,11.6916666667	45.8766666667,11.38	46.7913888889,10.7455555556	46.7955555556,10.79	46.7783333333,10.8083333333	46.7672222222,10.8763888889	46.7697222222,10.9727777778	46.7702777778,11.0158333333	46.8136111111,11.0622222222	46.8608333333,11.0652777778	46.9438888889,11.2105555556	46.975,11.2533333333	46.9791666667,11.3563888889	46.98,11.3766666667	46.9875,11.4488888889	47.0183333333,11.5263888889	47.0172222222,11.6902777778
305	335	1504299600	1504303199	5	45.6797222222,13.3513888889	45.6152777778,13.3875	45.5730555556,13.125	45.6202777778,13.1063888889	45.6797222222,13.3513888889
305	335	1504299600	1504303199	8	45.7091666667,11.6288888889	45.4438888889,12.0213888889	45.4025,11.9286111111	45.4,11.8886111111	45.3833333333,11.6305555556	45.6205555556,11.56	45.7036111111,11.6041666667	45.7091666667,11.6288888889
305	335	1504299600	1504303199	25	45.8766666667,11.38	45.7305555556,10.6277777778	45.8038888889,10.4269444444	46.0430555556,10.1166666667	46.2861111111,10.0069444444	46.4166666667,9.9	46.4783333333,10.0433333333	46.5052777778,10.0636111111	46.6166666667,10.1483333333	46.6219444444,10.2022222222	46.6333333333,10.2166666667	46.5441666667,10.3405555556	46.5622222222,10.4791666667	46.7369444444,10.4044444444	46.8666666667,10.4666666667	46.8472222222,10.5055555556	46.8513888889,10.5469444444	46.8405555556,10.5494444444	46.8755555556,10.6675	46.85,10.6963888889	46.8308333333,10.7572222222	46.7980555556,10.7266666667	46.7938888889,10.7327777778	46.7913888889,10.7455555556	45.8766666667,11.38
305	335	1504299600	1504303199	8	45.38,12.115	45.5255555556,12.7141666667	45.4341666667,12.7772222222	45.4108333333,12.7413888889	45.3594444444,12.6722222222	45.2986111111,12.5652777778	45.2202777778,12.345	45.38,12.115
305	335	1504299600	1504303199	6	45.8083333333,12.8333333333	45.6430555556,12.8333333333	45.6116666667,12.8333333333	45.5791666667,12.6772222222	45.7761111111,12.5347222222	45.8083333333,12.8333333333
305	335	1504299600	1504303199	13	45.4902777778,12.1294444444	45.5516666667,12.3136111111	45.5872222222,12.4202777778	45.585,12.4983333333	45.5791666667,12.6772222222	45.6116666667,12.8333333333	45.5880555556,12.8333333333	45.5541666667,12.8333333333	45.5280555556,12.7255555556	45.5255555556,12.7141666667	45.38,12.115	45.4438888889,12.0213888889	45.4902777778,12.1294444444
305	335	1504299600	1504303199	5	45.9233333333,13.2116666667	45.8652777778,13.2452777778	45.8708333333,13.0711111111	45.8758333333,13.0852777778	45.9233333333,13.2116666667
305	335	1504299600	1504303199	9	46.0,13.4166666667	45.9025,13.4891666667	45.8561111111,13.5238888889	45.8652777778,13.2452777778	45.9233333333,13.2116666667	45.9380555556,13.2508333333	46.0177777778,13.3297222222	46.0061111111,13.4116666667	46.0,13.4166666667
305	335	1504299600	1504303199	14	45.5097222222,13.5036111111	45.3866666667,13.4716666667	45.3113888889,13.2475	45.2258333333,12.9955555556	45.2627777778,12.9955555556	45.3,13.0	45.3777777778,13.1166666667	45.3869444444,13.1269444444	45.4222222222,13.1833333333	45.4872222222,13.2791666667	45.525,13.3333333333	45.5588888889,13.3880555556	45.5444444444,13.4197222222	45.5097222222,13.5036111111
305	335	1504299600	1504303199	13	45.7761111111,12.5347222222	45.5791666667,12.6772222222	45.585,12.4983333333	45.5872222222,12.4202777778	45.5516666667,12.3136111111	45.4902777778,12.1294444444	45.52,12.1091666667	45.6816666667,11.9986111111	45.7261111111,11.9686111111	45.7266666667,12.0177777778	45.7277777778,12.0666666667	45.7527777778,12.3	45.7761111111,12.5347222222
