13
365	999	1504242000	1504299599	5	43.0425,13.2122222222	43.0833333333,13.25	43.055,13.3033333333	43.0155555556,13.2619444444	43.0425,13.2122222222
365	999	1504242000	1504299599	7	44.5008333333,11.7011111111	44.1938888889,11.7883333333	43.965,11.85	44.0002777778,11.6483333333	44.0708333333,11.66	44.41,11.6619444444	44.5008333333,11.7011111111
365	999	1504242000	1504299599	7	44.7027777778,11.4008333333	44.6241666667,11.7455555556	44.5008333333,11.7011111111	44.41,11.6619444444	44.2516666667,11.5877777778	44.5611111111,10.9427777778	44.7027777778,11.4008333333
365	999	1504242000	1504299599	6	43.4638888889,12.5316666667	43.3138888889,12.8033333333	43.2741666667,12.7827777778	43.3427777778,12.6519444444	43.4277777778,12.4941666667	43.4638888889,12.5316666667
365	999	1504242000	1504299599	6	44.5,12.5980555556	44.5008333333,11.7011111111	44.6241666667,11.7455555556	44.7313888889,11.7841666667	44.7083333333,12.4244444444	44.5,12.5980555556
365	999	1504242000	1504299599	5	44.8086111111,11.7438888889	44.7313888889,11.7841666667	44.6241666667,11.7455555556	44.7027777778,11.4008333333	44.8086111111,11.7438888889
365	999	1504242000	1504299599	10	44.1938888889,11.7883333333	44.1472222222,11.9461111111	43.9375,12.5775	43.8013888889,12.7805555556	43.6452777778,13.0286111111	43.6691666667,12.9277777778	43.745,12.6058333333	43.8455555556,12.5597222222	43.965,11.85	44.1938888889,11.7883333333
365	999	1504242000	1504299599	4	44.41,11.6619444444	44.0708333333,11.66	44.2516666667,11.5877777778	44.41,11.6619444444
365	999	1504242000	1504299599	10	43.2891666667,13.3375	43.5333333333,12.9	43.6691666667,12.9277777778	43.6452777778,13.0286111111	43.7897222222,13.1783333333	43.9322222222,13.0633333333	44.0047222222,13.4044444444	43.9508333333,13.4452777778	43.6277777778,13.8197222222	43.2891666667,13.3375
365	999	1504242000	1504299599	8	44.3880555556,11.1288888889	44.2516666667,11.5877777778	44.0708333333,11.66	44.0258333333,11.5125	44.2469444444,11.28	44.305,11.2180555556	44.3216666667,11.2	44.3880555556,11.1288888889
365	999	1504242000	1504299599	5	44.5611111111,10.9427777778	44.2516666667,11.5877777778	44.3880555556,11.1288888889	44.4541666667,11.0577777778	44.5611111111,10.9427777778
365	999	1504242000	1504299599	59	44.905,12.1725	44.9547222222,12.7280555556	44.9858333333,13.0913888889	44.9,13.1333333333	44.7833333333,13.2	44.6333333333,13.2666666667	44.5333333333,13.3333333333	44.4163888889,13.4630555556	44.3863888889,13.4980555556	44.2219444444,13.6861111111	44.1572222222,13.7597222222	44.0141666667,13.9216666667	43.9791666667,13.95	43.9252777778,14.0219444444	43.6988888889,14.275	43.65,14.3288888889	43.5641666667,14.4247222222	43.5,14.5	43.4163888889,14.6341666667	43.3416666667,14.4919444444	43.16,14.1491666667	43.2508333333,13.6822222222	43.1425,13.4580555556	43.0797222222,13.3286111111	43.055,13.3033333333	43.0833333333,13.25	43.0425,13.2122222222	43.2072222222,12.9063888889	43.2741666667,12.7827777778	43.3138888889,12.8033333333	43.4638888889,12.5316666667	43.4277777778,12.4941666667	43.5091666667,12.3375	43.5783333333,12.2055555556	43.7380555556,11.8861111111	43.7761111111,11.8247222222	43.8302777778,11.7197222222	43.8583333333,11.6916666667	43.9216666667,11.6241666667	44.0022222222,11.5391666667	44.0258333333,11.5125	44.0708333333,11.66	44.0002777778,11.6483333333	43.965,11.85	43.8455555556,12.5597222222	43.745,12.6058333333	43.6691666667,12.9277777778	43.5333333333,12.9	43.2891666667,13.3375	43.6277777778,13.8197222222	43.9508333333,13.4452777778	44.0047222222,13.4044444444	43.9322222222,13.0633333333	44.5,12.5980555556	44.7083333333,12.4244444444	44.7313888889,11.7841666667	44.8086111111,11.7438888889	44.9183333333,12.0997222222	44.905,12.1725
365	999	1504242000	1504299599	10	44.5,12.5980555556	43.9322222222,13.0633333333	43.7897222222,13.1783333333	43.6452777778,13.0286111111	43.8013888889,12.7805555556	43.9375,12.5775	44.1472222222,11.9461111111	44.1938888889,11.7883333333	44.5008333333,11.7011111111	44.5,12.5980555556
