33
195	285	1504242000	1504299599	7	44.5008333333,11.7011111111	44.1938888889,11.7883333333	43.965,11.85	44.0002777778,11.6483333333	44.0708333333,11.66	44.41,11.6619444444	44.5008333333,11.7011111111
195	285	1504242000	1504299599	7	45.5541666667,12.8333333333	45.525,12.8333333333	45.4705555556,12.8333333333	45.4341666667,12.7772222222	45.5255555556,12.7141666667	45.5280555556,12.7255555556	45.5541666667,12.8333333333
195	285	1504242000	1504299599	5	45.6202777778,13.1063888889	45.5730555556,13.125	45.525,12.8333333333	45.5541666667,12.8333333333	45.6202777778,13.1063888889
195	285	1504242000	1504299599	6	44.5,12.5980555556	44.5008333333,11.7011111111	44.6241666667,11.7455555556	44.7313888889,11.7841666667	44.7083333333,12.4244444444	44.5,12.5980555556
195	285	1504242000	1504299599	7	45.6308333333,13.5341666667	45.5858333333,13.5227777778	45.5097222222,13.5036111111	45.5444444444,13.4197222222	45.5588888889,13.3880555556	45.6333333333,13.5	45.6308333333,13.5341666667
195	285	1504242000	1504299599	10	44.1938888889,11.7883333333	44.1472222222,11.9461111111	43.9375,12.5775	43.8013888889,12.7805555556	43.6452777778,13.0286111111	43.6691666667,12.9277777778	43.745,12.6058333333	43.8455555556,12.5597222222	43.965,11.85	44.1938888889,11.7883333333
195	285	1504242000	1504299599	9	45.38,12.115	45.2202777778,12.345	45.1408333333,12.1275	45.2997222222,11.9188888889	45.1936111111,11.7927777778	45.1977777778,11.6838888889	45.2869444444,11.6583333333	45.2963888889,11.7280555556	45.38,12.115
195	285	1504242000	1504299599	8	44.3880555556,11.1288888889	44.2516666667,11.5877777778	44.0708333333,11.66	44.0258333333,11.5125	44.2469444444,11.28	44.305,11.2180555556	44.3216666667,11.2	44.3880555556,11.1288888889
195	285	1504242000	1504299599	6	45.4716666667,10.6166666667	45.4,11.0783333333	45.3841666667,11.1597222222	45.1966666667,11.2758333333	45.2833333333,10.6386111111	45.4716666667,10.6166666667
195	285	1504242000	1504299599	6	45.3530555556,12.8352777778	45.3230555556,12.8555555556	45.3155555556,12.8608333333	45.3083333333,12.8333333333	45.3319444444,12.8333333333	45.3530555556,12.8352777778
195	285	1504242000	1504299599	6	43.4638888889,12.5316666667	43.3138888889,12.8033333333	43.2741666667,12.7827777778	43.3427777778,12.6519444444	43.4277777778,12.4941666667	43.4638888889,12.5316666667
195	285	1504242000	1504299599	18	44.9547222222,12.7280555556	44.905,12.1725	44.9183333333,12.0997222222	44.8086111111,11.7438888889	44.8416666667,11.7269444444	44.8977777778,11.6186111111	44.9077777778,11.1683333333	45.0544444444,11.2294444444	45.1966666667,11.2758333333	45.1858333333,11.3547222222	45.2869444444,11.6583333333	45.1977777778,11.6838888889	45.1013888889,11.7108333333	44.9666666667,11.75	44.9736111111,11.8944444444	45.0,12.3561111111	45.0961111111,12.5247222222	44.9547222222,12.7280555556
195	285	1504242000	1504299599	15	45.625,13.4472222222	45.5716666667,13.36	45.525,13.3333333333	45.4872222222,13.2791666667	45.4222222222,13.1833333333	45.3869444444,13.1269444444	45.3155555556,12.8608333333	45.3230555556,12.8555555556	45.3530555556,12.8352777778	45.4111111111,12.8333333333	45.4705555556,12.8333333333	45.525,12.8333333333	45.5730555556,13.125	45.6152777778,13.3875	45.625,13.4472222222
195	285	1504242000	1504299599	4	44.41,11.6619444444	44.0708333333,11.66	44.2516666667,11.5877777778	44.41,11.6619444444
195	285	1504242000	1504299599	6	45.525,13.3333333333	45.5716666667,13.36	45.625,13.4472222222	45.6333333333,13.5	45.5588888889,13.3880555556	45.525,13.3333333333
195	285	1504242000	1504299599	15	45.1966666667,11.2758333333	45.0544444444,11.2294444444	44.9077777778,11.1683333333	44.8188888889,11.1313888889	44.7486111111,10.9172222222	44.7219444444,10.8333333333	44.7063888889,10.7852777778	44.7,10.7666666667	44.8286111111,10.6519444444	44.9119444444,10.6497222222	45.0,10.6469444444	45.1,10.6441666667	45.1675,10.6422222222	45.2833333333,10.6386111111	45.1966666667,11.2758333333
195	285	1504242000	1504299599	10	43.2891666667,13.3375	43.5333333333,12.9	43.6691666667,12.9277777778	43.6452777778,13.0286111111	43.7897222222,13.1783333333	43.9322222222,13.0633333333	44.0047222222,13.4044444444	43.9508333333,13.4452777778	43.6277777778,13.8197222222	43.2891666667,13.3375
195	285	1504242000	1504299599	22	45.3530555556,12.8352777778	45.3319444444,12.8333333333	45.3083333333,12.8333333333	45.3155555556,12.8608333333	45.3869444444,13.1269444444	45.3777777778,13.1166666667	45.3,13.0	45.2627777778,12.9955555556	45.2258333333,12.9955555556	45.1833333333,13.0	45.1697222222,13.0	45.1666666667,13.0	45.1583333333,13.0	44.9858333333,13.0913888889	44.9547222222,12.7280555556	45.0961111111,12.5247222222	45.2266666667,12.7544444444	45.2763888889,12.7966666667	45.3397222222,12.8138888889	45.3702777778,12.8227777778	45.4111111111,12.8333333333	45.3530555556,12.8352777778
195	285	1504242000	1504299599	14	44.9077777778,11.1683333333	44.8977777778,11.6186111111	44.8416666667,11.7269444444	44.8086111111,11.7438888889	44.7027777778,11.4008333333	44.7408333333,11.2333333333	44.7166666667,10.9	44.7016666667,10.8333333333	44.7,10.7666666667	44.7063888889,10.7852777778	44.7219444444,10.8333333333	44.7486111111,10.9172222222	44.8188888889,11.1313888889	44.9077777778,11.1683333333
195	285	1504242000	1504299599	5	43.0425,13.2122222222	43.0833333333,13.25	43.055,13.3033333333	43.0155555556,13.2619444444	43.0425,13.2122222222
195	285	1504242000	1504299599	8	45.7077777778,13.4663888889	45.7333333333,13.5691666667	45.6308333333,13.5341666667	45.6333333333,13.5	45.625,13.4472222222	45.6152777778,13.3875	45.6797222222,13.3513888889	45.7077777778,13.4663888889
195	285	1504242000	1504299599	7	44.7027777778,11.4008333333	44.6241666667,11.7455555556	44.5008333333,11.7011111111	44.41,11.6619444444	44.2516666667,11.5877777778	44.5611111111,10.9427777778	44.7027777778,11.4008333333
195	285	1504242000	1504299599	11	45.1977777778,11.6838888889	45.1936111111,11.7927777778	45.2997222222,11.9188888889	45.1408333333,12.1275	45.2202777778,12.345	45.0961111111,12.5247222222	45.0,12.3561111111	44.9736111111,11.8944444444	44.9666666667,11.75	45.1013888889,11.7108333333	45.1977777778,11.6838888889
195	285	1504242000	1504299599	13	45.2986111111,12.5652777778	45.3594444444,12.6722222222	45.4108333333,12.7413888889	45.4341666667,12.7772222222	45.4705555556,12.8333333333	45.4111111111,12.8333333333	45.3702777778,12.8227777778	45.3397222222,12.8138888889	45.2763888889,12.7966666667	45.2266666667,12.7544444444	45.0961111111,12.5247222222	45.2202777778,12.345	45.2986111111,12.5652777778
195	285	1504242000	1504299599	5	44.8086111111,11.7438888889	44.7313888889,11.7841666667	44.6241666667,11.7455555556	44.7027777778,11.4008333333	44.8086111111,11.7438888889
195	285	1504242000	1504299599	5	45.6797222222,13.3513888889	45.6152777778,13.3875	45.5730555556,13.125	45.6202777778,13.1063888889	45.6797222222,13.3513888889
195	285	1504242000	1504299599	8	44.7408333333,11.2333333333	44.7027777778,11.4008333333	44.5611111111,10.9427777778	44.6011111111,10.8994444444	44.7,10.7666666667	44.7016666667,10.8333333333	44.7166666667,10.9	44.7408333333,11.2333333333
195	285	1504242000	1504299599	8	45.38,12.115	45.5255555556,12.7141666667	45.4341666667,12.7772222222	45.4108333333,12.7413888889	45.3594444444,12.6722222222	45.2986111111,12.5652777778	45.2202777778,12.345	45.38,12.115
195	285	1504242000	1504299599	59	44.905,12.1725	44.9547222222,12.7280555556	44.9858333333,13.0913888889	44.9,13.1333333333	44.7833333333,13.2	44.6333333333,13.2666666667	44.5333333333,13.3333333333	44.4163888889,13.4630555556	44.3863888889,13.4980555556	44.2219444444,13.6861111111	44.1572222222,13.7597222222	44.0141666667,13.9216666667	43.9791666667,13.95	43.9252777778,14.0219444444	43.6988888889,14.275	43.65,14.3288888889	43.5641666667,14.4247222222	43.5,14.5	43.4163888889,14.6341666667	43.3416666667,14.4919444444	43.16,14.1491666667	43.2508333333,13.6822222222	43.1425,13.4580555556	43.0797222222,13.3286111111	43.055,13.3033333333	43.0833333333,13.25	43.0425,13.2122222222	43.2072222222,12.9063888889	43.2741666667,12.7827777778	43.3138888889,12.8033333333	43.4638888889,12.5316666667	43.4277777778,12.4941666667	43.5091666667,12.3375	43.5783333333,12.2055555556	43.7380555556,11.8861111111	43.7761111111,11.8247222222	43.8302777778,11.7197222222	43.8583333333,11.6916666667	43.9216666667,11.6241666667	44.0022222222,11.5391666667	44.0258333333,11.5125	44.0708333333,11.66	44.0002777778,11.6483333333	43.965,11.85	43.8455555556,12.5597222222	43.745,12.6058333333	43.6691666667,12.9277777778	43.5333333333,12.9	43.2891666667,13.3375	43.6277777778,13.8197222222	43.9508333333,13.4452777778	44.0047222222,13.4044444444	43.9322222222,13.0633333333	44.5,12.5980555556	44.7083333333,12.4244444444	44.7313888889,11.7841666667	44.8086111111,11.7438888889	44.9183333333,12.0997222222	44.905,12.1725
195	285	1504242000	1504299599	5	44.5611111111,10.9427777778	44.2516666667,11.5877777778	44.3880555556,11.1288888889	44.4541666667,11.0577777778	44.5611111111,10.9427777778
195	285	1504242000	1504299599	14	45.5097222222,13.5036111111	45.3866666667,13.4716666667	45.3113888889,13.2475	45.2258333333,12.9955555556	45.2627777778,12.9955555556	45.3,13.0	45.3777777778,13.1166666667	45.3869444444,13.1269444444	45.4222222222,13.1833333333	45.4872222222,13.2791666667	45.525,13.3333333333	45.5588888889,13.3880555556	45.5444444444,13.4197222222	45.5097222222,13.5036111111
195	285	1504242000	1504299599	5	45.2869444444,11.6583333333	45.1858333333,11.3547222222	45.1966666667,11.2758333333	45.3841666667,11.1597222222	45.2869444444,11.6583333333
195	285	1504242000	1504299599	10	44.5,12.5980555556	43.9322222222,13.0633333333	43.7897222222,13.1783333333	43.6452777778,13.0286111111	43.8013888889,12.7805555556	43.9375,12.5775	44.1472222222,11.9461111111	44.1938888889,11.7883333333	44.5008333333,11.7011111111	44.5,12.5980555556
