105
285	305	1504224000	1504241999	5	43.0425,13.2122222222	43.0833333333,13.25	43.055,13.3033333333	43.0155555556,13.2619444444	43.0425,13.2122222222
285	305	1504224000	1504241999	10	44.1938888889,11.7883333333	44.1472222222,11.9461111111	43.9375,12.5775	43.8013888889,12.7805555556	43.6452777778,13.0286111111	43.6691666667,12.9277777778	43.745,12.6058333333	43.8455555556,12.5597222222	43.965,11.85	44.1938888889,11.7883333333
285	305	1504224000	1504241999	7	44.7027777778,11.4008333333	44.6241666667,11.7455555556	44.5008333333,11.7011111111	44.41,11.6619444444	44.2516666667,11.5877777778	44.5611111111,10.9427777778	44.7027777778,11.4008333333
285	305	1504224000	1504241999	11	45.1977777778,11.6838888889	45.1936111111,11.7927777778	45.2997222222,11.9188888889	45.1408333333,12.1275	45.2202777778,12.345	45.0961111111,12.5247222222	45.0,12.3561111111	44.9736111111,11.8944444444	44.9666666667,11.75	45.1013888889,11.7108333333	45.1977777778,11.6838888889
285	305	1504224000	1504241999	6	43.4638888889,12.5316666667	43.3138888889,12.8033333333	43.2741666667,12.7827777778	43.3427777778,12.6519444444	43.4277777778,12.4941666667	43.4638888889,12.5316666667
285	305	1504224000	1504241999	5	45.2869444444,11.6583333333	45.1858333333,11.3547222222	45.1966666667,11.2758333333	45.3841666667,11.1597222222	45.2869444444,11.6583333333
285	305	1504224000	1504241999	6	44.5,12.5980555556	44.5008333333,11.7011111111	44.6241666667,11.7455555556	44.7313888889,11.7841666667	44.7083333333,12.4244444444	44.5,12.5980555556
285	305	1504224000	1504241999	5	44.8086111111,11.7438888889	44.7313888889,11.7841666667	44.6241666667,11.7455555556	44.7027777778,11.4008333333	44.8086111111,11.7438888889
285	305	1504224000	1504241999	8	44.7408333333,11.2333333333	44.7027777778,11.4008333333	44.5611111111,10.9427777778	44.6011111111,10.8994444444	44.7,10.7666666667	44.7016666667,10.8333333333	44.7166666667,10.9	44.7408333333,11.2333333333
285	305	1504224000	1504241999	7	44.5008333333,11.7011111111	44.1938888889,11.7883333333	43.965,11.85	44.0002777778,11.6483333333	44.0708333333,11.66	44.41,11.6619444444	44.5008333333,11.7011111111
285	305	1504224000	1504241999	4	44.41,11.6619444444	44.0708333333,11.66	44.2516666667,11.5877777778	44.41,11.6619444444
285	305	1504224000	1504241999	18	44.9547222222,12.7280555556	44.905,12.1725	44.9183333333,12.0997222222	44.8086111111,11.7438888889	44.8416666667,11.7269444444	44.8977777778,11.6186111111	44.9077777778,11.1683333333	45.0544444444,11.2294444444	45.1966666667,11.2758333333	45.1858333333,11.3547222222	45.2869444444,11.6583333333	45.1977777778,11.6838888889	45.1013888889,11.7108333333	44.9666666667,11.75	44.9736111111,11.8944444444	45.0,12.3561111111	45.0961111111,12.5247222222	44.9547222222,12.7280555556
285	305	1504224000	1504241999	9	45.38,12.115	45.2202777778,12.345	45.1408333333,12.1275	45.2997222222,11.9188888889	45.1936111111,11.7927777778	45.1977777778,11.6838888889	45.2869444444,11.6583333333	45.2963888889,11.7280555556	45.38,12.115
285	305	1504224000	1504241999	15	45.1966666667,11.2758333333	45.0544444444,11.2294444444	44.9077777778,11.1683333333	44.8188888889,11.1313888889	44.7486111111,10.9172222222	44.7219444444,10.8333333333	44.7063888889,10.7852777778	44.7,10.7666666667	44.8286111111,10.6519444444	44.9119444444,10.6497222222	45.0,10.6469444444	45.1,10.6441666667	45.1675,10.6422222222	45.2833333333,10.6386111111	45.1966666667,11.2758333333
285	305	1504224000	1504241999	10	43.2891666667,13.3375	43.5333333333,12.9	43.6691666667,12.9277777778	43.6452777778,13.0286111111	43.7897222222,13.1783333333	43.9322222222,13.0633333333	44.0047222222,13.4044444444	43.9508333333,13.4452777778	43.6277777778,13.8197222222	43.2891666667,13.3375
285	305	1504224000	1504241999	8	44.3880555556,11.1288888889	44.2516666667,11.5877777778	44.0708333333,11.66	44.0258333333,11.5125	44.2469444444,11.28	44.305,11.2180555556	44.3216666667,11.2	44.3880555556,11.1288888889
285	305	1504224000	1504241999	5	44.5611111111,10.9427777778	44.2516666667,11.5877777778	44.3880555556,11.1288888889	44.4541666667,11.0577777778	44.5611111111,10.9427777778
285	305	1504224000	1504241999	14	44.9077777778,11.1683333333	44.8977777778,11.6186111111	44.8416666667,11.7269444444	44.8086111111,11.7438888889	44.7027777778,11.4008333333	44.7408333333,11.2333333333	44.7166666667,10.9	44.7016666667,10.8333333333	44.7,10.7666666667	44.7063888889,10.7852777778	44.7219444444,10.8333333333	44.7486111111,10.9172222222	44.8188888889,11.1313888889	44.9077777778,11.1683333333
285	305	1504224000	1504241999	59	44.905,12.1725	44.9547222222,12.7280555556	44.9858333333,13.0913888889	44.9,13.1333333333	44.7833333333,13.2	44.6333333333,13.2666666667	44.5333333333,13.3333333333	44.4163888889,13.4630555556	44.3863888889,13.4980555556	44.2219444444,13.6861111111	44.1572222222,13.7597222222	44.0141666667,13.9216666667	43.9791666667,13.95	43.9252777778,14.0219444444	43.6988888889,14.275	43.65,14.3288888889	43.5641666667,14.4247222222	43.5,14.5	43.4163888889,14.6341666667	43.3416666667,14.4919444444	43.16,14.1491666667	43.2508333333,13.6822222222	43.1425,13.4580555556	43.0797222222,13.3286111111	43.055,13.3033333333	43.0833333333,13.25	43.0425,13.2122222222	43.2072222222,12.9063888889	43.2741666667,12.7827777778	43.3138888889,12.8033333333	43.4638888889,12.5316666667	43.4277777778,12.4941666667	43.5091666667,12.3375	43.5783333333,12.2055555556	43.7380555556,11.8861111111	43.7761111111,11.8247222222	43.8302777778,11.7197222222	43.8583333333,11.6916666667	43.9216666667,11.6241666667	44.0022222222,11.5391666667	44.0258333333,11.5125	44.0708333333,11.66	44.0002777778,11.6483333333	43.965,11.85	43.8455555556,12.5597222222	43.745,12.6058333333	43.6691666667,12.9277777778	43.5333333333,12.9	43.2891666667,13.3375	43.6277777778,13.8197222222	43.9508333333,13.4452777778	44.0047222222,13.4044444444	43.9322222222,13.0633333333	44.5,12.5980555556	44.7083333333,12.4244444444	44.7313888889,11.7841666667	44.8086111111,11.7438888889	44.9183333333,12.0997222222	44.905,12.1725
285	305	1504224000	1504241999	10	44.5,12.5980555556	43.9322222222,13.0633333333	43.7897222222,13.1783333333	43.6452777778,13.0286111111	43.8013888889,12.7805555556	43.9375,12.5775	44.1472222222,11.9461111111	44.1938888889,11.7883333333	44.5008333333,11.7011111111	44.5,12.5980555556
285	305	1504224000	1504241999	6	45.4716666667,10.6166666667	45.4,11.0783333333	45.3841666667,11.1597222222	45.1966666667,11.2758333333	45.2833333333,10.6386111111	45.4716666667,10.6166666667
335	365	1504224000	1504241999	5	43.0425,13.2122222222	43.0833333333,13.25	43.055,13.3033333333	43.0155555556,13.2619444444	43.0425,13.2122222222
335	365	1504224000	1504241999	59	44.905,12.1725	44.9547222222,12.7280555556	44.9858333333,13.0913888889	44.9,13.1333333333	44.7833333333,13.2	44.6333333333,13.2666666667	44.5333333333,13.3333333333	44.4163888889,13.4630555556	44.3863888889,13.4980555556	44.2219444444,13.6861111111	44.1572222222,13.7597222222	44.0141666667,13.9216666667	43.9791666667,13.95	43.9252777778,14.0219444444	43.6988888889,14.275	43.65,14.3288888889	43.5641666667,14.4247222222	43.5,14.5	43.4163888889,14.6341666667	43.3416666667,14.4919444444	43.16,14.1491666667	43.2508333333,13.6822222222	43.1425,13.4580555556	43.0797222222,13.3286111111	43.055,13.3033333333	43.0833333333,13.25	43.0425,13.2122222222	43.2072222222,12.9063888889	43.2741666667,12.7827777778	43.3138888889,12.8033333333	43.4638888889,12.5316666667	43.4277777778,12.4941666667	43.5091666667,12.3375	43.5783333333,12.2055555556	43.7380555556,11.8861111111	43.7761111111,11.8247222222	43.8302777778,11.7197222222	43.8583333333,11.6916666667	43.9216666667,11.6241666667	44.0022222222,11.5391666667	44.0258333333,11.5125	44.0708333333,11.66	44.0002777778,11.6483333333	43.965,11.85	43.8455555556,12.5597222222	43.745,12.6058333333	43.6691666667,12.9277777778	43.5333333333,12.9	43.2891666667,13.3375	43.6277777778,13.8197222222	43.9508333333,13.4452777778	44.0047222222,13.4044444444	43.9322222222,13.0633333333	44.5,12.5980555556	44.7083333333,12.4244444444	44.7313888889,11.7841666667	44.8086111111,11.7438888889	44.9183333333,12.0997222222	44.905,12.1725
335	365	1504224000	1504241999	7	44.7027777778,11.4008333333	44.6241666667,11.7455555556	44.5008333333,11.7011111111	44.41,11.6619444444	44.2516666667,11.5877777778	44.5611111111,10.9427777778	44.7027777778,11.4008333333
335	365	1504224000	1504241999	11	45.1977777778,11.6838888889	45.1936111111,11.7927777778	45.2997222222,11.9188888889	45.1408333333,12.1275	45.2202777778,12.345	45.0961111111,12.5247222222	45.0,12.3561111111	44.9736111111,11.8944444444	44.9666666667,11.75	45.1013888889,11.7108333333	45.1977777778,11.6838888889
335	365	1504224000	1504241999	6	43.4638888889,12.5316666667	43.3138888889,12.8033333333	43.2741666667,12.7827777778	43.3427777778,12.6519444444	43.4277777778,12.4941666667	43.4638888889,12.5316666667
335	365	1504224000	1504241999	10	44.1938888889,11.7883333333	44.1472222222,11.9461111111	43.9375,12.5775	43.8013888889,12.7805555556	43.6452777778,13.0286111111	43.6691666667,12.9277777778	43.745,12.6058333333	43.8455555556,12.5597222222	43.965,11.85	44.1938888889,11.7883333333
335	365	1504224000	1504241999	5	44.5611111111,10.9427777778	44.2516666667,11.5877777778	44.3880555556,11.1288888889	44.4541666667,11.0577777778	44.5611111111,10.9427777778
335	365	1504224000	1504241999	5	45.2869444444,11.6583333333	45.1858333333,11.3547222222	45.1966666667,11.2758333333	45.3841666667,11.1597222222	45.2869444444,11.6583333333
335	365	1504224000	1504241999	6	44.5,12.5980555556	44.5008333333,11.7011111111	44.6241666667,11.7455555556	44.7313888889,11.7841666667	44.7083333333,12.4244444444	44.5,12.5980555556
335	365	1504224000	1504241999	18	44.9547222222,12.7280555556	44.905,12.1725	44.9183333333,12.0997222222	44.8086111111,11.7438888889	44.8416666667,11.7269444444	44.8977777778,11.6186111111	44.9077777778,11.1683333333	45.0544444444,11.2294444444	45.1966666667,11.2758333333	45.1858333333,11.3547222222	45.2869444444,11.6583333333	45.1977777778,11.6838888889	45.1013888889,11.7108333333	44.9666666667,11.75	44.9736111111,11.8944444444	45.0,12.3561111111	45.0961111111,12.5247222222	44.9547222222,12.7280555556
335	365	1504224000	1504241999	7	44.5008333333,11.7011111111	44.1938888889,11.7883333333	43.965,11.85	44.0002777778,11.6483333333	44.0708333333,11.66	44.41,11.6619444444	44.5008333333,11.7011111111
335	365	1504224000	1504241999	4	44.41,11.6619444444	44.0708333333,11.66	44.2516666667,11.5877777778	44.41,11.6619444444
335	365	1504224000	1504241999	5	44.8086111111,11.7438888889	44.7313888889,11.7841666667	44.6241666667,11.7455555556	44.7027777778,11.4008333333	44.8086111111,11.7438888889
335	365	1504224000	1504241999	9	45.38,12.115	45.2202777778,12.345	45.1408333333,12.1275	45.2997222222,11.9188888889	45.1936111111,11.7927777778	45.1977777778,11.6838888889	45.2869444444,11.6583333333	45.2963888889,11.7280555556	45.38,12.115
335	365	1504224000	1504241999	10	43.2891666667,13.3375	43.5333333333,12.9	43.6691666667,12.9277777778	43.6452777778,13.0286111111	43.7897222222,13.1783333333	43.9322222222,13.0633333333	44.0047222222,13.4044444444	43.9508333333,13.4452777778	43.6277777778,13.8197222222	43.2891666667,13.3375
335	365	1504224000	1504241999	8	44.3880555556,11.1288888889	44.2516666667,11.5877777778	44.0708333333,11.66	44.0258333333,11.5125	44.2469444444,11.28	44.305,11.2180555556	44.3216666667,11.2	44.3880555556,11.1288888889
335	365	1504224000	1504241999	15	45.1966666667,11.2758333333	45.0544444444,11.2294444444	44.9077777778,11.1683333333	44.8188888889,11.1313888889	44.7486111111,10.9172222222	44.7219444444,10.8333333333	44.7063888889,10.7852777778	44.7,10.7666666667	44.8286111111,10.6519444444	44.9119444444,10.6497222222	45.0,10.6469444444	45.1,10.6441666667	45.1675,10.6422222222	45.2833333333,10.6386111111	45.1966666667,11.2758333333
335	365	1504224000	1504241999	6	45.4716666667,10.6166666667	45.4,11.0783333333	45.3841666667,11.1597222222	45.1966666667,11.2758333333	45.2833333333,10.6386111111	45.4716666667,10.6166666667
335	365	1504224000	1504241999	8	44.7408333333,11.2333333333	44.7027777778,11.4008333333	44.5611111111,10.9427777778	44.6011111111,10.8994444444	44.7,10.7666666667	44.7016666667,10.8333333333	44.7166666667,10.9	44.7408333333,11.2333333333
335	365	1504224000	1504241999	10	44.5,12.5980555556	43.9322222222,13.0633333333	43.7897222222,13.1783333333	43.6452777778,13.0286111111	43.8013888889,12.7805555556	43.9375,12.5775	44.1472222222,11.9461111111	44.1938888889,11.7883333333	44.5008333333,11.7011111111	44.5,12.5980555556
335	365	1504224000	1504241999	14	44.9077777778,11.1683333333	44.8977777778,11.6186111111	44.8416666667,11.7269444444	44.8086111111,11.7438888889	44.7027777778,11.4008333333	44.7408333333,11.2333333333	44.7166666667,10.9	44.7016666667,10.8333333333	44.7,10.7666666667	44.7063888889,10.7852777778	44.7219444444,10.8333333333	44.7486111111,10.9172222222	44.8188888889,11.1313888889	44.9077777778,11.1683333333
195	285	1504224000	1504241999	5	43.0425,13.2122222222	43.0833333333,13.25	43.055,13.3033333333	43.0155555556,13.2619444444	43.0425,13.2122222222
195	285	1504224000	1504241999	5	45.2869444444,11.6583333333	45.1858333333,11.3547222222	45.1966666667,11.2758333333	45.3841666667,11.1597222222	45.2869444444,11.6583333333
195	285	1504224000	1504241999	10	44.1938888889,11.7883333333	44.1472222222,11.9461111111	43.9375,12.5775	43.8013888889,12.7805555556	43.6452777778,13.0286111111	43.6691666667,12.9277777778	43.745,12.6058333333	43.8455555556,12.5597222222	43.965,11.85	44.1938888889,11.7883333333
195	285	1504224000	1504241999	11	45.1977777778,11.6838888889	45.1936111111,11.7927777778	45.2997222222,11.9188888889	45.1408333333,12.1275	45.2202777778,12.345	45.0961111111,12.5247222222	45.0,12.3561111111	44.9736111111,11.8944444444	44.9666666667,11.75	45.1013888889,11.7108333333	45.1977777778,11.6838888889
195	285	1504224000	1504241999	6	43.4638888889,12.5316666667	43.3138888889,12.8033333333	43.2741666667,12.7827777778	43.3427777778,12.6519444444	43.4277777778,12.4941666667	43.4638888889,12.5316666667
195	285	1504224000	1504241999	7	44.7027777778,11.4008333333	44.6241666667,11.7455555556	44.5008333333,11.7011111111	44.41,11.6619444444	44.2516666667,11.5877777778	44.5611111111,10.9427777778	44.7027777778,11.4008333333
195	285	1504224000	1504241999	6	44.5,12.5980555556	44.5008333333,11.7011111111	44.6241666667,11.7455555556	44.7313888889,11.7841666667	44.7083333333,12.4244444444	44.5,12.5980555556
195	285	1504224000	1504241999	5	44.8086111111,11.7438888889	44.7313888889,11.7841666667	44.6241666667,11.7455555556	44.7027777778,11.4008333333	44.8086111111,11.7438888889
195	285	1504224000	1504241999	8	44.7408333333,11.2333333333	44.7027777778,11.4008333333	44.5611111111,10.9427777778	44.6011111111,10.8994444444	44.7,10.7666666667	44.7016666667,10.8333333333	44.7166666667,10.9	44.7408333333,11.2333333333
195	285	1504224000	1504241999	7	44.5008333333,11.7011111111	44.1938888889,11.7883333333	43.965,11.85	44.0002777778,11.6483333333	44.0708333333,11.66	44.41,11.6619444444	44.5008333333,11.7011111111
195	285	1504224000	1504241999	4	44.41,11.6619444444	44.0708333333,11.66	44.2516666667,11.5877777778	44.41,11.6619444444
195	285	1504224000	1504241999	18	44.9547222222,12.7280555556	44.905,12.1725	44.9183333333,12.0997222222	44.8086111111,11.7438888889	44.8416666667,11.7269444444	44.8977777778,11.6186111111	44.9077777778,11.1683333333	45.0544444444,11.2294444444	45.1966666667,11.2758333333	45.1858333333,11.3547222222	45.2869444444,11.6583333333	45.1977777778,11.6838888889	45.1013888889,11.7108333333	44.9666666667,11.75	44.9736111111,11.8944444444	45.0,12.3561111111	45.0961111111,12.5247222222	44.9547222222,12.7280555556
195	285	1504224000	1504241999	9	45.38,12.115	45.2202777778,12.345	45.1408333333,12.1275	45.2997222222,11.9188888889	45.1936111111,11.7927777778	45.1977777778,11.6838888889	45.2869444444,11.6583333333	45.2963888889,11.7280555556	45.38,12.115
195	285	1504224000	1504241999	15	45.1966666667,11.2758333333	45.0544444444,11.2294444444	44.9077777778,11.1683333333	44.8188888889,11.1313888889	44.7486111111,10.9172222222	44.7219444444,10.8333333333	44.7063888889,10.7852777778	44.7,10.7666666667	44.8286111111,10.6519444444	44.9119444444,10.6497222222	45.0,10.6469444444	45.1,10.6441666667	45.1675,10.6422222222	45.2833333333,10.6386111111	45.1966666667,11.2758333333
195	285	1504224000	1504241999	10	43.2891666667,13.3375	43.5333333333,12.9	43.6691666667,12.9277777778	43.6452777778,13.0286111111	43.7897222222,13.1783333333	43.9322222222,13.0633333333	44.0047222222,13.4044444444	43.9508333333,13.4452777778	43.6277777778,13.8197222222	43.2891666667,13.3375
195	285	1504224000	1504241999	8	44.3880555556,11.1288888889	44.2516666667,11.5877777778	44.0708333333,11.66	44.0258333333,11.5125	44.2469444444,11.28	44.305,11.2180555556	44.3216666667,11.2	44.3880555556,11.1288888889
195	285	1504224000	1504241999	5	44.5611111111,10.9427777778	44.2516666667,11.5877777778	44.3880555556,11.1288888889	44.4541666667,11.0577777778	44.5611111111,10.9427777778
195	285	1504224000	1504241999	14	44.9077777778,11.1683333333	44.8977777778,11.6186111111	44.8416666667,11.7269444444	44.8086111111,11.7438888889	44.7027777778,11.4008333333	44.7408333333,11.2333333333	44.7166666667,10.9	44.7016666667,10.8333333333	44.7,10.7666666667	44.7063888889,10.7852777778	44.7219444444,10.8333333333	44.7486111111,10.9172222222	44.8188888889,11.1313888889	44.9077777778,11.1683333333
195	285	1504224000	1504241999	59	44.905,12.1725	44.9547222222,12.7280555556	44.9858333333,13.0913888889	44.9,13.1333333333	44.7833333333,13.2	44.6333333333,13.2666666667	44.5333333333,13.3333333333	44.4163888889,13.4630555556	44.3863888889,13.4980555556	44.2219444444,13.6861111111	44.1572222222,13.7597222222	44.0141666667,13.9216666667	43.9791666667,13.95	43.9252777778,14.0219444444	43.6988888889,14.275	43.65,14.3288888889	43.5641666667,14.4247222222	43.5,14.5	43.4163888889,14.6341666667	43.3416666667,14.4919444444	43.16,14.1491666667	43.2508333333,13.6822222222	43.1425,13.4580555556	43.0797222222,13.3286111111	43.055,13.3033333333	43.0833333333,13.25	43.0425,13.2122222222	43.2072222222,12.9063888889	43.2741666667,12.7827777778	43.3138888889,12.8033333333	43.4638888889,12.5316666667	43.4277777778,12.4941666667	43.5091666667,12.3375	43.5783333333,12.2055555556	43.7380555556,11.8861111111	43.7761111111,11.8247222222	43.8302777778,11.7197222222	43.8583333333,11.6916666667	43.9216666667,11.6241666667	44.0022222222,11.5391666667	44.0258333333,11.5125	44.0708333333,11.66	44.0002777778,11.6483333333	43.965,11.85	43.8455555556,12.5597222222	43.745,12.6058333333	43.6691666667,12.9277777778	43.5333333333,12.9	43.2891666667,13.3375	43.6277777778,13.8197222222	43.9508333333,13.4452777778	44.0047222222,13.4044444444	43.9322222222,13.0633333333	44.5,12.5980555556	44.7083333333,12.4244444444	44.7313888889,11.7841666667	44.8086111111,11.7438888889	44.9183333333,12.0997222222	44.905,12.1725
195	285	1504224000	1504241999	10	44.5,12.5980555556	43.9322222222,13.0633333333	43.7897222222,13.1783333333	43.6452777778,13.0286111111	43.8013888889,12.7805555556	43.9375,12.5775	44.1472222222,11.9461111111	44.1938888889,11.7883333333	44.5008333333,11.7011111111	44.5,12.5980555556
195	285	1504224000	1504241999	6	45.4716666667,10.6166666667	45.4,11.0783333333	45.3841666667,11.1597222222	45.1966666667,11.2758333333	45.2833333333,10.6386111111	45.4716666667,10.6166666667
365	999	1504224000	1504241999	5	43.0425,13.2122222222	43.0833333333,13.25	43.055,13.3033333333	43.0155555556,13.2619444444	43.0425,13.2122222222
365	999	1504224000	1504241999	7	44.5008333333,11.7011111111	44.1938888889,11.7883333333	43.965,11.85	44.0002777778,11.6483333333	44.0708333333,11.66	44.41,11.6619444444	44.5008333333,11.7011111111
365	999	1504224000	1504241999	59	44.905,12.1725	44.9547222222,12.7280555556	44.9858333333,13.0913888889	44.9,13.1333333333	44.7833333333,13.2	44.6333333333,13.2666666667	44.5333333333,13.3333333333	44.4163888889,13.4630555556	44.3863888889,13.4980555556	44.2219444444,13.6861111111	44.1572222222,13.7597222222	44.0141666667,13.9216666667	43.9791666667,13.95	43.9252777778,14.0219444444	43.6988888889,14.275	43.65,14.3288888889	43.5641666667,14.4247222222	43.5,14.5	43.4163888889,14.6341666667	43.3416666667,14.4919444444	43.16,14.1491666667	43.2508333333,13.6822222222	43.1425,13.4580555556	43.0797222222,13.3286111111	43.055,13.3033333333	43.0833333333,13.25	43.0425,13.2122222222	43.2072222222,12.9063888889	43.2741666667,12.7827777778	43.3138888889,12.8033333333	43.4638888889,12.5316666667	43.4277777778,12.4941666667	43.5091666667,12.3375	43.5783333333,12.2055555556	43.7380555556,11.8861111111	43.7761111111,11.8247222222	43.8302777778,11.7197222222	43.8583333333,11.6916666667	43.9216666667,11.6241666667	44.0022222222,11.5391666667	44.0258333333,11.5125	44.0708333333,11.66	44.0002777778,11.6483333333	43.965,11.85	43.8455555556,12.5597222222	43.745,12.6058333333	43.6691666667,12.9277777778	43.5333333333,12.9	43.2891666667,13.3375	43.6277777778,13.8197222222	43.9508333333,13.4452777778	44.0047222222,13.4044444444	43.9322222222,13.0633333333	44.5,12.5980555556	44.7083333333,12.4244444444	44.7313888889,11.7841666667	44.8086111111,11.7438888889	44.9183333333,12.0997222222	44.905,12.1725
365	999	1504224000	1504241999	7	44.7027777778,11.4008333333	44.6241666667,11.7455555556	44.5008333333,11.7011111111	44.41,11.6619444444	44.2516666667,11.5877777778	44.5611111111,10.9427777778	44.7027777778,11.4008333333
365	999	1504224000	1504241999	11	45.1977777778,11.6838888889	45.1936111111,11.7927777778	45.2997222222,11.9188888889	45.1408333333,12.1275	45.2202777778,12.345	45.0961111111,12.5247222222	45.0,12.3561111111	44.9736111111,11.8944444444	44.9666666667,11.75	45.1013888889,11.7108333333	45.1977777778,11.6838888889
365	999	1504224000	1504241999	6	43.4638888889,12.5316666667	43.3138888889,12.8033333333	43.2741666667,12.7827777778	43.3427777778,12.6519444444	43.4277777778,12.4941666667	43.4638888889,12.5316666667
365	999	1504224000	1504241999	5	45.2869444444,11.6583333333	45.1858333333,11.3547222222	45.1966666667,11.2758333333	45.3841666667,11.1597222222	45.2869444444,11.6583333333
365	999	1504224000	1504241999	6	44.5,12.5980555556	44.5008333333,11.7011111111	44.6241666667,11.7455555556	44.7313888889,11.7841666667	44.7083333333,12.4244444444	44.5,12.5980555556
365	999	1504224000	1504241999	5	44.8086111111,11.7438888889	44.7313888889,11.7841666667	44.6241666667,11.7455555556	44.7027777778,11.4008333333	44.8086111111,11.7438888889
365	999	1504224000	1504241999	8	44.7408333333,11.2333333333	44.7027777778,11.4008333333	44.5611111111,10.9427777778	44.6011111111,10.8994444444	44.7,10.7666666667	44.7016666667,10.8333333333	44.7166666667,10.9	44.7408333333,11.2333333333
365	999	1504224000	1504241999	10	44.1938888889,11.7883333333	44.1472222222,11.9461111111	43.9375,12.5775	43.8013888889,12.7805555556	43.6452777778,13.0286111111	43.6691666667,12.9277777778	43.745,12.6058333333	43.8455555556,12.5597222222	43.965,11.85	44.1938888889,11.7883333333
365	999	1504224000	1504241999	4	44.41,11.6619444444	44.0708333333,11.66	44.2516666667,11.5877777778	44.41,11.6619444444
365	999	1504224000	1504241999	18	44.9547222222,12.7280555556	44.905,12.1725	44.9183333333,12.0997222222	44.8086111111,11.7438888889	44.8416666667,11.7269444444	44.8977777778,11.6186111111	44.9077777778,11.1683333333	45.0544444444,11.2294444444	45.1966666667,11.2758333333	45.1858333333,11.3547222222	45.2869444444,11.6583333333	45.1977777778,11.6838888889	45.1013888889,11.7108333333	44.9666666667,11.75	44.9736111111,11.8944444444	45.0,12.3561111111	45.0961111111,12.5247222222	44.9547222222,12.7280555556
365	999	1504224000	1504241999	9	45.38,12.115	45.2202777778,12.345	45.1408333333,12.1275	45.2997222222,11.9188888889	45.1936111111,11.7927777778	45.1977777778,11.6838888889	45.2869444444,11.6583333333	45.2963888889,11.7280555556	45.38,12.115
365	999	1504224000	1504241999	15	45.1966666667,11.2758333333	45.0544444444,11.2294444444	44.9077777778,11.1683333333	44.8188888889,11.1313888889	44.7486111111,10.9172222222	44.7219444444,10.8333333333	44.7063888889,10.7852777778	44.7,10.7666666667	44.8286111111,10.6519444444	44.9119444444,10.6497222222	45.0,10.6469444444	45.1,10.6441666667	45.1675,10.6422222222	45.2833333333,10.6386111111	45.1966666667,11.2758333333
365	999	1504224000	1504241999	10	43.2891666667,13.3375	43.5333333333,12.9	43.6691666667,12.9277777778	43.6452777778,13.0286111111	43.7897222222,13.1783333333	43.9322222222,13.0633333333	44.0047222222,13.4044444444	43.9508333333,13.4452777778	43.6277777778,13.8197222222	43.2891666667,13.3375
365	999	1504224000	1504241999	8	44.3880555556,11.1288888889	44.2516666667,11.5877777778	44.0708333333,11.66	44.0258333333,11.5125	44.2469444444,11.28	44.305,11.2180555556	44.3216666667,11.2	44.3880555556,11.1288888889
365	999	1504224000	1504241999	5	44.5611111111,10.9427777778	44.2516666667,11.5877777778	44.3880555556,11.1288888889	44.4541666667,11.0577777778	44.5611111111,10.9427777778
365	999	1504224000	1504241999	14	44.9077777778,11.1683333333	44.8977777778,11.6186111111	44.8416666667,11.7269444444	44.8086111111,11.7438888889	44.7027777778,11.4008333333	44.7408333333,11.2333333333	44.7166666667,10.9	44.7016666667,10.8333333333	44.7,10.7666666667	44.7063888889,10.7852777778	44.7219444444,10.8333333333	44.7486111111,10.9172222222	44.8188888889,11.1313888889	44.9077777778,11.1683333333
365	999	1504224000	1504241999	10	44.5,12.5980555556	43.9322222222,13.0633333333	43.7897222222,13.1783333333	43.6452777778,13.0286111111	43.8013888889,12.7805555556	43.9375,12.5775	44.1472222222,11.9461111111	44.1938888889,11.7883333333	44.5008333333,11.7011111111	44.5,12.5980555556
365	999	1504224000	1504241999	6	45.4716666667,10.6166666667	45.4,11.0783333333	45.3841666667,11.1597222222	45.1966666667,11.2758333333	45.2833333333,10.6386111111	45.4716666667,10.6166666667
305	335	1504224000	1504241999	5	43.0425,13.2122222222	43.0833333333,13.25	43.055,13.3033333333	43.0155555556,13.2619444444	43.0425,13.2122222222
305	335	1504224000	1504241999	7	44.5008333333,11.7011111111	44.1938888889,11.7883333333	43.965,11.85	44.0002777778,11.6483333333	44.0708333333,11.66	44.41,11.6619444444	44.5008333333,11.7011111111
305	335	1504224000	1504241999	15	45.1966666667,11.2758333333	45.0544444444,11.2294444444	44.9077777778,11.1683333333	44.8188888889,11.1313888889	44.7486111111,10.9172222222	44.7219444444,10.8333333333	44.7063888889,10.7852777778	44.7,10.7666666667	44.8286111111,10.6519444444	44.9119444444,10.6497222222	45.0,10.6469444444	45.1,10.6441666667	45.1675,10.6422222222	45.2833333333,10.6386111111	45.1966666667,11.2758333333
305	335	1504224000	1504241999	7	44.7027777778,11.4008333333	44.6241666667,11.7455555556	44.5008333333,11.7011111111	44.41,11.6619444444	44.2516666667,11.5877777778	44.5611111111,10.9427777778	44.7027777778,11.4008333333
305	335	1504224000	1504241999	11	45.1977777778,11.6838888889	45.1936111111,11.7927777778	45.2997222222,11.9188888889	45.1408333333,12.1275	45.2202777778,12.345	45.0961111111,12.5247222222	45.0,12.3561111111	44.9736111111,11.8944444444	44.9666666667,11.75	45.1013888889,11.7108333333	45.1977777778,11.6838888889
305	335	1504224000	1504241999	6	43.4638888889,12.5316666667	43.3138888889,12.8033333333	43.2741666667,12.7827777778	43.3427777778,12.6519444444	43.4277777778,12.4941666667	43.4638888889,12.5316666667
305	335	1504224000	1504241999	5	44.5611111111,10.9427777778	44.2516666667,11.5877777778	44.3880555556,11.1288888889	44.4541666667,11.0577777778	44.5611111111,10.9427777778
305	335	1504224000	1504241999	5	45.2869444444,11.6583333333	45.1858333333,11.3547222222	45.1966666667,11.2758333333	45.3841666667,11.1597222222	45.2869444444,11.6583333333
305	335	1504224000	1504241999	6	44.5,12.5980555556	44.5008333333,11.7011111111	44.6241666667,11.7455555556	44.7313888889,11.7841666667	44.7083333333,12.4244444444	44.5,12.5980555556
305	335	1504224000	1504241999	18	44.9547222222,12.7280555556	44.905,12.1725	44.9183333333,12.0997222222	44.8086111111,11.7438888889	44.8416666667,11.7269444444	44.8977777778,11.6186111111	44.9077777778,11.1683333333	45.0544444444,11.2294444444	45.1966666667,11.2758333333	45.1858333333,11.3547222222	45.2869444444,11.6583333333	45.1977777778,11.6838888889	45.1013888889,11.7108333333	44.9666666667,11.75	44.9736111111,11.8944444444	45.0,12.3561111111	45.0961111111,12.5247222222	44.9547222222,12.7280555556
305	335	1504224000	1504241999	59	44.905,12.1725	44.9547222222,12.7280555556	44.9858333333,13.0913888889	44.9,13.1333333333	44.7833333333,13.2	44.6333333333,13.2666666667	44.5333333333,13.3333333333	44.4163888889,13.4630555556	44.3863888889,13.4980555556	44.2219444444,13.6861111111	44.1572222222,13.7597222222	44.0141666667,13.9216666667	43.9791666667,13.95	43.9252777778,14.0219444444	43.6988888889,14.275	43.65,14.3288888889	43.5641666667,14.4247222222	43.5,14.5	43.4163888889,14.6341666667	43.3416666667,14.4919444444	43.16,14.1491666667	43.2508333333,13.6822222222	43.1425,13.4580555556	43.0797222222,13.3286111111	43.055,13.3033333333	43.0833333333,13.25	43.0425,13.2122222222	43.2072222222,12.9063888889	43.2741666667,12.7827777778	43.3138888889,12.8033333333	43.4638888889,12.5316666667	43.4277777778,12.4941666667	43.5091666667,12.3375	43.5783333333,12.2055555556	43.7380555556,11.8861111111	43.7761111111,11.8247222222	43.8302777778,11.7197222222	43.8583333333,11.6916666667	43.9216666667,11.6241666667	44.0022222222,11.5391666667	44.0258333333,11.5125	44.0708333333,11.66	44.0002777778,11.6483333333	43.965,11.85	43.8455555556,12.5597222222	43.745,12.6058333333	43.6691666667,12.9277777778	43.5333333333,12.9	43.2891666667,13.3375	43.6277777778,13.8197222222	43.9508333333,13.4452777778	44.0047222222,13.4044444444	43.9322222222,13.0633333333	44.5,12.5980555556	44.7083333333,12.4244444444	44.7313888889,11.7841666667	44.8086111111,11.7438888889	44.9183333333,12.0997222222	44.905,12.1725
305	335	1504224000	1504241999	10	44.1938888889,11.7883333333	44.1472222222,11.9461111111	43.9375,12.5775	43.8013888889,12.7805555556	43.6452777778,13.0286111111	43.6691666667,12.9277777778	43.745,12.6058333333	43.8455555556,12.5597222222	43.965,11.85	44.1938888889,11.7883333333
305	335	1504224000	1504241999	4	44.41,11.6619444444	44.0708333333,11.66	44.2516666667,11.5877777778	44.41,11.6619444444
305	335	1504224000	1504241999	5	44.8086111111,11.7438888889	44.7313888889,11.7841666667	44.6241666667,11.7455555556	44.7027777778,11.4008333333	44.8086111111,11.7438888889
305	335	1504224000	1504241999	9	45.38,12.115	45.2202777778,12.345	45.1408333333,12.1275	45.2997222222,11.9188888889	45.1936111111,11.7927777778	45.1977777778,11.6838888889	45.2869444444,11.6583333333	45.2963888889,11.7280555556	45.38,12.115
305	335	1504224000	1504241999	10	43.2891666667,13.3375	43.5333333333,12.9	43.6691666667,12.9277777778	43.6452777778,13.0286111111	43.7897222222,13.1783333333	43.9322222222,13.0633333333	44.0047222222,13.4044444444	43.9508333333,13.4452777778	43.6277777778,13.8197222222	43.2891666667,13.3375
305	335	1504224000	1504241999	8	44.3880555556,11.1288888889	44.2516666667,11.5877777778	44.0708333333,11.66	44.0258333333,11.5125	44.2469444444,11.28	44.305,11.2180555556	44.3216666667,11.2	44.3880555556,11.1288888889
305	335	1504224000	1504241999	14	44.9077777778,11.1683333333	44.8977777778,11.6186111111	44.8416666667,11.7269444444	44.8086111111,11.7438888889	44.7027777778,11.4008333333	44.7408333333,11.2333333333	44.7166666667,10.9	44.7016666667,10.8333333333	44.7,10.7666666667	44.7063888889,10.7852777778	44.7219444444,10.8333333333	44.7486111111,10.9172222222	44.8188888889,11.1313888889	44.9077777778,11.1683333333
305	335	1504224000	1504241999	8	44.7408333333,11.2333333333	44.7027777778,11.4008333333	44.5611111111,10.9427777778	44.6011111111,10.8994444444	44.7,10.7666666667	44.7016666667,10.8333333333	44.7166666667,10.9	44.7408333333,11.2333333333
305	335	1504224000	1504241999	10	44.5,12.5980555556	43.9322222222,13.0633333333	43.7897222222,13.1783333333	43.6452777778,13.0286111111	43.8013888889,12.7805555556	43.9375,12.5775	44.1472222222,11.9461111111	44.1938888889,11.7883333333	44.5008333333,11.7011111111	44.5,12.5980555556
305	335	1504224000	1504241999	6	45.4716666667,10.6166666667	45.4,11.0783333333	45.3841666667,11.1597222222	45.1966666667,11.2758333333	45.2833333333,10.6386111111	45.4716666667,10.6166666667
