60
285	305	1504252980	1504256399	9	39.2825,15.815	39.2030555556,16.23	39.0711111111,16.3894444444	39.075,16.4191666667	38.6588888889,17.2683333333	38.6216666667,16.64	38.7044444444,15.8763888889	39.0,15.9458333333	39.2825,15.815
285	305	1504252980	1504256399	45	40.2716666667,15.6616666667	40.1333333333,15.7402777778	39.7763888889,15.9441666667	39.615,16.0391666667	39.2333333333,16.25	39.075,16.4191666667	39.0711111111,16.3894444444	39.2030555556,16.23	39.2825,15.815	39.0,15.9458333333	38.7044444444,15.8763888889	38.575,15.7833333333	38.4222222222,15.8672222222	38.4755555556,15.8180555556	38.52,15.7522222222	38.5422222222,15.7030555556	38.5586111111,15.6522222222	38.5661111111,15.6144444444	38.5719444444,15.5561111111	38.5675,15.4694444444	38.5483333333,15.3883333333	38.5288888889,15.3391666667	38.5038888889,15.2938888889	38.4666666667,15.2469444444	38.4222222222,15.2072222222	38.3791666667,15.1808333333	38.3361111111,15.1658333333	38.2886111111,15.1563888889	38.2366666667,15.1583333333	38.1816666667,15.1752777778	38.1091666667,15.2152777778	38.0775,15.2291666667	37.75,15.35	37.7622222222,15.3077777778	37.7819444444,15.2375	37.8583333333,14.9722222222	37.9133333333,14.7688888889	37.9513888889,14.6230555556	38.0063888889,14.4308333333	37.7508333333,14.3888888889	36.9,14.25	36.9302777778,14.2008333333	37.6236111111,13.9419444444	39.4216666667,13.7966666667	40.2716666667,15.6616666667
285	305	1504252980	1504256399	7	36.9861111111,14.9733333333	36.9216666667,14.9769444444	36.8666666667,14.7266666667	36.8180555556,14.5138888889	36.8333333333,14.5166666667	36.9036111111,14.7266666667	36.9861111111,14.9733333333
285	305	1504252980	1504256399	6	37.7508333333,14.3888888889	38.0063888889,14.4308333333	37.9513888889,14.6230555556	37.9133333333,14.7688888889	37.625,14.9016666667	37.7508333333,14.3888888889
285	305	1504252980	1504256399	15	37.5866666667,15.0569444444	37.6305555556,15.2388888889	37.5002777778,15.385	37.2236111111,15.1827777778	37.1391666667,15.3302777778	37.0972222222,15.3	36.9861111111,14.9733333333	36.9036111111,14.7266666667	36.8333333333,14.5166666667	36.8627777778,14.3927777778	36.8791666667,14.3247222222	36.9,14.25	37.7508333333,14.3888888889	37.625,14.9016666667	37.5866666667,15.0569444444
285	305	1504252980	1504256399	8	37.1391666667,15.3302777778	37.0391666667,15.5044444444	37.0005555556,15.3283333333	36.9586111111,15.1375	36.9216666667,14.9769444444	36.9861111111,14.9733333333	37.0972222222,15.3	37.1391666667,15.3302777778
285	305	1504252980	1504256399	42	38.6588888889,17.2683333333	38.5930555556,17.5183333333	38.3425,18.4463888889	38.3422222222,19.0	38.2675,19.0	38.1,19.0	37.75,19.0	37.4,19.0	36.9666666667,19.0	36.7666666667,19.0	36.5,19.0	36.5,18.3333333333	36.5,17.7730555556	36.5,17.4258333333	36.5,16.8572222222	36.5,16.4513888889	36.5,16.0	36.5,15.6166666667	36.5,15.2822222222	36.5,15.0	36.5,14.8333333333	36.5,14.5669444444	36.5,14.4672222222	36.5,14.4555555556	36.8180555556,14.5138888889	36.8666666667,14.7266666667	36.9216666667,14.9769444444	36.9586111111,15.1375	37.0005555556,15.3283333333	37.0391666667,15.5044444444	37.5988888889,15.8769444444	37.65,15.7	37.9836111111,15.8211111111	38.1783333333,15.895	38.2322222222,15.9141666667	38.2991666667,15.9161111111	38.375,15.8916666667	38.4222222222,15.8672222222	38.575,15.7833333333	38.7044444444,15.8763888889	38.6216666667,16.64	38.6588888889,17.2683333333
285	305	1504252980	1504256399	8	38.0769444444,15.4180555556	38.0538888889,15.4361111111	38.0758333333,15.6455555556	37.9836111111,15.8211111111	37.65,15.7	37.75,15.35	38.0775,15.2291666667	38.0769444444,15.4180555556
285	305	1504252980	1504256399	6	37.9133333333,14.7688888889	37.8583333333,14.9722222222	37.7819444444,15.2375	37.5866666667,15.0569444444	37.625,14.9016666667	37.9133333333,14.7688888889
285	305	1504252980	1504256399	10	37.1391666667,15.3302777778	37.2236111111,15.1827777778	37.5002777778,15.385	37.6305555556,15.2388888889	37.5866666667,15.0569444444	37.7819444444,15.2375	37.7622222222,15.3077777778	37.75,15.35	37.65,15.7	37.1391666667,15.3302777778
285	305	1504252980	1504256399	5	37.5988888889,15.8769444444	37.0391666667,15.5044444444	37.1391666667,15.3302777778	37.65,15.7	37.5988888889,15.8769444444
285	305	1504252980	1504256399	29	38.1091666667,15.2152777778	38.1816666667,15.1752777778	38.2366666667,15.1583333333	38.2886111111,15.1563888889	38.3361111111,15.1658333333	38.3791666667,15.1808333333	38.4222222222,15.2072222222	38.4666666667,15.2469444444	38.5038888889,15.2938888889	38.5288888889,15.3391666667	38.5483333333,15.3883333333	38.5675,15.4694444444	38.5719444444,15.5561111111	38.5661111111,15.6144444444	38.5586111111,15.6522222222	38.5422222222,15.7030555556	38.52,15.7522222222	38.4755555556,15.8180555556	38.4222222222,15.8672222222	38.375,15.8916666667	38.2991666667,15.9161111111	38.2322222222,15.9141666667	38.1783333333,15.895	37.9836111111,15.8211111111	38.0758333333,15.6455555556	38.0538888889,15.4361111111	38.0769444444,15.4180555556	38.0775,15.2291666667	38.1091666667,15.2152777778
335	365	1504252980	1504256399	45	40.2716666667,15.6616666667	40.1333333333,15.7402777778	39.7763888889,15.9441666667	39.615,16.0391666667	39.2333333333,16.25	39.075,16.4191666667	39.0711111111,16.3894444444	39.2030555556,16.23	39.2825,15.815	39.0,15.9458333333	38.7044444444,15.8763888889	38.575,15.7833333333	38.4222222222,15.8672222222	38.4755555556,15.8180555556	38.52,15.7522222222	38.5422222222,15.7030555556	38.5586111111,15.6522222222	38.5661111111,15.6144444444	38.5719444444,15.5561111111	38.5675,15.4694444444	38.5483333333,15.3883333333	38.5288888889,15.3391666667	38.5038888889,15.2938888889	38.4666666667,15.2469444444	38.4222222222,15.2072222222	38.3791666667,15.1808333333	38.3361111111,15.1658333333	38.2886111111,15.1563888889	38.2366666667,15.1583333333	38.1816666667,15.1752777778	38.1091666667,15.2152777778	38.0775,15.2291666667	37.75,15.35	37.7622222222,15.3077777778	37.7819444444,15.2375	37.8583333333,14.9722222222	37.9133333333,14.7688888889	37.9513888889,14.6230555556	38.0063888889,14.4308333333	37.7508333333,14.3888888889	36.9,14.25	36.9302777778,14.2008333333	37.6236111111,13.9419444444	39.4216666667,13.7966666667	40.2716666667,15.6616666667
335	365	1504252980	1504256399	9	39.2825,15.815	39.2030555556,16.23	39.0711111111,16.3894444444	39.075,16.4191666667	38.6588888889,17.2683333333	38.6216666667,16.64	38.7044444444,15.8763888889	39.0,15.9458333333	39.2825,15.815
335	365	1504252980	1504256399	6	37.7508333333,14.3888888889	38.0063888889,14.4308333333	37.9513888889,14.6230555556	37.9133333333,14.7688888889	37.625,14.9016666667	37.7508333333,14.3888888889
335	365	1504252980	1504256399	15	37.5866666667,15.0569444444	37.6305555556,15.2388888889	37.5002777778,15.385	37.2236111111,15.1827777778	37.1391666667,15.3302777778	37.0972222222,15.3	36.9861111111,14.9733333333	36.9036111111,14.7266666667	36.8333333333,14.5166666667	36.8627777778,14.3927777778	36.8791666667,14.3247222222	36.9,14.25	37.7508333333,14.3888888889	37.625,14.9016666667	37.5866666667,15.0569444444
335	365	1504252980	1504256399	6	37.9133333333,14.7688888889	37.8583333333,14.9722222222	37.7819444444,15.2375	37.5866666667,15.0569444444	37.625,14.9016666667	37.9133333333,14.7688888889
335	365	1504252980	1504256399	8	37.1391666667,15.3302777778	37.0391666667,15.5044444444	37.0005555556,15.3283333333	36.9586111111,15.1375	36.9216666667,14.9769444444	36.9861111111,14.9733333333	37.0972222222,15.3	37.1391666667,15.3302777778
335	365	1504252980	1504256399	42	38.6588888889,17.2683333333	38.5930555556,17.5183333333	38.3425,18.4463888889	38.3422222222,19.0	38.2675,19.0	38.1,19.0	37.75,19.0	37.4,19.0	36.9666666667,19.0	36.7666666667,19.0	36.5,19.0	36.5,18.3333333333	36.5,17.7730555556	36.5,17.4258333333	36.5,16.8572222222	36.5,16.4513888889	36.5,16.0	36.5,15.6166666667	36.5,15.2822222222	36.5,15.0	36.5,14.8333333333	36.5,14.5669444444	36.5,14.4672222222	36.5,14.4555555556	36.8180555556,14.5138888889	36.8666666667,14.7266666667	36.9216666667,14.9769444444	36.9586111111,15.1375	37.0005555556,15.3283333333	37.0391666667,15.5044444444	37.5988888889,15.8769444444	37.65,15.7	37.9836111111,15.8211111111	38.1783333333,15.895	38.2322222222,15.9141666667	38.2991666667,15.9161111111	38.375,15.8916666667	38.4222222222,15.8672222222	38.575,15.7833333333	38.7044444444,15.8763888889	38.6216666667,16.64	38.6588888889,17.2683333333
335	365	1504252980	1504256399	8	38.0769444444,15.4180555556	38.0538888889,15.4361111111	38.0758333333,15.6455555556	37.9836111111,15.8211111111	37.65,15.7	37.75,15.35	38.0775,15.2291666667	38.0769444444,15.4180555556
335	365	1504252980	1504256399	29	38.1091666667,15.2152777778	38.1816666667,15.1752777778	38.2366666667,15.1583333333	38.2886111111,15.1563888889	38.3361111111,15.1658333333	38.3791666667,15.1808333333	38.4222222222,15.2072222222	38.4666666667,15.2469444444	38.5038888889,15.2938888889	38.5288888889,15.3391666667	38.5483333333,15.3883333333	38.5675,15.4694444444	38.5719444444,15.5561111111	38.5661111111,15.6144444444	38.5586111111,15.6522222222	38.5422222222,15.7030555556	38.52,15.7522222222	38.4755555556,15.8180555556	38.4222222222,15.8672222222	38.375,15.8916666667	38.2991666667,15.9161111111	38.2322222222,15.9141666667	38.1783333333,15.895	37.9836111111,15.8211111111	38.0758333333,15.6455555556	38.0538888889,15.4361111111	38.0769444444,15.4180555556	38.0775,15.2291666667	38.1091666667,15.2152777778
335	365	1504252980	1504256399	10	37.1391666667,15.3302777778	37.2236111111,15.1827777778	37.5002777778,15.385	37.6305555556,15.2388888889	37.5866666667,15.0569444444	37.7819444444,15.2375	37.7622222222,15.3077777778	37.75,15.35	37.65,15.7	37.1391666667,15.3302777778
335	365	1504252980	1504256399	5	37.5988888889,15.8769444444	37.0391666667,15.5044444444	37.1391666667,15.3302777778	37.65,15.7	37.5988888889,15.8769444444
335	365	1504252980	1504256399	7	36.9861111111,14.9733333333	36.9216666667,14.9769444444	36.8666666667,14.7266666667	36.8180555556,14.5138888889	36.8333333333,14.5166666667	36.9036111111,14.7266666667	36.9861111111,14.9733333333
365	999	1504252980	1504256399	45	40.2716666667,15.6616666667	40.1333333333,15.7402777778	39.7763888889,15.9441666667	39.615,16.0391666667	39.2333333333,16.25	39.075,16.4191666667	39.0711111111,16.3894444444	39.2030555556,16.23	39.2825,15.815	39.0,15.9458333333	38.7044444444,15.8763888889	38.575,15.7833333333	38.4222222222,15.8672222222	38.4755555556,15.8180555556	38.52,15.7522222222	38.5422222222,15.7030555556	38.5586111111,15.6522222222	38.5661111111,15.6144444444	38.5719444444,15.5561111111	38.5675,15.4694444444	38.5483333333,15.3883333333	38.5288888889,15.3391666667	38.5038888889,15.2938888889	38.4666666667,15.2469444444	38.4222222222,15.2072222222	38.3791666667,15.1808333333	38.3361111111,15.1658333333	38.2886111111,15.1563888889	38.2366666667,15.1583333333	38.1816666667,15.1752777778	38.1091666667,15.2152777778	38.0775,15.2291666667	37.75,15.35	37.7622222222,15.3077777778	37.7819444444,15.2375	37.8583333333,14.9722222222	37.9133333333,14.7688888889	37.9513888889,14.6230555556	38.0063888889,14.4308333333	37.7508333333,14.3888888889	36.9,14.25	36.9302777778,14.2008333333	37.6236111111,13.9419444444	39.4216666667,13.7966666667	40.2716666667,15.6616666667
365	999	1504252980	1504256399	9	39.2825,15.815	39.2030555556,16.23	39.0711111111,16.3894444444	39.075,16.4191666667	38.6588888889,17.2683333333	38.6216666667,16.64	38.7044444444,15.8763888889	39.0,15.9458333333	39.2825,15.815
365	999	1504252980	1504256399	6	37.7508333333,14.3888888889	38.0063888889,14.4308333333	37.9513888889,14.6230555556	37.9133333333,14.7688888889	37.625,14.9016666667	37.7508333333,14.3888888889
365	999	1504252980	1504256399	5	37.5988888889,15.8769444444	37.0391666667,15.5044444444	37.1391666667,15.3302777778	37.65,15.7	37.5988888889,15.8769444444
365	999	1504252980	1504256399	6	37.9133333333,14.7688888889	37.8583333333,14.9722222222	37.7819444444,15.2375	37.5866666667,15.0569444444	37.625,14.9016666667	37.9133333333,14.7688888889
365	999	1504252980	1504256399	8	37.1391666667,15.3302777778	37.0391666667,15.5044444444	37.0005555556,15.3283333333	36.9586111111,15.1375	36.9216666667,14.9769444444	36.9861111111,14.9733333333	37.0972222222,15.3	37.1391666667,15.3302777778
365	999	1504252980	1504256399	42	38.6588888889,17.2683333333	38.5930555556,17.5183333333	38.3425,18.4463888889	38.3422222222,19.0	38.2675,19.0	38.1,19.0	37.75,19.0	37.4,19.0	36.9666666667,19.0	36.7666666667,19.0	36.5,19.0	36.5,18.3333333333	36.5,17.7730555556	36.5,17.4258333333	36.5,16.8572222222	36.5,16.4513888889	36.5,16.0	36.5,15.6166666667	36.5,15.2822222222	36.5,15.0	36.5,14.8333333333	36.5,14.5669444444	36.5,14.4672222222	36.5,14.4555555556	36.8180555556,14.5138888889	36.8666666667,14.7266666667	36.9216666667,14.9769444444	36.9586111111,15.1375	37.0005555556,15.3283333333	37.0391666667,15.5044444444	37.5988888889,15.8769444444	37.65,15.7	37.9836111111,15.8211111111	38.1783333333,15.895	38.2322222222,15.9141666667	38.2991666667,15.9161111111	38.375,15.8916666667	38.4222222222,15.8672222222	38.575,15.7833333333	38.7044444444,15.8763888889	38.6216666667,16.64	38.6588888889,17.2683333333
365	999	1504252980	1504256399	8	38.0769444444,15.4180555556	38.0538888889,15.4361111111	38.0758333333,15.6455555556	37.9836111111,15.8211111111	37.65,15.7	37.75,15.35	38.0775,15.2291666667	38.0769444444,15.4180555556
365	999	1504252980	1504256399	29	38.1091666667,15.2152777778	38.1816666667,15.1752777778	38.2366666667,15.1583333333	38.2886111111,15.1563888889	38.3361111111,15.1658333333	38.3791666667,15.1808333333	38.4222222222,15.2072222222	38.4666666667,15.2469444444	38.5038888889,15.2938888889	38.5288888889,15.3391666667	38.5483333333,15.3883333333	38.5675,15.4694444444	38.5719444444,15.5561111111	38.5661111111,15.6144444444	38.5586111111,15.6522222222	38.5422222222,15.7030555556	38.52,15.7522222222	38.4755555556,15.8180555556	38.4222222222,15.8672222222	38.375,15.8916666667	38.2991666667,15.9161111111	38.2322222222,15.9141666667	38.1783333333,15.895	37.9836111111,15.8211111111	38.0758333333,15.6455555556	38.0538888889,15.4361111111	38.0769444444,15.4180555556	38.0775,15.2291666667	38.1091666667,15.2152777778
365	999	1504252980	1504256399	10	37.1391666667,15.3302777778	37.2236111111,15.1827777778	37.5002777778,15.385	37.6305555556,15.2388888889	37.5866666667,15.0569444444	37.7819444444,15.2375	37.7622222222,15.3077777778	37.75,15.35	37.65,15.7	37.1391666667,15.3302777778
365	999	1504252980	1504256399	15	37.5866666667,15.0569444444	37.6305555556,15.2388888889	37.5002777778,15.385	37.2236111111,15.1827777778	37.1391666667,15.3302777778	37.0972222222,15.3	36.9861111111,14.9733333333	36.9036111111,14.7266666667	36.8333333333,14.5166666667	36.8627777778,14.3927777778	36.8791666667,14.3247222222	36.9,14.25	37.7508333333,14.3888888889	37.625,14.9016666667	37.5866666667,15.0569444444
365	999	1504252980	1504256399	7	36.9861111111,14.9733333333	36.9216666667,14.9769444444	36.8666666667,14.7266666667	36.8180555556,14.5138888889	36.8333333333,14.5166666667	36.9036111111,14.7266666667	36.9861111111,14.9733333333
195	285	1504252980	1504256399	45	40.2716666667,15.6616666667	40.1333333333,15.7402777778	39.7763888889,15.9441666667	39.615,16.0391666667	39.2333333333,16.25	39.075,16.4191666667	39.0711111111,16.3894444444	39.2030555556,16.23	39.2825,15.815	39.0,15.9458333333	38.7044444444,15.8763888889	38.575,15.7833333333	38.4222222222,15.8672222222	38.4755555556,15.8180555556	38.52,15.7522222222	38.5422222222,15.7030555556	38.5586111111,15.6522222222	38.5661111111,15.6144444444	38.5719444444,15.5561111111	38.5675,15.4694444444	38.5483333333,15.3883333333	38.5288888889,15.3391666667	38.5038888889,15.2938888889	38.4666666667,15.2469444444	38.4222222222,15.2072222222	38.3791666667,15.1808333333	38.3361111111,15.1658333333	38.2886111111,15.1563888889	38.2366666667,15.1583333333	38.1816666667,15.1752777778	38.1091666667,15.2152777778	38.0775,15.2291666667	37.75,15.35	37.7622222222,15.3077777778	37.7819444444,15.2375	37.8583333333,14.9722222222	37.9133333333,14.7688888889	37.9513888889,14.6230555556	38.0063888889,14.4308333333	37.7508333333,14.3888888889	36.9,14.25	36.9302777778,14.2008333333	37.6236111111,13.9419444444	39.4216666667,13.7966666667	40.2716666667,15.6616666667
195	285	1504252980	1504256399	6	37.7508333333,14.3888888889	38.0063888889,14.4308333333	37.9513888889,14.6230555556	37.9133333333,14.7688888889	37.625,14.9016666667	37.7508333333,14.3888888889
195	285	1504252980	1504256399	9	39.2825,15.815	39.2030555556,16.23	39.0711111111,16.3894444444	39.075,16.4191666667	38.6588888889,17.2683333333	38.6216666667,16.64	38.7044444444,15.8763888889	39.0,15.9458333333	39.2825,15.815
195	285	1504252980	1504256399	5	37.5988888889,15.8769444444	37.0391666667,15.5044444444	37.1391666667,15.3302777778	37.65,15.7	37.5988888889,15.8769444444
195	285	1504252980	1504256399	6	37.9133333333,14.7688888889	37.8583333333,14.9722222222	37.7819444444,15.2375	37.5866666667,15.0569444444	37.625,14.9016666667	37.9133333333,14.7688888889
195	285	1504252980	1504256399	8	37.1391666667,15.3302777778	37.0391666667,15.5044444444	37.0005555556,15.3283333333	36.9586111111,15.1375	36.9216666667,14.9769444444	36.9861111111,14.9733333333	37.0972222222,15.3	37.1391666667,15.3302777778
195	285	1504252980	1504256399	42	38.6588888889,17.2683333333	38.5930555556,17.5183333333	38.3425,18.4463888889	38.3422222222,19.0	38.2675,19.0	38.1,19.0	37.75,19.0	37.4,19.0	36.9666666667,19.0	36.7666666667,19.0	36.5,19.0	36.5,18.3333333333	36.5,17.7730555556	36.5,17.4258333333	36.5,16.8572222222	36.5,16.4513888889	36.5,16.0	36.5,15.6166666667	36.5,15.2822222222	36.5,15.0	36.5,14.8333333333	36.5,14.5669444444	36.5,14.4672222222	36.5,14.4555555556	36.8180555556,14.5138888889	36.8666666667,14.7266666667	36.9216666667,14.9769444444	36.9586111111,15.1375	37.0005555556,15.3283333333	37.0391666667,15.5044444444	37.5988888889,15.8769444444	37.65,15.7	37.9836111111,15.8211111111	38.1783333333,15.895	38.2322222222,15.9141666667	38.2991666667,15.9161111111	38.375,15.8916666667	38.4222222222,15.8672222222	38.575,15.7833333333	38.7044444444,15.8763888889	38.6216666667,16.64	38.6588888889,17.2683333333
195	285	1504252980	1504256399	8	38.0769444444,15.4180555556	38.0538888889,15.4361111111	38.0758333333,15.6455555556	37.9836111111,15.8211111111	37.65,15.7	37.75,15.35	38.0775,15.2291666667	38.0769444444,15.4180555556
195	285	1504252980	1504256399	29	38.1091666667,15.2152777778	38.1816666667,15.1752777778	38.2366666667,15.1583333333	38.2886111111,15.1563888889	38.3361111111,15.1658333333	38.3791666667,15.1808333333	38.4222222222,15.2072222222	38.4666666667,15.2469444444	38.5038888889,15.2938888889	38.5288888889,15.3391666667	38.5483333333,15.3883333333	38.5675,15.4694444444	38.5719444444,15.5561111111	38.5661111111,15.6144444444	38.5586111111,15.6522222222	38.5422222222,15.7030555556	38.52,15.7522222222	38.4755555556,15.8180555556	38.4222222222,15.8672222222	38.375,15.8916666667	38.2991666667,15.9161111111	38.2322222222,15.9141666667	38.1783333333,15.895	37.9836111111,15.8211111111	38.0758333333,15.6455555556	38.0538888889,15.4361111111	38.0769444444,15.4180555556	38.0775,15.2291666667	38.1091666667,15.2152777778
195	285	1504252980	1504256399	10	37.1391666667,15.3302777778	37.2236111111,15.1827777778	37.5002777778,15.385	37.6305555556,15.2388888889	37.5866666667,15.0569444444	37.7819444444,15.2375	37.7622222222,15.3077777778	37.75,15.35	37.65,15.7	37.1391666667,15.3302777778
195	285	1504252980	1504256399	15	37.5866666667,15.0569444444	37.6305555556,15.2388888889	37.5002777778,15.385	37.2236111111,15.1827777778	37.1391666667,15.3302777778	37.0972222222,15.3	36.9861111111,14.9733333333	36.9036111111,14.7266666667	36.8333333333,14.5166666667	36.8627777778,14.3927777778	36.8791666667,14.3247222222	36.9,14.25	37.7508333333,14.3888888889	37.625,14.9016666667	37.5866666667,15.0569444444
195	285	1504252980	1504256399	7	36.9861111111,14.9733333333	36.9216666667,14.9769444444	36.8666666667,14.7266666667	36.8180555556,14.5138888889	36.8333333333,14.5166666667	36.9036111111,14.7266666667	36.9861111111,14.9733333333
305	335	1504252980	1504256399	45	40.2716666667,15.6616666667	40.1333333333,15.7402777778	39.7763888889,15.9441666667	39.615,16.0391666667	39.2333333333,16.25	39.075,16.4191666667	39.0711111111,16.3894444444	39.2030555556,16.23	39.2825,15.815	39.0,15.9458333333	38.7044444444,15.8763888889	38.575,15.7833333333	38.4222222222,15.8672222222	38.4755555556,15.8180555556	38.52,15.7522222222	38.5422222222,15.7030555556	38.5586111111,15.6522222222	38.5661111111,15.6144444444	38.5719444444,15.5561111111	38.5675,15.4694444444	38.5483333333,15.3883333333	38.5288888889,15.3391666667	38.5038888889,15.2938888889	38.4666666667,15.2469444444	38.4222222222,15.2072222222	38.3791666667,15.1808333333	38.3361111111,15.1658333333	38.2886111111,15.1563888889	38.2366666667,15.1583333333	38.1816666667,15.1752777778	38.1091666667,15.2152777778	38.0775,15.2291666667	37.75,15.35	37.7622222222,15.3077777778	37.7819444444,15.2375	37.8583333333,14.9722222222	37.9133333333,14.7688888889	37.9513888889,14.6230555556	38.0063888889,14.4308333333	37.7508333333,14.3888888889	36.9,14.25	36.9302777778,14.2008333333	37.6236111111,13.9419444444	39.4216666667,13.7966666667	40.2716666667,15.6616666667
305	335	1504252980	1504256399	6	37.7508333333,14.3888888889	38.0063888889,14.4308333333	37.9513888889,14.6230555556	37.9133333333,14.7688888889	37.625,14.9016666667	37.7508333333,14.3888888889
305	335	1504252980	1504256399	9	39.2825,15.815	39.2030555556,16.23	39.0711111111,16.3894444444	39.075,16.4191666667	38.6588888889,17.2683333333	38.6216666667,16.64	38.7044444444,15.8763888889	39.0,15.9458333333	39.2825,15.815
305	335	1504252980	1504256399	15	37.5866666667,15.0569444444	37.6305555556,15.2388888889	37.5002777778,15.385	37.2236111111,15.1827777778	37.1391666667,15.3302777778	37.0972222222,15.3	36.9861111111,14.9733333333	36.9036111111,14.7266666667	36.8333333333,14.5166666667	36.8627777778,14.3927777778	36.8791666667,14.3247222222	36.9,14.25	37.7508333333,14.3888888889	37.625,14.9016666667	37.5866666667,15.0569444444
305	335	1504252980	1504256399	7	36.9861111111,14.9733333333	36.9216666667,14.9769444444	36.8666666667,14.7266666667	36.8180555556,14.5138888889	36.8333333333,14.5166666667	36.9036111111,14.7266666667	36.9861111111,14.9733333333
305	335	1504252980	1504256399	8	37.1391666667,15.3302777778	37.0391666667,15.5044444444	37.0005555556,15.3283333333	36.9586111111,15.1375	36.9216666667,14.9769444444	36.9861111111,14.9733333333	37.0972222222,15.3	37.1391666667,15.3302777778
305	335	1504252980	1504256399	42	38.6588888889,17.2683333333	38.5930555556,17.5183333333	38.3425,18.4463888889	38.3422222222,19.0	38.2675,19.0	38.1,19.0	37.75,19.0	37.4,19.0	36.9666666667,19.0	36.7666666667,19.0	36.5,19.0	36.5,18.3333333333	36.5,17.7730555556	36.5,17.4258333333	36.5,16.8572222222	36.5,16.4513888889	36.5,16.0	36.5,15.6166666667	36.5,15.2822222222	36.5,15.0	36.5,14.8333333333	36.5,14.5669444444	36.5,14.4672222222	36.5,14.4555555556	36.8180555556,14.5138888889	36.8666666667,14.7266666667	36.9216666667,14.9769444444	36.9586111111,15.1375	37.0005555556,15.3283333333	37.0391666667,15.5044444444	37.5988888889,15.8769444444	37.65,15.7	37.9836111111,15.8211111111	38.1783333333,15.895	38.2322222222,15.9141666667	38.2991666667,15.9161111111	38.375,15.8916666667	38.4222222222,15.8672222222	38.575,15.7833333333	38.7044444444,15.8763888889	38.6216666667,16.64	38.6588888889,17.2683333333
305	335	1504252980	1504256399	8	38.0769444444,15.4180555556	38.0538888889,15.4361111111	38.0758333333,15.6455555556	37.9836111111,15.8211111111	37.65,15.7	37.75,15.35	38.0775,15.2291666667	38.0769444444,15.4180555556
305	335	1504252980	1504256399	6	37.9133333333,14.7688888889	37.8583333333,14.9722222222	37.7819444444,15.2375	37.5866666667,15.0569444444	37.625,14.9016666667	37.9133333333,14.7688888889
305	335	1504252980	1504256399	10	37.1391666667,15.3302777778	37.2236111111,15.1827777778	37.5002777778,15.385	37.6305555556,15.2388888889	37.5866666667,15.0569444444	37.7819444444,15.2375	37.7622222222,15.3077777778	37.75,15.35	37.65,15.7	37.1391666667,15.3302777778
305	335	1504252980	1504256399	5	37.5988888889,15.8769444444	37.0391666667,15.5044444444	37.1391666667,15.3302777778	37.65,15.7	37.5988888889,15.8769444444
305	335	1504252980	1504256399	29	38.1091666667,15.2152777778	38.1816666667,15.1752777778	38.2366666667,15.1583333333	38.2886111111,15.1563888889	38.3361111111,15.1658333333	38.3791666667,15.1808333333	38.4222222222,15.2072222222	38.4666666667,15.2469444444	38.5038888889,15.2938888889	38.5288888889,15.3391666667	38.5483333333,15.3883333333	38.5675,15.4694444444	38.5719444444,15.5561111111	38.5661111111,15.6144444444	38.5586111111,15.6522222222	38.5422222222,15.7030555556	38.52,15.7522222222	38.4755555556,15.8180555556	38.4222222222,15.8672222222	38.375,15.8916666667	38.2991666667,15.9161111111	38.2322222222,15.9141666667	38.1783333333,15.895	37.9836111111,15.8211111111	38.0758333333,15.6455555556	38.0538888889,15.4361111111	38.0769444444,15.4180555556	38.0775,15.2291666667	38.1091666667,15.2152777778
