33
285	305	1504252800	1504254479	7	41.3333333333,9.3166666667	41.3333333333,9.5	41.3333333333,9.6166666667	41.2763888889,9.9202777778	41.1166666667,9.3166666667	41.2763888889,9.3166666667	41.3333333333,9.3166666667
285	305	1504252800	1504254479	30	41.3333333333,9.3166666667	41.2763888889,9.3166666667	41.2763888889,9.08	41.2108333333,8.9936111111	41.0605555556,8.8791666667	40.8894444444,8.84	40.7183333333,8.8805555556	40.5680555556,8.9958333333	40.4563888889,9.1716666667	40.4147222222,9.335	40.3566666667,8.8938888889	40.3333333333,8.6333333333	40.5,8.5833333333	40.6833333333,8.7833333333	40.8833333333,8.7166666667	41.0166666667,8.5	41.0166666667,8.2666666667	40.9166666667,8.0	41.0,8.0	41.1619444444,8.1613888889	41.2833333333,8.2833333333	41.3333333333,8.3333333333	41.3333333333,8.4438888889	41.3333333333,8.57	41.3333333333,8.6908333333	41.3333333333,8.8122222222	41.3333333333,9.0369444444	41.3333333333,9.1063888889	41.3333333333,9.2683333333	41.3333333333,9.3166666667
285	305	1504252800	1504254479	15	41.0166666667,8.5	40.8833333333,8.7166666667	40.6833333333,8.7833333333	40.5,8.5833333333	40.3333333333,8.6333333333	40.2777777778,8.5419444444	40.2166666667,8.4166666667	40.35,8.0	40.4247222222,8.0	40.6080555556,8.0	40.745,8.0	40.8622222222,8.0	40.9166666667,8.0	41.0166666667,8.2666666667	41.0166666667,8.5
285	305	1504252800	1504254479	25	40.2777777778,8.5419444444	40.3333333333,8.6333333333	40.3566666667,8.8938888889	40.4147222222,9.335	40.0,9.4166666667	39.8286111111,9.6127777778	39.6083333333,9.15	39.6752777778,9.05	39.8772222222,8.7130555556	39.6805555556,8.5333333333	39.4127777778,8.4872222222	39.1833333333,8.5555555556	39.1219444444,8.5736111111	38.8333333333,8.8333333333	38.6444444444,8.8652777778	38.6575,8.8366666667	38.6841666667,8.7719444444	38.795,8.4994444444	39.0,8.0	39.15,8.0	39.2094444444,8.0	39.6986111111,8.0	40.0,8.0	40.2166666667,8.4166666667	40.2777777778,8.5419444444
285	305	1504252800	1504254479	9	41.7333333333,9.75	41.7333333333,10.5694444444	41.3411111111,10.7705555556	41.3375,10.1552777778	41.2763888889,9.9202777778	41.3333333333,9.6166666667	41.3333333333,9.75	41.6666666667,9.75	41.7333333333,9.75
285	305	1504252800	1504254479	22	41.2763888889,9.08	41.2763888889,9.3166666667	41.1166666667,9.3166666667	41.2763888889,9.9202777778	41.3375,10.1552777778	41.2541666667,10.1980555556	41.1730555556,10.2397222222	40.8919444444,10.3830555556	40.6497222222,10.3191666667	40.6325,10.065	40.5680555556,10.0069444444	40.4563888889,9.8311111111	40.3969444444,9.6158333333	40.3969444444,9.3869444444	40.4147222222,9.335	40.4563888889,9.1716666667	40.5680555556,8.9958333333	40.7183333333,8.8805555556	40.8894444444,8.84	41.0605555556,8.8791666667	41.2108333333,8.9936111111	41.2763888889,9.08
285	305	1504252800	1504254479	4	40.35,8.0	40.2166666667,8.4166666667	40.0,8.0	40.35,8.0
285	305	1504252800	1504254479	18	41.3411111111,10.7705555556	40.595,11.1511111111	40.0008333333,10.5519444444	39.8838888889,9.8944444444	39.8286111111,9.6127777778	40.0,9.4166666667	40.4147222222,9.335	40.3969444444,9.3869444444	40.3969444444,9.6158333333	40.4563888889,9.8311111111	40.5680555556,10.0069444444	40.6325,10.065	40.6497222222,10.3191666667	40.8919444444,10.3830555556	41.1730555556,10.2397222222	41.2541666667,10.1980555556	41.3375,10.1552777778	41.3411111111,10.7705555556
285	305	1504252800	1504254479	7	38.5275,8.8836111111	38.6575,8.8366666667	38.6444444444,8.8652777778	38.6330555556,8.8922222222	38.6030555556,8.965	38.5833333333,9.0166666667	38.5275,8.8836111111
285	305	1504252800	1504254479	13	39.8772222222,8.7130555556	39.6752777778,9.05	39.6083333333,9.15	39.25,9.6	39.1,9.7833333333	38.8866666667,9.5947222222	38.8119444444,9.2383333333	38.8333333333,8.8333333333	39.1219444444,8.5736111111	39.1833333333,8.5555555556	39.4127777778,8.4872222222	39.6805555556,8.5333333333	39.8772222222,8.7130555556
285	305	1504252800	1504254479	24	39.8286111111,9.6127777778	39.8838888889,9.8944444444	40.0008333333,10.5519444444	40.595,11.1511111111	40.3691666667,11.2652777778	37.6833333333,11.1	37.7427777778,10.9591666667	37.7694444444,10.9086111111	37.8194444444,10.7866666667	37.8891666667,10.6286111111	38.0388888889,10.2863888889	38.2547222222,9.7872222222	38.3952777778,9.4563888889	38.5833333333,9.0166666667	38.6030555556,8.965	38.6330555556,8.8922222222	38.6444444444,8.8652777778	38.8333333333,8.8333333333	38.8119444444,9.2383333333	38.8866666667,9.5947222222	39.1,9.7833333333	39.25,9.6	39.6083333333,9.15	39.8286111111,9.6127777778
195	285	1504252800	1504254479	7	41.3333333333,9.3166666667	41.3333333333,9.5	41.3333333333,9.6166666667	41.2763888889,9.9202777778	41.1166666667,9.3166666667	41.2763888889,9.3166666667	41.3333333333,9.3166666667
195	285	1504252800	1504254479	30	41.3333333333,9.3166666667	41.2763888889,9.3166666667	41.2763888889,9.08	41.2108333333,8.9936111111	41.0605555556,8.8791666667	40.8894444444,8.84	40.7183333333,8.8805555556	40.5680555556,8.9958333333	40.4563888889,9.1716666667	40.4147222222,9.335	40.3566666667,8.8938888889	40.3333333333,8.6333333333	40.5,8.5833333333	40.6833333333,8.7833333333	40.8833333333,8.7166666667	41.0166666667,8.5	41.0166666667,8.2666666667	40.9166666667,8.0	41.0,8.0	41.1619444444,8.1613888889	41.2833333333,8.2833333333	41.3333333333,8.3333333333	41.3333333333,8.4438888889	41.3333333333,8.57	41.3333333333,8.6908333333	41.3333333333,8.8122222222	41.3333333333,9.0369444444	41.3333333333,9.1063888889	41.3333333333,9.2683333333	41.3333333333,9.3166666667
195	285	1504252800	1504254479	15	41.0166666667,8.5	40.8833333333,8.7166666667	40.6833333333,8.7833333333	40.5,8.5833333333	40.3333333333,8.6333333333	40.2777777778,8.5419444444	40.2166666667,8.4166666667	40.35,8.0	40.4247222222,8.0	40.6080555556,8.0	40.745,8.0	40.8622222222,8.0	40.9166666667,8.0	41.0166666667,8.2666666667	41.0166666667,8.5
195	285	1504252800	1504254479	25	40.2777777778,8.5419444444	40.3333333333,8.6333333333	40.3566666667,8.8938888889	40.4147222222,9.335	40.0,9.4166666667	39.8286111111,9.6127777778	39.6083333333,9.15	39.6752777778,9.05	39.8772222222,8.7130555556	39.6805555556,8.5333333333	39.4127777778,8.4872222222	39.1833333333,8.5555555556	39.1219444444,8.5736111111	38.8333333333,8.8333333333	38.6444444444,8.8652777778	38.6575,8.8366666667	38.6841666667,8.7719444444	38.795,8.4994444444	39.0,8.0	39.15,8.0	39.2094444444,8.0	39.6986111111,8.0	40.0,8.0	40.2166666667,8.4166666667	40.2777777778,8.5419444444
195	285	1504252800	1504254479	9	41.7333333333,9.75	41.7333333333,10.5694444444	41.3411111111,10.7705555556	41.3375,10.1552777778	41.2763888889,9.9202777778	41.3333333333,9.6166666667	41.3333333333,9.75	41.6666666667,9.75	41.7333333333,9.75
195	285	1504252800	1504254479	22	41.2763888889,9.08	41.2763888889,9.3166666667	41.1166666667,9.3166666667	41.2763888889,9.9202777778	41.3375,10.1552777778	41.2541666667,10.1980555556	41.1730555556,10.2397222222	40.8919444444,10.3830555556	40.6497222222,10.3191666667	40.6325,10.065	40.5680555556,10.0069444444	40.4563888889,9.8311111111	40.3969444444,9.6158333333	40.3969444444,9.3869444444	40.4147222222,9.335	40.4563888889,9.1716666667	40.5680555556,8.9958333333	40.7183333333,8.8805555556	40.8894444444,8.84	41.0605555556,8.8791666667	41.2108333333,8.9936111111	41.2763888889,9.08
195	285	1504252800	1504254479	4	40.35,8.0	40.2166666667,8.4166666667	40.0,8.0	40.35,8.0
195	285	1504252800	1504254479	18	41.3411111111,10.7705555556	40.595,11.1511111111	40.0008333333,10.5519444444	39.8838888889,9.8944444444	39.8286111111,9.6127777778	40.0,9.4166666667	40.4147222222,9.335	40.3969444444,9.3869444444	40.3969444444,9.6158333333	40.4563888889,9.8311111111	40.5680555556,10.0069444444	40.6325,10.065	40.6497222222,10.3191666667	40.8919444444,10.3830555556	41.1730555556,10.2397222222	41.2541666667,10.1980555556	41.3375,10.1552777778	41.3411111111,10.7705555556
195	285	1504252800	1504254479	7	38.5275,8.8836111111	38.6575,8.8366666667	38.6444444444,8.8652777778	38.6330555556,8.8922222222	38.6030555556,8.965	38.5833333333,9.0166666667	38.5275,8.8836111111
195	285	1504252800	1504254479	13	39.8772222222,8.7130555556	39.6752777778,9.05	39.6083333333,9.15	39.25,9.6	39.1,9.7833333333	38.8866666667,9.5947222222	38.8119444444,9.2383333333	38.8333333333,8.8333333333	39.1219444444,8.5736111111	39.1833333333,8.5555555556	39.4127777778,8.4872222222	39.6805555556,8.5333333333	39.8772222222,8.7130555556
195	285	1504252800	1504254479	24	39.8286111111,9.6127777778	39.8838888889,9.8944444444	40.0008333333,10.5519444444	40.595,11.1511111111	40.3691666667,11.2652777778	37.6833333333,11.1	37.7427777778,10.9591666667	37.7694444444,10.9086111111	37.8194444444,10.7866666667	37.8891666667,10.6286111111	38.0388888889,10.2863888889	38.2547222222,9.7872222222	38.3952777778,9.4563888889	38.5833333333,9.0166666667	38.6030555556,8.965	38.6330555556,8.8922222222	38.6444444444,8.8652777778	38.8333333333,8.8333333333	38.8119444444,9.2383333333	38.8866666667,9.5947222222	39.1,9.7833333333	39.25,9.6	39.6083333333,9.15	39.8286111111,9.6127777778
305	335	1504252800	1504254479	7	41.3333333333,9.3166666667	41.3333333333,9.5	41.3333333333,9.6166666667	41.2763888889,9.9202777778	41.1166666667,9.3166666667	41.2763888889,9.3166666667	41.3333333333,9.3166666667
305	335	1504252800	1504254479	30	41.3333333333,9.3166666667	41.2763888889,9.3166666667	41.2763888889,9.08	41.2108333333,8.9936111111	41.0605555556,8.8791666667	40.8894444444,8.84	40.7183333333,8.8805555556	40.5680555556,8.9958333333	40.4563888889,9.1716666667	40.4147222222,9.335	40.3566666667,8.8938888889	40.3333333333,8.6333333333	40.5,8.5833333333	40.6833333333,8.7833333333	40.8833333333,8.7166666667	41.0166666667,8.5	41.0166666667,8.2666666667	40.9166666667,8.0	41.0,8.0	41.1619444444,8.1613888889	41.2833333333,8.2833333333	41.3333333333,8.3333333333	41.3333333333,8.4438888889	41.3333333333,8.57	41.3333333333,8.6908333333	41.3333333333,8.8122222222	41.3333333333,9.0369444444	41.3333333333,9.1063888889	41.3333333333,9.2683333333	41.3333333333,9.3166666667
305	335	1504252800	1504254479	15	41.0166666667,8.5	40.8833333333,8.7166666667	40.6833333333,8.7833333333	40.5,8.5833333333	40.3333333333,8.6333333333	40.2777777778,8.5419444444	40.2166666667,8.4166666667	40.35,8.0	40.4247222222,8.0	40.6080555556,8.0	40.745,8.0	40.8622222222,8.0	40.9166666667,8.0	41.0166666667,8.2666666667	41.0166666667,8.5
305	335	1504252800	1504254479	25	40.2777777778,8.5419444444	40.3333333333,8.6333333333	40.3566666667,8.8938888889	40.4147222222,9.335	40.0,9.4166666667	39.8286111111,9.6127777778	39.6083333333,9.15	39.6752777778,9.05	39.8772222222,8.7130555556	39.6805555556,8.5333333333	39.4127777778,8.4872222222	39.1833333333,8.5555555556	39.1219444444,8.5736111111	38.8333333333,8.8333333333	38.6444444444,8.8652777778	38.6575,8.8366666667	38.6841666667,8.7719444444	38.795,8.4994444444	39.0,8.0	39.15,8.0	39.2094444444,8.0	39.6986111111,8.0	40.0,8.0	40.2166666667,8.4166666667	40.2777777778,8.5419444444
305	335	1504252800	1504254479	9	41.7333333333,9.75	41.7333333333,10.5694444444	41.3411111111,10.7705555556	41.3375,10.1552777778	41.2763888889,9.9202777778	41.3333333333,9.6166666667	41.3333333333,9.75	41.6666666667,9.75	41.7333333333,9.75
305	335	1504252800	1504254479	22	41.2763888889,9.08	41.2763888889,9.3166666667	41.1166666667,9.3166666667	41.2763888889,9.9202777778	41.3375,10.1552777778	41.2541666667,10.1980555556	41.1730555556,10.2397222222	40.8919444444,10.3830555556	40.6497222222,10.3191666667	40.6325,10.065	40.5680555556,10.0069444444	40.4563888889,9.8311111111	40.3969444444,9.6158333333	40.3969444444,9.3869444444	40.4147222222,9.335	40.4563888889,9.1716666667	40.5680555556,8.9958333333	40.7183333333,8.8805555556	40.8894444444,8.84	41.0605555556,8.8791666667	41.2108333333,8.9936111111	41.2763888889,9.08
305	335	1504252800	1504254479	4	40.35,8.0	40.2166666667,8.4166666667	40.0,8.0	40.35,8.0
305	335	1504252800	1504254479	18	41.3411111111,10.7705555556	40.595,11.1511111111	40.0008333333,10.5519444444	39.8838888889,9.8944444444	39.8286111111,9.6127777778	40.0,9.4166666667	40.4147222222,9.335	40.3969444444,9.3869444444	40.3969444444,9.6158333333	40.4563888889,9.8311111111	40.5680555556,10.0069444444	40.6325,10.065	40.6497222222,10.3191666667	40.8919444444,10.3830555556	41.1730555556,10.2397222222	41.2541666667,10.1980555556	41.3375,10.1552777778	41.3411111111,10.7705555556
305	335	1504252800	1504254479	7	38.5275,8.8836111111	38.6575,8.8366666667	38.6444444444,8.8652777778	38.6330555556,8.8922222222	38.6030555556,8.965	38.5833333333,9.0166666667	38.5275,8.8836111111
305	335	1504252800	1504254479	13	39.8772222222,8.7130555556	39.6752777778,9.05	39.6083333333,9.15	39.25,9.6	39.1,9.7833333333	38.8866666667,9.5947222222	38.8119444444,9.2383333333	38.8333333333,8.8333333333	39.1219444444,8.5736111111	39.1833333333,8.5555555556	39.4127777778,8.4872222222	39.6805555556,8.5333333333	39.8772222222,8.7130555556
305	335	1504252800	1504254479	24	39.8286111111,9.6127777778	39.8838888889,9.8944444444	40.0008333333,10.5519444444	40.595,11.1511111111	40.3691666667,11.2652777778	37.6833333333,11.1	37.7427777778,10.9591666667	37.7694444444,10.9086111111	37.8194444444,10.7866666667	37.8891666667,10.6286111111	38.0388888889,10.2863888889	38.2547222222,9.7872222222	38.3952777778,9.4563888889	38.5833333333,9.0166666667	38.6030555556,8.965	38.6330555556,8.8922222222	38.6444444444,8.8652777778	38.8333333333,8.8333333333	38.8119444444,9.2383333333	38.8866666667,9.5947222222	39.1,9.7833333333	39.25,9.6	39.6083333333,9.15	39.8286111111,9.6127777778
