135
285	305	1504238400	1504239599	10	43.6766666667,10.3916666667	43.7633333333,10.5405555556	43.8386111111,10.6725	43.8544444444,10.6997222222	43.7844444444,10.7369444444	43.7469444444,10.7216666667	43.6397222222,10.6744444444	43.4177777778,10.5783333333	43.3838888889,10.5644444444	43.6766666667,10.3916666667
285	305	1504238400	1504239599	15	41.0166666667,8.5	40.8833333333,8.7166666667	40.6833333333,8.7833333333	40.5,8.5833333333	40.3333333333,8.6333333333	40.2777777778,8.5419444444	40.2166666667,8.4166666667	40.35,8.0	40.4247222222,8.0	40.6080555556,8.0	40.745,8.0	40.8622222222,8.0	40.9166666667,8.0	41.0166666667,8.2666666667	41.0166666667,8.5
285	305	1504238400	1504239599	9	41.7333333333,9.75	41.7333333333,10.5694444444	41.3411111111,10.7705555556	41.3375,10.1552777778	41.2763888889,9.9202777778	41.3333333333,9.6166666667	41.3333333333,9.75	41.6666666667,9.75	41.7333333333,9.75
285	305	1504238400	1504239599	8	42.8522222222,10.6925	42.8833333333,10.7069444444	43.0236111111,10.7713888889	42.88,10.8572222222	42.5308333333,11.0561111111	42.6277777778,10.9130555556	42.74,10.7594444444	42.8522222222,10.6925
285	305	1504238400	1504239599	4	42.8522222222,10.6925	42.74,10.7594444444	42.8047222222,10.6708333333	42.8522222222,10.6925
285	305	1504238400	1504239599	10	43.9333333333,10.6213888889	43.9258333333,10.6627777778	43.8544444444,10.6997222222	43.8386111111,10.6725	43.7633333333,10.5405555556	43.6766666667,10.3916666667	43.7,10.1583333333	43.7394444444,10.1919444444	43.8352777778,10.2833333333	43.9333333333,10.6213888889
285	305	1504238400	1504239599	8	42.88,10.8572222222	42.8691666667,11.1755555556	42.8277777778,11.2027777778	42.8155555556,11.2291666667	42.5936111111,11.3461111111	42.5394444444,11.1033333333	42.5308333333,11.0561111111	42.88,10.8572222222
285	305	1504238400	1504239599	13	39.8772222222,8.7130555556	39.6752777778,9.05	39.6083333333,9.15	39.25,9.6	39.1,9.7833333333	38.8866666667,9.5947222222	38.8119444444,9.2383333333	38.8333333333,8.8333333333	39.1219444444,8.5736111111	39.1833333333,8.5555555556	39.4127777778,8.4872222222	39.6805555556,8.5333333333	39.8772222222,8.7130555556
285	305	1504238400	1504239599	7	43.7469444444,10.7216666667	43.7844444444,10.7369444444	43.6641666667,10.7988888889	43.3436111111,10.9641666667	43.4177777778,10.5783333333	43.6397222222,10.6744444444	43.7469444444,10.7216666667
285	305	1504238400	1504239599	7	41.3333333333,9.3166666667	41.3333333333,9.5	41.3333333333,9.6166666667	41.2763888889,9.9202777778	41.1166666667,9.3166666667	41.2763888889,9.3166666667	41.3333333333,9.3166666667
285	305	1504238400	1504239599	5	43.3377777778,10.5913888889	43.2544444444,10.9219444444	43.2111111111,10.8608333333	43.0236111111,10.7713888889	43.3377777778,10.5913888889
285	305	1504238400	1504239599	7	44.0736111111,10.5438888889	44.0983333333,10.5733333333	43.9569444444,10.6469444444	43.9594444444,10.6075	43.9713888889,10.4241666667	43.9833333333,10.4377777778	44.0736111111,10.5438888889
285	305	1504238400	1504239599	10	43.195,10.4752777778	43.13,10.35	43.0375,10.3527777778	43.4041666667,10.0625	43.5883333333,9.9366666667	43.6205555556,10.0788888889	43.7,10.1583333333	43.6766666667,10.3916666667	43.3838888889,10.5644444444	43.195,10.4752777778
285	305	1504238400	1504239599	9	43.5883333333,9.9366666667	43.4041666667,10.0625	43.1666666667,9.75	43.475,9.385	43.5047222222,9.53	43.5241666667,9.6258333333	43.5294444444,9.6625	43.5530555556,9.7683333333	43.5883333333,9.9366666667
285	305	1504238400	1504239599	6	43.3436111111,10.9641666667	43.2544444444,10.9219444444	43.3377777778,10.5913888889	43.3838888889,10.5644444444	43.4177777778,10.5783333333	43.3436111111,10.9641666667
285	305	1504238400	1504239599	30	41.3333333333,9.3166666667	41.2763888889,9.3166666667	41.2763888889,9.08	41.2108333333,8.9936111111	41.0605555556,8.8791666667	40.8894444444,8.84	40.7183333333,8.8805555556	40.5680555556,8.9958333333	40.4563888889,9.1716666667	40.4147222222,9.335	40.3566666667,8.8938888889	40.3333333333,8.6333333333	40.5,8.5833333333	40.6833333333,8.7833333333	40.8833333333,8.7166666667	41.0166666667,8.5	41.0166666667,8.2666666667	40.9166666667,8.0	41.0,8.0	41.1619444444,8.1613888889	41.2833333333,8.2833333333	41.3333333333,8.3333333333	41.3333333333,8.4438888889	41.3333333333,8.57	41.3333333333,8.6908333333	41.3333333333,8.8122222222	41.3333333333,9.0369444444	41.3333333333,9.1063888889	41.3333333333,9.2683333333	41.3333333333,9.3166666667
285	305	1504238400	1504239599	22	41.2763888889,9.08	41.2763888889,9.3166666667	41.1166666667,9.3166666667	41.2763888889,9.9202777778	41.3375,10.1552777778	41.2541666667,10.1980555556	41.1730555556,10.2397222222	40.8919444444,10.3830555556	40.6497222222,10.3191666667	40.6325,10.065	40.5680555556,10.0069444444	40.4563888889,9.8311111111	40.3969444444,9.6158333333	40.3969444444,9.3869444444	40.4147222222,9.335	40.4563888889,9.1716666667	40.5680555556,8.9958333333	40.7183333333,8.8805555556	40.8894444444,8.84	41.0605555556,8.8791666667	41.2108333333,8.9936111111	41.2763888889,9.08
285	305	1504238400	1504239599	9	42.8277777778,11.2027777778	42.8691666667,11.1755555556	42.88,10.8572222222	43.0236111111,10.7713888889	43.2111111111,10.8608333333	43.2544444444,10.9219444444	43.3436111111,10.9641666667	42.8155555556,11.2291666667	42.8277777778,11.2027777778
285	305	1504238400	1504239599	6	42.5166666667,11.3872222222	42.2472222222,11.5322222222	42.175,11.4458333333	42.4525,11.1019444444	42.4619444444,11.1358333333	42.5166666667,11.3872222222
285	305	1504238400	1504239599	29	42.4525,11.1019444444	42.175,11.4458333333	41.8736111111,10.845	41.7333333333,10.5694444444	41.7333333333,9.75	41.75,9.75	41.7905555556,9.75	41.9333333333,9.75	42.3258333333,9.75	42.4116666667,9.75	42.5008333333,9.75	42.6213888889,9.75	42.8227777778,9.75	42.9538888889,9.75	43.1666666667,9.75	43.4041666667,10.0625	43.0375,10.3527777778	43.13,10.35	43.195,10.4752777778	43.3838888889,10.5644444444	43.3377777778,10.5913888889	43.0236111111,10.7713888889	42.8833333333,10.7069444444	42.8522222222,10.6925	42.8047222222,10.6708333333	42.74,10.7594444444	42.6277777778,10.9130555556	42.5308333333,11.0561111111	42.4525,11.1019444444
285	305	1504238400	1504239599	7	38.5275,8.8836111111	38.6575,8.8366666667	38.6444444444,8.8652777778	38.6330555556,8.8922222222	38.6030555556,8.965	38.5833333333,9.0166666667	38.5275,8.8836111111
285	305	1504238400	1504239599	4	40.35,8.0	40.2166666667,8.4166666667	40.0,8.0	40.35,8.0
285	305	1504238400	1504239599	18	41.3411111111,10.7705555556	40.595,11.1511111111	40.0008333333,10.5519444444	39.8838888889,9.8944444444	39.8286111111,9.6127777778	40.0,9.4166666667	40.4147222222,9.335	40.3969444444,9.3869444444	40.3969444444,9.6158333333	40.4563888889,9.8311111111	40.5680555556,10.0069444444	40.6325,10.065	40.6497222222,10.3191666667	40.8919444444,10.3830555556	41.1730555556,10.2397222222	41.2541666667,10.1980555556	41.3375,10.1552777778	41.3411111111,10.7705555556
285	305	1504238400	1504239599	25	40.2777777778,8.5419444444	40.3333333333,8.6333333333	40.3566666667,8.8938888889	40.4147222222,9.335	40.0,9.4166666667	39.8286111111,9.6127777778	39.6083333333,9.15	39.6752777778,9.05	39.8772222222,8.7130555556	39.6805555556,8.5333333333	39.4127777778,8.4872222222	39.1833333333,8.5555555556	39.1219444444,8.5736111111	38.8333333333,8.8333333333	38.6444444444,8.8652777778	38.6575,8.8366666667	38.6841666667,8.7719444444	38.795,8.4994444444	39.0,8.0	39.15,8.0	39.2094444444,8.0	39.6986111111,8.0	40.0,8.0	40.2166666667,8.4166666667	40.2777777778,8.5419444444
285	305	1504238400	1504239599	7	42.5308333333,11.0561111111	42.5394444444,11.1033333333	42.5936111111,11.3461111111	42.5166666667,11.3872222222	42.4619444444,11.1358333333	42.4525,11.1019444444	42.5308333333,11.0561111111
285	305	1504238400	1504239599	9	43.9713888889,10.4241666667	43.9594444444,10.6075	43.9569444444,10.6469444444	43.9258333333,10.6627777778	43.9333333333,10.6213888889	43.8352777778,10.2833333333	43.8872222222,10.3333333333	43.9258333333,10.3702777778	43.9713888889,10.4241666667
285	305	1504238400	1504239599	24	39.8286111111,9.6127777778	39.8838888889,9.8944444444	40.0008333333,10.5519444444	40.595,11.1511111111	40.3691666667,11.2652777778	37.6833333333,11.1	37.7427777778,10.9591666667	37.7694444444,10.9086111111	37.8194444444,10.7866666667	37.8891666667,10.6286111111	38.0388888889,10.2863888889	38.2547222222,9.7872222222	38.3952777778,9.4563888889	38.5833333333,9.0166666667	38.6030555556,8.965	38.6330555556,8.8922222222	38.6444444444,8.8652777778	38.8333333333,8.8333333333	38.8119444444,9.2383333333	38.8866666667,9.5947222222	39.1,9.7833333333	39.25,9.6	39.6083333333,9.15	39.8286111111,9.6127777778
335	365	1504238400	1504239599	10	43.6766666667,10.3916666667	43.7633333333,10.5405555556	43.8386111111,10.6725	43.8544444444,10.6997222222	43.7844444444,10.7369444444	43.7469444444,10.7216666667	43.6397222222,10.6744444444	43.4177777778,10.5783333333	43.3838888889,10.5644444444	43.6766666667,10.3916666667
335	365	1504238400	1504239599	15	41.0166666667,8.5	40.8833333333,8.7166666667	40.6833333333,8.7833333333	40.5,8.5833333333	40.3333333333,8.6333333333	40.2777777778,8.5419444444	40.2166666667,8.4166666667	40.35,8.0	40.4247222222,8.0	40.6080555556,8.0	40.745,8.0	40.8622222222,8.0	40.9166666667,8.0	41.0166666667,8.2666666667	41.0166666667,8.5
335	365	1504238400	1504239599	9	41.7333333333,9.75	41.7333333333,10.5694444444	41.3411111111,10.7705555556	41.3375,10.1552777778	41.2763888889,9.9202777778	41.3333333333,9.6166666667	41.3333333333,9.75	41.6666666667,9.75	41.7333333333,9.75
335	365	1504238400	1504239599	8	42.8522222222,10.6925	42.8833333333,10.7069444444	43.0236111111,10.7713888889	42.88,10.8572222222	42.5308333333,11.0561111111	42.6277777778,10.9130555556	42.74,10.7594444444	42.8522222222,10.6925
335	365	1504238400	1504239599	4	42.8522222222,10.6925	42.74,10.7594444444	42.8047222222,10.6708333333	42.8522222222,10.6925
335	365	1504238400	1504239599	10	43.9333333333,10.6213888889	43.9258333333,10.6627777778	43.8544444444,10.6997222222	43.8386111111,10.6725	43.7633333333,10.5405555556	43.6766666667,10.3916666667	43.7,10.1583333333	43.7394444444,10.1919444444	43.8352777778,10.2833333333	43.9333333333,10.6213888889
335	365	1504238400	1504239599	8	42.88,10.8572222222	42.8691666667,11.1755555556	42.8277777778,11.2027777778	42.8155555556,11.2291666667	42.5936111111,11.3461111111	42.5394444444,11.1033333333	42.5308333333,11.0561111111	42.88,10.8572222222
335	365	1504238400	1504239599	13	39.8772222222,8.7130555556	39.6752777778,9.05	39.6083333333,9.15	39.25,9.6	39.1,9.7833333333	38.8866666667,9.5947222222	38.8119444444,9.2383333333	38.8333333333,8.8333333333	39.1219444444,8.5736111111	39.1833333333,8.5555555556	39.4127777778,8.4872222222	39.6805555556,8.5333333333	39.8772222222,8.7130555556
335	365	1504238400	1504239599	30	41.3333333333,9.3166666667	41.2763888889,9.3166666667	41.2763888889,9.08	41.2108333333,8.9936111111	41.0605555556,8.8791666667	40.8894444444,8.84	40.7183333333,8.8805555556	40.5680555556,8.9958333333	40.4563888889,9.1716666667	40.4147222222,9.335	40.3566666667,8.8938888889	40.3333333333,8.6333333333	40.5,8.5833333333	40.6833333333,8.7833333333	40.8833333333,8.7166666667	41.0166666667,8.5	41.0166666667,8.2666666667	40.9166666667,8.0	41.0,8.0	41.1619444444,8.1613888889	41.2833333333,8.2833333333	41.3333333333,8.3333333333	41.3333333333,8.4438888889	41.3333333333,8.57	41.3333333333,8.6908333333	41.3333333333,8.8122222222	41.3333333333,9.0369444444	41.3333333333,9.1063888889	41.3333333333,9.2683333333	41.3333333333,9.3166666667
335	365	1504238400	1504239599	7	41.3333333333,9.3166666667	41.3333333333,9.5	41.3333333333,9.6166666667	41.2763888889,9.9202777778	41.1166666667,9.3166666667	41.2763888889,9.3166666667	41.3333333333,9.3166666667
335	365	1504238400	1504239599	25	40.2777777778,8.5419444444	40.3333333333,8.6333333333	40.3566666667,8.8938888889	40.4147222222,9.335	40.0,9.4166666667	39.8286111111,9.6127777778	39.6083333333,9.15	39.6752777778,9.05	39.8772222222,8.7130555556	39.6805555556,8.5333333333	39.4127777778,8.4872222222	39.1833333333,8.5555555556	39.1219444444,8.5736111111	38.8333333333,8.8333333333	38.6444444444,8.8652777778	38.6575,8.8366666667	38.6841666667,8.7719444444	38.795,8.4994444444	39.0,8.0	39.15,8.0	39.2094444444,8.0	39.6986111111,8.0	40.0,8.0	40.2166666667,8.4166666667	40.2777777778,8.5419444444
335	365	1504238400	1504239599	7	44.0736111111,10.5438888889	44.0983333333,10.5733333333	43.9569444444,10.6469444444	43.9594444444,10.6075	43.9713888889,10.4241666667	43.9833333333,10.4377777778	44.0736111111,10.5438888889
335	365	1504238400	1504239599	10	43.195,10.4752777778	43.13,10.35	43.0375,10.3527777778	43.4041666667,10.0625	43.5883333333,9.9366666667	43.6205555556,10.0788888889	43.7,10.1583333333	43.6766666667,10.3916666667	43.3838888889,10.5644444444	43.195,10.4752777778
335	365	1504238400	1504239599	9	43.5883333333,9.9366666667	43.4041666667,10.0625	43.1666666667,9.75	43.475,9.385	43.5047222222,9.53	43.5241666667,9.6258333333	43.5294444444,9.6625	43.5530555556,9.7683333333	43.5883333333,9.9366666667
335	365	1504238400	1504239599	6	43.3436111111,10.9641666667	43.2544444444,10.9219444444	43.3377777778,10.5913888889	43.3838888889,10.5644444444	43.4177777778,10.5783333333	43.3436111111,10.9641666667
335	365	1504238400	1504239599	7	43.7469444444,10.7216666667	43.7844444444,10.7369444444	43.6641666667,10.7988888889	43.3436111111,10.9641666667	43.4177777778,10.5783333333	43.6397222222,10.6744444444	43.7469444444,10.7216666667
335	365	1504238400	1504239599	22	41.2763888889,9.08	41.2763888889,9.3166666667	41.1166666667,9.3166666667	41.2763888889,9.9202777778	41.3375,10.1552777778	41.2541666667,10.1980555556	41.1730555556,10.2397222222	40.8919444444,10.3830555556	40.6497222222,10.3191666667	40.6325,10.065	40.5680555556,10.0069444444	40.4563888889,9.8311111111	40.3969444444,9.6158333333	40.3969444444,9.3869444444	40.4147222222,9.335	40.4563888889,9.1716666667	40.5680555556,8.9958333333	40.7183333333,8.8805555556	40.8894444444,8.84	41.0605555556,8.8791666667	41.2108333333,8.9936111111	41.2763888889,9.08
335	365	1504238400	1504239599	9	42.8277777778,11.2027777778	42.8691666667,11.1755555556	42.88,10.8572222222	43.0236111111,10.7713888889	43.2111111111,10.8608333333	43.2544444444,10.9219444444	43.3436111111,10.9641666667	42.8155555556,11.2291666667	42.8277777778,11.2027777778
335	365	1504238400	1504239599	6	42.5166666667,11.3872222222	42.2472222222,11.5322222222	42.175,11.4458333333	42.4525,11.1019444444	42.4619444444,11.1358333333	42.5166666667,11.3872222222
335	365	1504238400	1504239599	29	42.4525,11.1019444444	42.175,11.4458333333	41.8736111111,10.845	41.7333333333,10.5694444444	41.7333333333,9.75	41.75,9.75	41.7905555556,9.75	41.9333333333,9.75	42.3258333333,9.75	42.4116666667,9.75	42.5008333333,9.75	42.6213888889,9.75	42.8227777778,9.75	42.9538888889,9.75	43.1666666667,9.75	43.4041666667,10.0625	43.0375,10.3527777778	43.13,10.35	43.195,10.4752777778	43.3838888889,10.5644444444	43.3377777778,10.5913888889	43.0236111111,10.7713888889	42.8833333333,10.7069444444	42.8522222222,10.6925	42.8047222222,10.6708333333	42.74,10.7594444444	42.6277777778,10.9130555556	42.5308333333,11.0561111111	42.4525,11.1019444444
335	365	1504238400	1504239599	7	38.5275,8.8836111111	38.6575,8.8366666667	38.6444444444,8.8652777778	38.6330555556,8.8922222222	38.6030555556,8.965	38.5833333333,9.0166666667	38.5275,8.8836111111
335	365	1504238400	1504239599	4	40.35,8.0	40.2166666667,8.4166666667	40.0,8.0	40.35,8.0
335	365	1504238400	1504239599	18	41.3411111111,10.7705555556	40.595,11.1511111111	40.0008333333,10.5519444444	39.8838888889,9.8944444444	39.8286111111,9.6127777778	40.0,9.4166666667	40.4147222222,9.335	40.3969444444,9.3869444444	40.3969444444,9.6158333333	40.4563888889,9.8311111111	40.5680555556,10.0069444444	40.6325,10.065	40.6497222222,10.3191666667	40.8919444444,10.3830555556	41.1730555556,10.2397222222	41.2541666667,10.1980555556	41.3375,10.1552777778	41.3411111111,10.7705555556
335	365	1504238400	1504239599	5	43.3377777778,10.5913888889	43.2544444444,10.9219444444	43.2111111111,10.8608333333	43.0236111111,10.7713888889	43.3377777778,10.5913888889
335	365	1504238400	1504239599	7	42.5308333333,11.0561111111	42.5394444444,11.1033333333	42.5936111111,11.3461111111	42.5166666667,11.3872222222	42.4619444444,11.1358333333	42.4525,11.1019444444	42.5308333333,11.0561111111
335	365	1504238400	1504239599	9	43.9713888889,10.4241666667	43.9594444444,10.6075	43.9569444444,10.6469444444	43.9258333333,10.6627777778	43.9333333333,10.6213888889	43.8352777778,10.2833333333	43.8872222222,10.3333333333	43.9258333333,10.3702777778	43.9713888889,10.4241666667
335	365	1504238400	1504239599	24	39.8286111111,9.6127777778	39.8838888889,9.8944444444	40.0008333333,10.5519444444	40.595,11.1511111111	40.3691666667,11.2652777778	37.6833333333,11.1	37.7427777778,10.9591666667	37.7694444444,10.9086111111	37.8194444444,10.7866666667	37.8891666667,10.6286111111	38.0388888889,10.2863888889	38.2547222222,9.7872222222	38.3952777778,9.4563888889	38.5833333333,9.0166666667	38.6030555556,8.965	38.6330555556,8.8922222222	38.6444444444,8.8652777778	38.8333333333,8.8333333333	38.8119444444,9.2383333333	38.8866666667,9.5947222222	39.1,9.7833333333	39.25,9.6	39.6083333333,9.15	39.8286111111,9.6127777778
365	999	1504238400	1504239599	10	43.6766666667,10.3916666667	43.7633333333,10.5405555556	43.8386111111,10.6725	43.8544444444,10.6997222222	43.7844444444,10.7369444444	43.7469444444,10.7216666667	43.6397222222,10.6744444444	43.4177777778,10.5783333333	43.3838888889,10.5644444444	43.6766666667,10.3916666667
365	999	1504238400	1504239599	15	41.0166666667,8.5	40.8833333333,8.7166666667	40.6833333333,8.7833333333	40.5,8.5833333333	40.3333333333,8.6333333333	40.2777777778,8.5419444444	40.2166666667,8.4166666667	40.35,8.0	40.4247222222,8.0	40.6080555556,8.0	40.745,8.0	40.8622222222,8.0	40.9166666667,8.0	41.0166666667,8.2666666667	41.0166666667,8.5
365	999	1504238400	1504239599	9	41.7333333333,9.75	41.7333333333,10.5694444444	41.3411111111,10.7705555556	41.3375,10.1552777778	41.2763888889,9.9202777778	41.3333333333,9.6166666667	41.3333333333,9.75	41.6666666667,9.75	41.7333333333,9.75
365	999	1504238400	1504239599	8	42.8522222222,10.6925	42.8833333333,10.7069444444	43.0236111111,10.7713888889	42.88,10.8572222222	42.5308333333,11.0561111111	42.6277777778,10.9130555556	42.74,10.7594444444	42.8522222222,10.6925
365	999	1504238400	1504239599	4	42.8522222222,10.6925	42.74,10.7594444444	42.8047222222,10.6708333333	42.8522222222,10.6925
365	999	1504238400	1504239599	10	43.9333333333,10.6213888889	43.9258333333,10.6627777778	43.8544444444,10.6997222222	43.8386111111,10.6725	43.7633333333,10.5405555556	43.6766666667,10.3916666667	43.7,10.1583333333	43.7394444444,10.1919444444	43.8352777778,10.2833333333	43.9333333333,10.6213888889
365	999	1504238400	1504239599	8	42.88,10.8572222222	42.8691666667,11.1755555556	42.8277777778,11.2027777778	42.8155555556,11.2291666667	42.5936111111,11.3461111111	42.5394444444,11.1033333333	42.5308333333,11.0561111111	42.88,10.8572222222
365	999	1504238400	1504239599	13	39.8772222222,8.7130555556	39.6752777778,9.05	39.6083333333,9.15	39.25,9.6	39.1,9.7833333333	38.8866666667,9.5947222222	38.8119444444,9.2383333333	38.8333333333,8.8333333333	39.1219444444,8.5736111111	39.1833333333,8.5555555556	39.4127777778,8.4872222222	39.6805555556,8.5333333333	39.8772222222,8.7130555556
365	999	1504238400	1504239599	30	41.3333333333,9.3166666667	41.2763888889,9.3166666667	41.2763888889,9.08	41.2108333333,8.9936111111	41.0605555556,8.8791666667	40.8894444444,8.84	40.7183333333,8.8805555556	40.5680555556,8.9958333333	40.4563888889,9.1716666667	40.4147222222,9.335	40.3566666667,8.8938888889	40.3333333333,8.6333333333	40.5,8.5833333333	40.6833333333,8.7833333333	40.8833333333,8.7166666667	41.0166666667,8.5	41.0166666667,8.2666666667	40.9166666667,8.0	41.0,8.0	41.1619444444,8.1613888889	41.2833333333,8.2833333333	41.3333333333,8.3333333333	41.3333333333,8.4438888889	41.3333333333,8.57	41.3333333333,8.6908333333	41.3333333333,8.8122222222	41.3333333333,9.0369444444	41.3333333333,9.1063888889	41.3333333333,9.2683333333	41.3333333333,9.3166666667
365	999	1504238400	1504239599	7	41.3333333333,9.3166666667	41.3333333333,9.5	41.3333333333,9.6166666667	41.2763888889,9.9202777778	41.1166666667,9.3166666667	41.2763888889,9.3166666667	41.3333333333,9.3166666667
365	999	1504238400	1504239599	25	40.2777777778,8.5419444444	40.3333333333,8.6333333333	40.3566666667,8.8938888889	40.4147222222,9.335	40.0,9.4166666667	39.8286111111,9.6127777778	39.6083333333,9.15	39.6752777778,9.05	39.8772222222,8.7130555556	39.6805555556,8.5333333333	39.4127777778,8.4872222222	39.1833333333,8.5555555556	39.1219444444,8.5736111111	38.8333333333,8.8333333333	38.6444444444,8.8652777778	38.6575,8.8366666667	38.6841666667,8.7719444444	38.795,8.4994444444	39.0,8.0	39.15,8.0	39.2094444444,8.0	39.6986111111,8.0	40.0,8.0	40.2166666667,8.4166666667	40.2777777778,8.5419444444
365	999	1504238400	1504239599	7	44.0736111111,10.5438888889	44.0983333333,10.5733333333	43.9569444444,10.6469444444	43.9594444444,10.6075	43.9713888889,10.4241666667	43.9833333333,10.4377777778	44.0736111111,10.5438888889
365	999	1504238400	1504239599	10	43.195,10.4752777778	43.13,10.35	43.0375,10.3527777778	43.4041666667,10.0625	43.5883333333,9.9366666667	43.6205555556,10.0788888889	43.7,10.1583333333	43.6766666667,10.3916666667	43.3838888889,10.5644444444	43.195,10.4752777778
365	999	1504238400	1504239599	9	43.5883333333,9.9366666667	43.4041666667,10.0625	43.1666666667,9.75	43.475,9.385	43.5047222222,9.53	43.5241666667,9.6258333333	43.5294444444,9.6625	43.5530555556,9.7683333333	43.5883333333,9.9366666667
365	999	1504238400	1504239599	6	43.3436111111,10.9641666667	43.2544444444,10.9219444444	43.3377777778,10.5913888889	43.3838888889,10.5644444444	43.4177777778,10.5783333333	43.3436111111,10.9641666667
365	999	1504238400	1504239599	7	43.7469444444,10.7216666667	43.7844444444,10.7369444444	43.6641666667,10.7988888889	43.3436111111,10.9641666667	43.4177777778,10.5783333333	43.6397222222,10.6744444444	43.7469444444,10.7216666667
365	999	1504238400	1504239599	22	41.2763888889,9.08	41.2763888889,9.3166666667	41.1166666667,9.3166666667	41.2763888889,9.9202777778	41.3375,10.1552777778	41.2541666667,10.1980555556	41.1730555556,10.2397222222	40.8919444444,10.3830555556	40.6497222222,10.3191666667	40.6325,10.065	40.5680555556,10.0069444444	40.4563888889,9.8311111111	40.3969444444,9.6158333333	40.3969444444,9.3869444444	40.4147222222,9.335	40.4563888889,9.1716666667	40.5680555556,8.9958333333	40.7183333333,8.8805555556	40.8894444444,8.84	41.0605555556,8.8791666667	41.2108333333,8.9936111111	41.2763888889,9.08
365	999	1504238400	1504239599	9	42.8277777778,11.2027777778	42.8691666667,11.1755555556	42.88,10.8572222222	43.0236111111,10.7713888889	43.2111111111,10.8608333333	43.2544444444,10.9219444444	43.3436111111,10.9641666667	42.8155555556,11.2291666667	42.8277777778,11.2027777778
365	999	1504238400	1504239599	6	42.5166666667,11.3872222222	42.2472222222,11.5322222222	42.175,11.4458333333	42.4525,11.1019444444	42.4619444444,11.1358333333	42.5166666667,11.3872222222
365	999	1504238400	1504239599	29	42.4525,11.1019444444	42.175,11.4458333333	41.8736111111,10.845	41.7333333333,10.5694444444	41.7333333333,9.75	41.75,9.75	41.7905555556,9.75	41.9333333333,9.75	42.3258333333,9.75	42.4116666667,9.75	42.5008333333,9.75	42.6213888889,9.75	42.8227777778,9.75	42.9538888889,9.75	43.1666666667,9.75	43.4041666667,10.0625	43.0375,10.3527777778	43.13,10.35	43.195,10.4752777778	43.3838888889,10.5644444444	43.3377777778,10.5913888889	43.0236111111,10.7713888889	42.8833333333,10.7069444444	42.8522222222,10.6925	42.8047222222,10.6708333333	42.74,10.7594444444	42.6277777778,10.9130555556	42.5308333333,11.0561111111	42.4525,11.1019444444
365	999	1504238400	1504239599	7	38.5275,8.8836111111	38.6575,8.8366666667	38.6444444444,8.8652777778	38.6330555556,8.8922222222	38.6030555556,8.965	38.5833333333,9.0166666667	38.5275,8.8836111111
365	999	1504238400	1504239599	4	40.35,8.0	40.2166666667,8.4166666667	40.0,8.0	40.35,8.0
365	999	1504238400	1504239599	18	41.3411111111,10.7705555556	40.595,11.1511111111	40.0008333333,10.5519444444	39.8838888889,9.8944444444	39.8286111111,9.6127777778	40.0,9.4166666667	40.4147222222,9.335	40.3969444444,9.3869444444	40.3969444444,9.6158333333	40.4563888889,9.8311111111	40.5680555556,10.0069444444	40.6325,10.065	40.6497222222,10.3191666667	40.8919444444,10.3830555556	41.1730555556,10.2397222222	41.2541666667,10.1980555556	41.3375,10.1552777778	41.3411111111,10.7705555556
365	999	1504238400	1504239599	5	43.3377777778,10.5913888889	43.2544444444,10.9219444444	43.2111111111,10.8608333333	43.0236111111,10.7713888889	43.3377777778,10.5913888889
365	999	1504238400	1504239599	7	42.5308333333,11.0561111111	42.5394444444,11.1033333333	42.5936111111,11.3461111111	42.5166666667,11.3872222222	42.4619444444,11.1358333333	42.4525,11.1019444444	42.5308333333,11.0561111111
365	999	1504238400	1504239599	9	43.9713888889,10.4241666667	43.9594444444,10.6075	43.9569444444,10.6469444444	43.9258333333,10.6627777778	43.9333333333,10.6213888889	43.8352777778,10.2833333333	43.8872222222,10.3333333333	43.9258333333,10.3702777778	43.9713888889,10.4241666667
365	999	1504238400	1504239599	24	39.8286111111,9.6127777778	39.8838888889,9.8944444444	40.0008333333,10.5519444444	40.595,11.1511111111	40.3691666667,11.2652777778	37.6833333333,11.1	37.7427777778,10.9591666667	37.7694444444,10.9086111111	37.8194444444,10.7866666667	37.8891666667,10.6286111111	38.0388888889,10.2863888889	38.2547222222,9.7872222222	38.3952777778,9.4563888889	38.5833333333,9.0166666667	38.6030555556,8.965	38.6330555556,8.8922222222	38.6444444444,8.8652777778	38.8333333333,8.8333333333	38.8119444444,9.2383333333	38.8866666667,9.5947222222	39.1,9.7833333333	39.25,9.6	39.6083333333,9.15	39.8286111111,9.6127777778
215	285	1504238400	1504239599	10	43.195,10.4752777778	43.13,10.35	43.0375,10.3527777778	43.4041666667,10.0625	43.5883333333,9.9366666667	43.6205555556,10.0788888889	43.7,10.1583333333	43.6766666667,10.3916666667	43.3838888889,10.5644444444	43.195,10.4752777778
215	285	1504238400	1504239599	9	43.9713888889,10.4241666667	43.9594444444,10.6075	43.9569444444,10.6469444444	43.9258333333,10.6627777778	43.9333333333,10.6213888889	43.8352777778,10.2833333333	43.8872222222,10.3333333333	43.9258333333,10.3702777778	43.9713888889,10.4241666667
215	285	1504238400	1504239599	10	43.9333333333,10.6213888889	43.9258333333,10.6627777778	43.8544444444,10.6997222222	43.8386111111,10.6725	43.7633333333,10.5405555556	43.6766666667,10.3916666667	43.7,10.1583333333	43.7394444444,10.1919444444	43.8352777778,10.2833333333	43.9333333333,10.6213888889
215	285	1504238400	1504239599	10	43.6766666667,10.3916666667	43.7633333333,10.5405555556	43.8386111111,10.6725	43.8544444444,10.6997222222	43.7844444444,10.7369444444	43.7469444444,10.7216666667	43.6397222222,10.6744444444	43.4177777778,10.5783333333	43.3838888889,10.5644444444	43.6766666667,10.3916666667
245	285	1504238400	1504239599	6	42.5166666667,11.3872222222	42.2472222222,11.5322222222	42.175,11.4458333333	42.4525,11.1019444444	42.4619444444,11.1358333333	42.5166666667,11.3872222222
195	285	1504238400	1504239599	15	41.0166666667,8.5	40.8833333333,8.7166666667	40.6833333333,8.7833333333	40.5,8.5833333333	40.3333333333,8.6333333333	40.2777777778,8.5419444444	40.2166666667,8.4166666667	40.35,8.0	40.4247222222,8.0	40.6080555556,8.0	40.745,8.0	40.8622222222,8.0	40.9166666667,8.0	41.0166666667,8.2666666667	41.0166666667,8.5
195	285	1504238400	1504239599	9	41.7333333333,9.75	41.7333333333,10.5694444444	41.3411111111,10.7705555556	41.3375,10.1552777778	41.2763888889,9.9202777778	41.3333333333,9.6166666667	41.3333333333,9.75	41.6666666667,9.75	41.7333333333,9.75
195	285	1504238400	1504239599	8	42.8522222222,10.6925	42.8833333333,10.7069444444	43.0236111111,10.7713888889	42.88,10.8572222222	42.5308333333,11.0561111111	42.6277777778,10.9130555556	42.74,10.7594444444	42.8522222222,10.6925
195	285	1504238400	1504239599	4	42.8522222222,10.6925	42.74,10.7594444444	42.8047222222,10.6708333333	42.8522222222,10.6925
195	285	1504238400	1504239599	8	42.88,10.8572222222	42.8691666667,11.1755555556	42.8277777778,11.2027777778	42.8155555556,11.2291666667	42.5936111111,11.3461111111	42.5394444444,11.1033333333	42.5308333333,11.0561111111	42.88,10.8572222222
195	285	1504238400	1504239599	13	39.8772222222,8.7130555556	39.6752777778,9.05	39.6083333333,9.15	39.25,9.6	39.1,9.7833333333	38.8866666667,9.5947222222	38.8119444444,9.2383333333	38.8333333333,8.8333333333	39.1219444444,8.5736111111	39.1833333333,8.5555555556	39.4127777778,8.4872222222	39.6805555556,8.5333333333	39.8772222222,8.7130555556
195	285	1504238400	1504239599	7	43.7469444444,10.7216666667	43.7844444444,10.7369444444	43.6641666667,10.7988888889	43.3436111111,10.9641666667	43.4177777778,10.5783333333	43.6397222222,10.6744444444	43.7469444444,10.7216666667
195	285	1504238400	1504239599	7	41.3333333333,9.3166666667	41.3333333333,9.5	41.3333333333,9.6166666667	41.2763888889,9.9202777778	41.1166666667,9.3166666667	41.2763888889,9.3166666667	41.3333333333,9.3166666667
195	285	1504238400	1504239599	25	40.2777777778,8.5419444444	40.3333333333,8.6333333333	40.3566666667,8.8938888889	40.4147222222,9.335	40.0,9.4166666667	39.8286111111,9.6127777778	39.6083333333,9.15	39.6752777778,9.05	39.8772222222,8.7130555556	39.6805555556,8.5333333333	39.4127777778,8.4872222222	39.1833333333,8.5555555556	39.1219444444,8.5736111111	38.8333333333,8.8333333333	38.6444444444,8.8652777778	38.6575,8.8366666667	38.6841666667,8.7719444444	38.795,8.4994444444	39.0,8.0	39.15,8.0	39.2094444444,8.0	39.6986111111,8.0	40.0,8.0	40.2166666667,8.4166666667	40.2777777778,8.5419444444
195	285	1504238400	1504239599	7	44.0736111111,10.5438888889	44.0983333333,10.5733333333	43.9569444444,10.6469444444	43.9594444444,10.6075	43.9713888889,10.4241666667	43.9833333333,10.4377777778	44.0736111111,10.5438888889
195	285	1504238400	1504239599	9	43.5883333333,9.9366666667	43.4041666667,10.0625	43.1666666667,9.75	43.475,9.385	43.5047222222,9.53	43.5241666667,9.6258333333	43.5294444444,9.6625	43.5530555556,9.7683333333	43.5883333333,9.9366666667
195	285	1504238400	1504239599	6	43.3436111111,10.9641666667	43.2544444444,10.9219444444	43.3377777778,10.5913888889	43.3838888889,10.5644444444	43.4177777778,10.5783333333	43.3436111111,10.9641666667
195	285	1504238400	1504239599	30	41.3333333333,9.3166666667	41.2763888889,9.3166666667	41.2763888889,9.08	41.2108333333,8.9936111111	41.0605555556,8.8791666667	40.8894444444,8.84	40.7183333333,8.8805555556	40.5680555556,8.9958333333	40.4563888889,9.1716666667	40.4147222222,9.335	40.3566666667,8.8938888889	40.3333333333,8.6333333333	40.5,8.5833333333	40.6833333333,8.7833333333	40.8833333333,8.7166666667	41.0166666667,8.5	41.0166666667,8.2666666667	40.9166666667,8.0	41.0,8.0	41.1619444444,8.1613888889	41.2833333333,8.2833333333	41.3333333333,8.3333333333	41.3333333333,8.4438888889	41.3333333333,8.57	41.3333333333,8.6908333333	41.3333333333,8.8122222222	41.3333333333,9.0369444444	41.3333333333,9.1063888889	41.3333333333,9.2683333333	41.3333333333,9.3166666667
195	285	1504238400	1504239599	22	41.2763888889,9.08	41.2763888889,9.3166666667	41.1166666667,9.3166666667	41.2763888889,9.9202777778	41.3375,10.1552777778	41.2541666667,10.1980555556	41.1730555556,10.2397222222	40.8919444444,10.3830555556	40.6497222222,10.3191666667	40.6325,10.065	40.5680555556,10.0069444444	40.4563888889,9.8311111111	40.3969444444,9.6158333333	40.3969444444,9.3869444444	40.4147222222,9.335	40.4563888889,9.1716666667	40.5680555556,8.9958333333	40.7183333333,8.8805555556	40.8894444444,8.84	41.0605555556,8.8791666667	41.2108333333,8.9936111111	41.2763888889,9.08
195	285	1504238400	1504239599	9	42.8277777778,11.2027777778	42.8691666667,11.1755555556	42.88,10.8572222222	43.0236111111,10.7713888889	43.2111111111,10.8608333333	43.2544444444,10.9219444444	43.3436111111,10.9641666667	42.8155555556,11.2291666667	42.8277777778,11.2027777778
195	285	1504238400	1504239599	29	42.4525,11.1019444444	42.175,11.4458333333	41.8736111111,10.845	41.7333333333,10.5694444444	41.7333333333,9.75	41.75,9.75	41.7905555556,9.75	41.9333333333,9.75	42.3258333333,9.75	42.4116666667,9.75	42.5008333333,9.75	42.6213888889,9.75	42.8227777778,9.75	42.9538888889,9.75	43.1666666667,9.75	43.4041666667,10.0625	43.0375,10.3527777778	43.13,10.35	43.195,10.4752777778	43.3838888889,10.5644444444	43.3377777778,10.5913888889	43.0236111111,10.7713888889	42.8833333333,10.7069444444	42.8522222222,10.6925	42.8047222222,10.6708333333	42.74,10.7594444444	42.6277777778,10.9130555556	42.5308333333,11.0561111111	42.4525,11.1019444444
195	285	1504238400	1504239599	7	38.5275,8.8836111111	38.6575,8.8366666667	38.6444444444,8.8652777778	38.6330555556,8.8922222222	38.6030555556,8.965	38.5833333333,9.0166666667	38.5275,8.8836111111
195	285	1504238400	1504239599	4	40.35,8.0	40.2166666667,8.4166666667	40.0,8.0	40.35,8.0
195	285	1504238400	1504239599	18	41.3411111111,10.7705555556	40.595,11.1511111111	40.0008333333,10.5519444444	39.8838888889,9.8944444444	39.8286111111,9.6127777778	40.0,9.4166666667	40.4147222222,9.335	40.3969444444,9.3869444444	40.3969444444,9.6158333333	40.4563888889,9.8311111111	40.5680555556,10.0069444444	40.6325,10.065	40.6497222222,10.3191666667	40.8919444444,10.3830555556	41.1730555556,10.2397222222	41.2541666667,10.1980555556	41.3375,10.1552777778	41.3411111111,10.7705555556
195	285	1504238400	1504239599	5	43.3377777778,10.5913888889	43.2544444444,10.9219444444	43.2111111111,10.8608333333	43.0236111111,10.7713888889	43.3377777778,10.5913888889
195	285	1504238400	1504239599	7	42.5308333333,11.0561111111	42.5394444444,11.1033333333	42.5936111111,11.3461111111	42.5166666667,11.3872222222	42.4619444444,11.1358333333	42.4525,11.1019444444	42.5308333333,11.0561111111
195	285	1504238400	1504239599	24	39.8286111111,9.6127777778	39.8838888889,9.8944444444	40.0008333333,10.5519444444	40.595,11.1511111111	40.3691666667,11.2652777778	37.6833333333,11.1	37.7427777778,10.9591666667	37.7694444444,10.9086111111	37.8194444444,10.7866666667	37.8891666667,10.6286111111	38.0388888889,10.2863888889	38.2547222222,9.7872222222	38.3952777778,9.4563888889	38.5833333333,9.0166666667	38.6030555556,8.965	38.6330555556,8.8922222222	38.6444444444,8.8652777778	38.8333333333,8.8333333333	38.8119444444,9.2383333333	38.8866666667,9.5947222222	39.1,9.7833333333	39.25,9.6	39.6083333333,9.15	39.8286111111,9.6127777778
305	335	1504238400	1504239599	10	43.6766666667,10.3916666667	43.7633333333,10.5405555556	43.8386111111,10.6725	43.8544444444,10.6997222222	43.7844444444,10.7369444444	43.7469444444,10.7216666667	43.6397222222,10.6744444444	43.4177777778,10.5783333333	43.3838888889,10.5644444444	43.6766666667,10.3916666667
305	335	1504238400	1504239599	15	41.0166666667,8.5	40.8833333333,8.7166666667	40.6833333333,8.7833333333	40.5,8.5833333333	40.3333333333,8.6333333333	40.2777777778,8.5419444444	40.2166666667,8.4166666667	40.35,8.0	40.4247222222,8.0	40.6080555556,8.0	40.745,8.0	40.8622222222,8.0	40.9166666667,8.0	41.0166666667,8.2666666667	41.0166666667,8.5
305	335	1504238400	1504239599	9	41.7333333333,9.75	41.7333333333,10.5694444444	41.3411111111,10.7705555556	41.3375,10.1552777778	41.2763888889,9.9202777778	41.3333333333,9.6166666667	41.3333333333,9.75	41.6666666667,9.75	41.7333333333,9.75
305	335	1504238400	1504239599	8	42.8522222222,10.6925	42.8833333333,10.7069444444	43.0236111111,10.7713888889	42.88,10.8572222222	42.5308333333,11.0561111111	42.6277777778,10.9130555556	42.74,10.7594444444	42.8522222222,10.6925
305	335	1504238400	1504239599	4	42.8522222222,10.6925	42.74,10.7594444444	42.8047222222,10.6708333333	42.8522222222,10.6925
305	335	1504238400	1504239599	10	43.9333333333,10.6213888889	43.9258333333,10.6627777778	43.8544444444,10.6997222222	43.8386111111,10.6725	43.7633333333,10.5405555556	43.6766666667,10.3916666667	43.7,10.1583333333	43.7394444444,10.1919444444	43.8352777778,10.2833333333	43.9333333333,10.6213888889
305	335	1504238400	1504239599	7	38.5275,8.8836111111	38.6575,8.8366666667	38.6444444444,8.8652777778	38.6330555556,8.8922222222	38.6030555556,8.965	38.5833333333,9.0166666667	38.5275,8.8836111111
305	335	1504238400	1504239599	13	39.8772222222,8.7130555556	39.6752777778,9.05	39.6083333333,9.15	39.25,9.6	39.1,9.7833333333	38.8866666667,9.5947222222	38.8119444444,9.2383333333	38.8333333333,8.8333333333	39.1219444444,8.5736111111	39.1833333333,8.5555555556	39.4127777778,8.4872222222	39.6805555556,8.5333333333	39.8772222222,8.7130555556
305	335	1504238400	1504239599	30	41.3333333333,9.3166666667	41.2763888889,9.3166666667	41.2763888889,9.08	41.2108333333,8.9936111111	41.0605555556,8.8791666667	40.8894444444,8.84	40.7183333333,8.8805555556	40.5680555556,8.9958333333	40.4563888889,9.1716666667	40.4147222222,9.335	40.3566666667,8.8938888889	40.3333333333,8.6333333333	40.5,8.5833333333	40.6833333333,8.7833333333	40.8833333333,8.7166666667	41.0166666667,8.5	41.0166666667,8.2666666667	40.9166666667,8.0	41.0,8.0	41.1619444444,8.1613888889	41.2833333333,8.2833333333	41.3333333333,8.3333333333	41.3333333333,8.4438888889	41.3333333333,8.57	41.3333333333,8.6908333333	41.3333333333,8.8122222222	41.3333333333,9.0369444444	41.3333333333,9.1063888889	41.3333333333,9.2683333333	41.3333333333,9.3166666667
305	335	1504238400	1504239599	7	41.3333333333,9.3166666667	41.3333333333,9.5	41.3333333333,9.6166666667	41.2763888889,9.9202777778	41.1166666667,9.3166666667	41.2763888889,9.3166666667	41.3333333333,9.3166666667
305	335	1504238400	1504239599	5	43.3377777778,10.5913888889	43.2544444444,10.9219444444	43.2111111111,10.8608333333	43.0236111111,10.7713888889	43.3377777778,10.5913888889
305	335	1504238400	1504239599	7	44.0736111111,10.5438888889	44.0983333333,10.5733333333	43.9569444444,10.6469444444	43.9594444444,10.6075	43.9713888889,10.4241666667	43.9833333333,10.4377777778	44.0736111111,10.5438888889
305	335	1504238400	1504239599	10	43.195,10.4752777778	43.13,10.35	43.0375,10.3527777778	43.4041666667,10.0625	43.5883333333,9.9366666667	43.6205555556,10.0788888889	43.7,10.1583333333	43.6766666667,10.3916666667	43.3838888889,10.5644444444	43.195,10.4752777778
305	335	1504238400	1504239599	9	43.5883333333,9.9366666667	43.4041666667,10.0625	43.1666666667,9.75	43.475,9.385	43.5047222222,9.53	43.5241666667,9.6258333333	43.5294444444,9.6625	43.5530555556,9.7683333333	43.5883333333,9.9366666667
305	335	1504238400	1504239599	6	43.3436111111,10.9641666667	43.2544444444,10.9219444444	43.3377777778,10.5913888889	43.3838888889,10.5644444444	43.4177777778,10.5783333333	43.3436111111,10.9641666667
305	335	1504238400	1504239599	7	43.7469444444,10.7216666667	43.7844444444,10.7369444444	43.6641666667,10.7988888889	43.3436111111,10.9641666667	43.4177777778,10.5783333333	43.6397222222,10.6744444444	43.7469444444,10.7216666667
305	335	1504238400	1504239599	22	41.2763888889,9.08	41.2763888889,9.3166666667	41.1166666667,9.3166666667	41.2763888889,9.9202777778	41.3375,10.1552777778	41.2541666667,10.1980555556	41.1730555556,10.2397222222	40.8919444444,10.3830555556	40.6497222222,10.3191666667	40.6325,10.065	40.5680555556,10.0069444444	40.4563888889,9.8311111111	40.3969444444,9.6158333333	40.3969444444,9.3869444444	40.4147222222,9.335	40.4563888889,9.1716666667	40.5680555556,8.9958333333	40.7183333333,8.8805555556	40.8894444444,8.84	41.0605555556,8.8791666667	41.2108333333,8.9936111111	41.2763888889,9.08
305	335	1504238400	1504239599	9	42.8277777778,11.2027777778	42.8691666667,11.1755555556	42.88,10.8572222222	43.0236111111,10.7713888889	43.2111111111,10.8608333333	43.2544444444,10.9219444444	43.3436111111,10.9641666667	42.8155555556,11.2291666667	42.8277777778,11.2027777778
305	335	1504238400	1504239599	6	42.5166666667,11.3872222222	42.2472222222,11.5322222222	42.175,11.4458333333	42.4525,11.1019444444	42.4619444444,11.1358333333	42.5166666667,11.3872222222
305	335	1504238400	1504239599	29	42.4525,11.1019444444	42.175,11.4458333333	41.8736111111,10.845	41.7333333333,10.5694444444	41.7333333333,9.75	41.75,9.75	41.7905555556,9.75	41.9333333333,9.75	42.3258333333,9.75	42.4116666667,9.75	42.5008333333,9.75	42.6213888889,9.75	42.8227777778,9.75	42.9538888889,9.75	43.1666666667,9.75	43.4041666667,10.0625	43.0375,10.3527777778	43.13,10.35	43.195,10.4752777778	43.3838888889,10.5644444444	43.3377777778,10.5913888889	43.0236111111,10.7713888889	42.8833333333,10.7069444444	42.8522222222,10.6925	42.8047222222,10.6708333333	42.74,10.7594444444	42.6277777778,10.9130555556	42.5308333333,11.0561111111	42.4525,11.1019444444
305	335	1504238400	1504239599	8	42.88,10.8572222222	42.8691666667,11.1755555556	42.8277777778,11.2027777778	42.8155555556,11.2291666667	42.5936111111,11.3461111111	42.5394444444,11.1033333333	42.5308333333,11.0561111111	42.88,10.8572222222
305	335	1504238400	1504239599	4	40.35,8.0	40.2166666667,8.4166666667	40.0,8.0	40.35,8.0
305	335	1504238400	1504239599	18	41.3411111111,10.7705555556	40.595,11.1511111111	40.0008333333,10.5519444444	39.8838888889,9.8944444444	39.8286111111,9.6127777778	40.0,9.4166666667	40.4147222222,9.335	40.3969444444,9.3869444444	40.3969444444,9.6158333333	40.4563888889,9.8311111111	40.5680555556,10.0069444444	40.6325,10.065	40.6497222222,10.3191666667	40.8919444444,10.3830555556	41.1730555556,10.2397222222	41.2541666667,10.1980555556	41.3375,10.1552777778	41.3411111111,10.7705555556
305	335	1504238400	1504239599	25	40.2777777778,8.5419444444	40.3333333333,8.6333333333	40.3566666667,8.8938888889	40.4147222222,9.335	40.0,9.4166666667	39.8286111111,9.6127777778	39.6083333333,9.15	39.6752777778,9.05	39.8772222222,8.7130555556	39.6805555556,8.5333333333	39.4127777778,8.4872222222	39.1833333333,8.5555555556	39.1219444444,8.5736111111	38.8333333333,8.8333333333	38.6444444444,8.8652777778	38.6575,8.8366666667	38.6841666667,8.7719444444	38.795,8.4994444444	39.0,8.0	39.15,8.0	39.2094444444,8.0	39.6986111111,8.0	40.0,8.0	40.2166666667,8.4166666667	40.2777777778,8.5419444444
305	335	1504238400	1504239599	7	42.5308333333,11.0561111111	42.5394444444,11.1033333333	42.5936111111,11.3461111111	42.5166666667,11.3872222222	42.4619444444,11.1358333333	42.4525,11.1019444444	42.5308333333,11.0561111111
305	335	1504238400	1504239599	9	43.9713888889,10.4241666667	43.9594444444,10.6075	43.9569444444,10.6469444444	43.9258333333,10.6627777778	43.9333333333,10.6213888889	43.8352777778,10.2833333333	43.8872222222,10.3333333333	43.9258333333,10.3702777778	43.9713888889,10.4241666667
305	335	1504238400	1504239599	24	39.8286111111,9.6127777778	39.8838888889,9.8944444444	40.0008333333,10.5519444444	40.595,11.1511111111	40.3691666667,11.2652777778	37.6833333333,11.1	37.7427777778,10.9591666667	37.7694444444,10.9086111111	37.8194444444,10.7866666667	37.8891666667,10.6286111111	38.0388888889,10.2863888889	38.2547222222,9.7872222222	38.3952777778,9.4563888889	38.5833333333,9.0166666667	38.6030555556,8.965	38.6330555556,8.8922222222	38.6444444444,8.8652777778	38.8333333333,8.8333333333	38.8119444444,9.2383333333	38.8866666667,9.5947222222	39.1,9.7833333333	39.25,9.6	39.6083333333,9.15	39.8286111111,9.6127777778
