110
285	305	1504299600	1504303079	9	43.2072222222,12.9063888889	43.0425,13.2122222222	42.9786111111,13.1377777778	42.9472222222,13.1922222222	42.8775,13.1191666667	42.9058333333,13.0472222222	43.0516666667,12.6777777778	43.2741666667,12.7827777778	43.2072222222,12.9063888889
285	305	1504299600	1504303079	7	43.4277777778,12.4941666667	43.3427777778,12.6519444444	43.2741666667,12.7827777778	43.0516666667,12.6777777778	43.2169444444,12.3913888889	43.2583333333,12.3186111111	43.4277777778,12.4941666667
285	305	1504299600	1504303079	9	43.6944444444,11.5111111111	43.6,11.5333333333	43.4155555556,11.3958333333	43.4022222222,11.2097222222	43.4475,11.0688888889	43.3436111111,10.9641666667	43.6641666667,10.7988888889	43.7166666667,11.1666666667	43.6944444444,11.5111111111
285	305	1504299600	1504303079	14	44.0258333333,11.5125	44.0525,11.3594444444	44.0833333333,11.1833333333	44.0961111111,11.0688888889	44.0994444444,10.9455555556	44.2544444444,10.8230555556	44.2841666667,10.8911111111	44.2855555556,10.8938888889	44.325,10.985	44.25,11.0547222222	44.3216666667,11.2	44.305,11.2180555556	44.2469444444,11.28	44.0258333333,11.5125
285	305	1504299600	1504303079	4	43.9016666667,10.7863888889	43.7844444444,10.7369444444	43.8544444444,10.6997222222	43.9016666667,10.7863888889
285	305	1504299600	1504303079	14	44.0961111111,11.0688888889	44.0833333333,11.1833333333	44.0525,11.3594444444	44.0258333333,11.5125	44.0022222222,11.5391666667	43.9216666667,11.6241666667	43.8583333333,11.6916666667	43.6241666667,11.7644444444	43.4194444444,11.4505555556	43.4155555556,11.3958333333	43.6,11.5333333333	43.6944444444,11.5111111111	43.9041666667,11.4608333333	44.0961111111,11.0688888889
285	305	1504299600	1504303079	15	43.4022222222,11.2097222222	43.4155555556,11.3958333333	43.4194444444,11.4505555556	43.6241666667,11.7644444444	42.6183333333,12.0486111111	42.5605555556,12.0802777778	42.5583333333,12.0386111111	42.5941666667,11.9380555556	42.6433333333,11.8958333333	42.5166666667,11.3872222222	42.5936111111,11.3461111111	42.6541666667,11.6166666667	42.6861111111,11.7472222222	42.8127777778,11.6583333333	43.4022222222,11.2097222222
285	305	1504299600	1504303079	9	42.6433333333,11.8958333333	42.5941666667,11.9380555556	42.5583333333,12.0386111111	42.5605555556,12.0802777778	42.2472222222,12.2505555556	42.2477777778,12.1205555556	42.2369444444,12.0697222222	42.6333333333,11.9	42.6433333333,11.8958333333
285	305	1504299600	1504303079	12	43.9041666667,11.4608333333	43.6944444444,11.5111111111	43.7166666667,11.1666666667	43.6641666667,10.7988888889	43.7844444444,10.7369444444	43.9016666667,10.7863888889	43.9258333333,10.6627777778	43.9569444444,10.6469444444	44.0969444444,10.9397222222	44.0994444444,10.9455555556	44.0961111111,11.0688888889	43.9041666667,11.4608333333
285	305	1504299600	1504303079	8	43.2583333333,12.3186111111	43.2169444444,12.3913888889	43.0516666667,12.6777777778	42.7375,12.5808333333	42.8086111111,12.2097222222	43.0527777778,12.1072222222	43.1555555556,12.1088888889	43.2583333333,12.3186111111
285	305	1504299600	1504303079	5	44.325,10.985	44.3880555556,11.1288888889	44.3216666667,11.2	44.25,11.0547222222	44.325,10.985
285	305	1504299600	1504303079	4	42.8155555556,11.2291666667	42.6541666667,11.6166666667	42.5936111111,11.3461111111	42.8155555556,11.2291666667
285	305	1504299600	1504303079	6	42.5166666667,11.3872222222	42.6433333333,11.8958333333	42.6333333333,11.9	42.2369444444,12.0697222222	42.2472222222,11.5322222222	42.5166666667,11.3872222222
285	305	1504299600	1504303079	7	42.6902777778,12.5241666667	42.3502777778,12.9136111111	42.2488888889,12.5988888889	42.2472222222,12.2505555556	42.5605555556,12.0802777778	42.5627777778,12.1263888889	42.6902777778,12.5241666667
285	305	1504299600	1504303079	5	43.9569444444,10.6469444444	44.0983333333,10.5733333333	44.1611111111,10.7022222222	44.0969444444,10.9397222222	43.9569444444,10.6469444444
285	305	1504299600	1504303079	5	42.9786111111,13.1377777778	43.0425,13.2122222222	43.0155555556,13.2619444444	42.9472222222,13.1922222222	42.9786111111,13.1377777778
285	305	1504299600	1504303079	6	43.8583333333,11.6916666667	43.8302777778,11.7197222222	43.7761111111,11.8247222222	43.7380555556,11.8861111111	43.6241666667,11.7644444444	43.8583333333,11.6916666667
285	305	1504299600	1504303079	8	43.3436111111,10.9641666667	43.4475,11.0688888889	43.4022222222,11.2097222222	42.8127777778,11.6583333333	42.6861111111,11.7472222222	42.6541666667,11.6166666667	42.8155555556,11.2291666667	43.3436111111,10.9641666667
285	305	1504299600	1504303079	8	43.5783333333,12.2055555556	43.5091666667,12.3375	43.4277777778,12.4941666667	43.2583333333,12.3186111111	43.33,12.1933333333	43.3733333333,12.1161111111	43.4436111111,11.9902777778	43.5783333333,12.2055555556
285	305	1504299600	1504303079	10	44.0994444444,10.9455555556	44.0969444444,10.9397222222	44.1611111111,10.7022222222	44.0983333333,10.5733333333	44.1152777778,10.5930555556	44.1708333333,10.6327777778	44.2047222222,10.71	44.2483333333,10.8088888889	44.2544444444,10.8230555556	44.0994444444,10.9455555556
285	305	1504299600	1504303079	4	43.9258333333,10.6627777778	43.9016666667,10.7863888889	43.8544444444,10.6997222222	43.9258333333,10.6627777778
285	305	1504299600	1504303079	21	43.7380555556,11.8861111111	43.5783333333,12.2055555556	43.4436111111,11.9902777778	43.3733333333,12.1161111111	43.33,12.1933333333	43.2583333333,12.3186111111	43.1555555556,12.1088888889	43.0527777778,12.1072222222	42.8086111111,12.2097222222	42.7375,12.5808333333	43.0516666667,12.6777777778	42.9058333333,13.0472222222	42.8775,13.1191666667	42.6033333333,13.365	42.3502777778,12.9136111111	42.6902777778,12.5241666667	42.5627777778,12.1263888889	42.5605555556,12.0802777778	42.6183333333,12.0486111111	43.6241666667,11.7644444444	43.7380555556,11.8861111111
335	365	1504299600	1504303079	9	43.2072222222,12.9063888889	43.0425,13.2122222222	42.9786111111,13.1377777778	42.9472222222,13.1922222222	42.8775,13.1191666667	42.9058333333,13.0472222222	43.0516666667,12.6777777778	43.2741666667,12.7827777778	43.2072222222,12.9063888889
335	365	1504299600	1504303079	7	43.4277777778,12.4941666667	43.3427777778,12.6519444444	43.2741666667,12.7827777778	43.0516666667,12.6777777778	43.2169444444,12.3913888889	43.2583333333,12.3186111111	43.4277777778,12.4941666667
335	365	1504299600	1504303079	9	43.6944444444,11.5111111111	43.6,11.5333333333	43.4155555556,11.3958333333	43.4022222222,11.2097222222	43.4475,11.0688888889	43.3436111111,10.9641666667	43.6641666667,10.7988888889	43.7166666667,11.1666666667	43.6944444444,11.5111111111
335	365	1504299600	1504303079	14	44.0258333333,11.5125	44.0525,11.3594444444	44.0833333333,11.1833333333	44.0961111111,11.0688888889	44.0994444444,10.9455555556	44.2544444444,10.8230555556	44.2841666667,10.8911111111	44.2855555556,10.8938888889	44.325,10.985	44.25,11.0547222222	44.3216666667,11.2	44.305,11.2180555556	44.2469444444,11.28	44.0258333333,11.5125
335	365	1504299600	1504303079	4	43.9016666667,10.7863888889	43.7844444444,10.7369444444	43.8544444444,10.6997222222	43.9016666667,10.7863888889
335	365	1504299600	1504303079	14	44.0961111111,11.0688888889	44.0833333333,11.1833333333	44.0525,11.3594444444	44.0258333333,11.5125	44.0022222222,11.5391666667	43.9216666667,11.6241666667	43.8583333333,11.6916666667	43.6241666667,11.7644444444	43.4194444444,11.4505555556	43.4155555556,11.3958333333	43.6,11.5333333333	43.6944444444,11.5111111111	43.9041666667,11.4608333333	44.0961111111,11.0688888889
335	365	1504299600	1504303079	15	43.4022222222,11.2097222222	43.4155555556,11.3958333333	43.4194444444,11.4505555556	43.6241666667,11.7644444444	42.6183333333,12.0486111111	42.5605555556,12.0802777778	42.5583333333,12.0386111111	42.5941666667,11.9380555556	42.6433333333,11.8958333333	42.5166666667,11.3872222222	42.5936111111,11.3461111111	42.6541666667,11.6166666667	42.6861111111,11.7472222222	42.8127777778,11.6583333333	43.4022222222,11.2097222222
335	365	1504299600	1504303079	9	42.6433333333,11.8958333333	42.5941666667,11.9380555556	42.5583333333,12.0386111111	42.5605555556,12.0802777778	42.2472222222,12.2505555556	42.2477777778,12.1205555556	42.2369444444,12.0697222222	42.6333333333,11.9	42.6433333333,11.8958333333
335	365	1504299600	1504303079	12	43.9041666667,11.4608333333	43.6944444444,11.5111111111	43.7166666667,11.1666666667	43.6641666667,10.7988888889	43.7844444444,10.7369444444	43.9016666667,10.7863888889	43.9258333333,10.6627777778	43.9569444444,10.6469444444	44.0969444444,10.9397222222	44.0994444444,10.9455555556	44.0961111111,11.0688888889	43.9041666667,11.4608333333
335	365	1504299600	1504303079	8	43.2583333333,12.3186111111	43.2169444444,12.3913888889	43.0516666667,12.6777777778	42.7375,12.5808333333	42.8086111111,12.2097222222	43.0527777778,12.1072222222	43.1555555556,12.1088888889	43.2583333333,12.3186111111
335	365	1504299600	1504303079	5	44.325,10.985	44.3880555556,11.1288888889	44.3216666667,11.2	44.25,11.0547222222	44.325,10.985
335	365	1504299600	1504303079	4	42.8155555556,11.2291666667	42.6541666667,11.6166666667	42.5936111111,11.3461111111	42.8155555556,11.2291666667
335	365	1504299600	1504303079	6	42.5166666667,11.3872222222	42.6433333333,11.8958333333	42.6333333333,11.9	42.2369444444,12.0697222222	42.2472222222,11.5322222222	42.5166666667,11.3872222222
335	365	1504299600	1504303079	7	42.6902777778,12.5241666667	42.3502777778,12.9136111111	42.2488888889,12.5988888889	42.2472222222,12.2505555556	42.5605555556,12.0802777778	42.5627777778,12.1263888889	42.6902777778,12.5241666667
335	365	1504299600	1504303079	5	43.9569444444,10.6469444444	44.0983333333,10.5733333333	44.1611111111,10.7022222222	44.0969444444,10.9397222222	43.9569444444,10.6469444444
335	365	1504299600	1504303079	5	42.9786111111,13.1377777778	43.0425,13.2122222222	43.0155555556,13.2619444444	42.9472222222,13.1922222222	42.9786111111,13.1377777778
335	365	1504299600	1504303079	6	43.8583333333,11.6916666667	43.8302777778,11.7197222222	43.7761111111,11.8247222222	43.7380555556,11.8861111111	43.6241666667,11.7644444444	43.8583333333,11.6916666667
335	365	1504299600	1504303079	8	43.3436111111,10.9641666667	43.4475,11.0688888889	43.4022222222,11.2097222222	42.8127777778,11.6583333333	42.6861111111,11.7472222222	42.6541666667,11.6166666667	42.8155555556,11.2291666667	43.3436111111,10.9641666667
335	365	1504299600	1504303079	8	43.5783333333,12.2055555556	43.5091666667,12.3375	43.4277777778,12.4941666667	43.2583333333,12.3186111111	43.33,12.1933333333	43.3733333333,12.1161111111	43.4436111111,11.9902777778	43.5783333333,12.2055555556
335	365	1504299600	1504303079	10	44.0994444444,10.9455555556	44.0969444444,10.9397222222	44.1611111111,10.7022222222	44.0983333333,10.5733333333	44.1152777778,10.5930555556	44.1708333333,10.6327777778	44.2047222222,10.71	44.2483333333,10.8088888889	44.2544444444,10.8230555556	44.0994444444,10.9455555556
335	365	1504299600	1504303079	4	43.9258333333,10.6627777778	43.9016666667,10.7863888889	43.8544444444,10.6997222222	43.9258333333,10.6627777778
335	365	1504299600	1504303079	21	43.7380555556,11.8861111111	43.5783333333,12.2055555556	43.4436111111,11.9902777778	43.3733333333,12.1161111111	43.33,12.1933333333	43.2583333333,12.3186111111	43.1555555556,12.1088888889	43.0527777778,12.1072222222	42.8086111111,12.2097222222	42.7375,12.5808333333	43.0516666667,12.6777777778	42.9058333333,13.0472222222	42.8775,13.1191666667	42.6033333333,13.365	42.3502777778,12.9136111111	42.6902777778,12.5241666667	42.5627777778,12.1263888889	42.5605555556,12.0802777778	42.6183333333,12.0486111111	43.6241666667,11.7644444444	43.7380555556,11.8861111111
215	285	1504299600	1504303079	4	43.9016666667,10.7863888889	43.7844444444,10.7369444444	43.8544444444,10.6997222222	43.9016666667,10.7863888889
215	285	1504299600	1504303079	4	43.9258333333,10.6627777778	43.9016666667,10.7863888889	43.8544444444,10.6997222222	43.9258333333,10.6627777778
245	285	1504299600	1504303079	6	42.5166666667,11.3872222222	42.6433333333,11.8958333333	42.6333333333,11.9	42.2369444444,12.0697222222	42.2472222222,11.5322222222	42.5166666667,11.3872222222
365	999	1504299600	1504303079	9	43.2072222222,12.9063888889	43.0425,13.2122222222	42.9786111111,13.1377777778	42.9472222222,13.1922222222	42.8775,13.1191666667	42.9058333333,13.0472222222	43.0516666667,12.6777777778	43.2741666667,12.7827777778	43.2072222222,12.9063888889
365	999	1504299600	1504303079	7	43.4277777778,12.4941666667	43.3427777778,12.6519444444	43.2741666667,12.7827777778	43.0516666667,12.6777777778	43.2169444444,12.3913888889	43.2583333333,12.3186111111	43.4277777778,12.4941666667
365	999	1504299600	1504303079	9	43.6944444444,11.5111111111	43.6,11.5333333333	43.4155555556,11.3958333333	43.4022222222,11.2097222222	43.4475,11.0688888889	43.3436111111,10.9641666667	43.6641666667,10.7988888889	43.7166666667,11.1666666667	43.6944444444,11.5111111111
365	999	1504299600	1504303079	14	44.0258333333,11.5125	44.0525,11.3594444444	44.0833333333,11.1833333333	44.0961111111,11.0688888889	44.0994444444,10.9455555556	44.2544444444,10.8230555556	44.2841666667,10.8911111111	44.2855555556,10.8938888889	44.325,10.985	44.25,11.0547222222	44.3216666667,11.2	44.305,11.2180555556	44.2469444444,11.28	44.0258333333,11.5125
365	999	1504299600	1504303079	4	43.9016666667,10.7863888889	43.7844444444,10.7369444444	43.8544444444,10.6997222222	43.9016666667,10.7863888889
365	999	1504299600	1504303079	14	44.0961111111,11.0688888889	44.0833333333,11.1833333333	44.0525,11.3594444444	44.0258333333,11.5125	44.0022222222,11.5391666667	43.9216666667,11.6241666667	43.8583333333,11.6916666667	43.6241666667,11.7644444444	43.4194444444,11.4505555556	43.4155555556,11.3958333333	43.6,11.5333333333	43.6944444444,11.5111111111	43.9041666667,11.4608333333	44.0961111111,11.0688888889
365	999	1504299600	1504303079	15	43.4022222222,11.2097222222	43.4155555556,11.3958333333	43.4194444444,11.4505555556	43.6241666667,11.7644444444	42.6183333333,12.0486111111	42.5605555556,12.0802777778	42.5583333333,12.0386111111	42.5941666667,11.9380555556	42.6433333333,11.8958333333	42.5166666667,11.3872222222	42.5936111111,11.3461111111	42.6541666667,11.6166666667	42.6861111111,11.7472222222	42.8127777778,11.6583333333	43.4022222222,11.2097222222
365	999	1504299600	1504303079	9	42.6433333333,11.8958333333	42.5941666667,11.9380555556	42.5583333333,12.0386111111	42.5605555556,12.0802777778	42.2472222222,12.2505555556	42.2477777778,12.1205555556	42.2369444444,12.0697222222	42.6333333333,11.9	42.6433333333,11.8958333333
365	999	1504299600	1504303079	12	43.9041666667,11.4608333333	43.6944444444,11.5111111111	43.7166666667,11.1666666667	43.6641666667,10.7988888889	43.7844444444,10.7369444444	43.9016666667,10.7863888889	43.9258333333,10.6627777778	43.9569444444,10.6469444444	44.0969444444,10.9397222222	44.0994444444,10.9455555556	44.0961111111,11.0688888889	43.9041666667,11.4608333333
365	999	1504299600	1504303079	8	43.2583333333,12.3186111111	43.2169444444,12.3913888889	43.0516666667,12.6777777778	42.7375,12.5808333333	42.8086111111,12.2097222222	43.0527777778,12.1072222222	43.1555555556,12.1088888889	43.2583333333,12.3186111111
365	999	1504299600	1504303079	5	44.325,10.985	44.3880555556,11.1288888889	44.3216666667,11.2	44.25,11.0547222222	44.325,10.985
365	999	1504299600	1504303079	4	42.8155555556,11.2291666667	42.6541666667,11.6166666667	42.5936111111,11.3461111111	42.8155555556,11.2291666667
365	999	1504299600	1504303079	6	42.5166666667,11.3872222222	42.6433333333,11.8958333333	42.6333333333,11.9	42.2369444444,12.0697222222	42.2472222222,11.5322222222	42.5166666667,11.3872222222
365	999	1504299600	1504303079	7	42.6902777778,12.5241666667	42.3502777778,12.9136111111	42.2488888889,12.5988888889	42.2472222222,12.2505555556	42.5605555556,12.0802777778	42.5627777778,12.1263888889	42.6902777778,12.5241666667
365	999	1504299600	1504303079	5	43.9569444444,10.6469444444	44.0983333333,10.5733333333	44.1611111111,10.7022222222	44.0969444444,10.9397222222	43.9569444444,10.6469444444
365	999	1504299600	1504303079	5	42.9786111111,13.1377777778	43.0425,13.2122222222	43.0155555556,13.2619444444	42.9472222222,13.1922222222	42.9786111111,13.1377777778
365	999	1504299600	1504303079	6	43.8583333333,11.6916666667	43.8302777778,11.7197222222	43.7761111111,11.8247222222	43.7380555556,11.8861111111	43.6241666667,11.7644444444	43.8583333333,11.6916666667
365	999	1504299600	1504303079	8	43.3436111111,10.9641666667	43.4475,11.0688888889	43.4022222222,11.2097222222	42.8127777778,11.6583333333	42.6861111111,11.7472222222	42.6541666667,11.6166666667	42.8155555556,11.2291666667	43.3436111111,10.9641666667
365	999	1504299600	1504303079	8	43.5783333333,12.2055555556	43.5091666667,12.3375	43.4277777778,12.4941666667	43.2583333333,12.3186111111	43.33,12.1933333333	43.3733333333,12.1161111111	43.4436111111,11.9902777778	43.5783333333,12.2055555556
365	999	1504299600	1504303079	10	44.0994444444,10.9455555556	44.0969444444,10.9397222222	44.1611111111,10.7022222222	44.0983333333,10.5733333333	44.1152777778,10.5930555556	44.1708333333,10.6327777778	44.2047222222,10.71	44.2483333333,10.8088888889	44.2544444444,10.8230555556	44.0994444444,10.9455555556
365	999	1504299600	1504303079	4	43.9258333333,10.6627777778	43.9016666667,10.7863888889	43.8544444444,10.6997222222	43.9258333333,10.6627777778
365	999	1504299600	1504303079	21	43.7380555556,11.8861111111	43.5783333333,12.2055555556	43.4436111111,11.9902777778	43.3733333333,12.1161111111	43.33,12.1933333333	43.2583333333,12.3186111111	43.1555555556,12.1088888889	43.0527777778,12.1072222222	42.8086111111,12.2097222222	42.7375,12.5808333333	43.0516666667,12.6777777778	42.9058333333,13.0472222222	42.8775,13.1191666667	42.6033333333,13.365	42.3502777778,12.9136111111	42.6902777778,12.5241666667	42.5627777778,12.1263888889	42.5605555556,12.0802777778	42.6183333333,12.0486111111	43.6241666667,11.7644444444	43.7380555556,11.8861111111
195	285	1504299600	1504303079	12	43.9041666667,11.4608333333	43.6944444444,11.5111111111	43.7166666667,11.1666666667	43.6641666667,10.7988888889	43.7844444444,10.7369444444	43.9016666667,10.7863888889	43.9258333333,10.6627777778	43.9569444444,10.6469444444	44.0969444444,10.9397222222	44.0994444444,10.9455555556	44.0961111111,11.0688888889	43.9041666667,11.4608333333
195	285	1504299600	1504303079	8	43.2583333333,12.3186111111	43.2169444444,12.3913888889	43.0516666667,12.6777777778	42.7375,12.5808333333	42.8086111111,12.2097222222	43.0527777778,12.1072222222	43.1555555556,12.1088888889	43.2583333333,12.3186111111
195	285	1504299600	1504303079	7	43.4277777778,12.4941666667	43.3427777778,12.6519444444	43.2741666667,12.7827777778	43.0516666667,12.6777777778	43.2169444444,12.3913888889	43.2583333333,12.3186111111	43.4277777778,12.4941666667
195	285	1504299600	1504303079	15	43.4022222222,11.2097222222	43.4155555556,11.3958333333	43.4194444444,11.4505555556	43.6241666667,11.7644444444	42.6183333333,12.0486111111	42.5605555556,12.0802777778	42.5583333333,12.0386111111	42.5941666667,11.9380555556	42.6433333333,11.8958333333	42.5166666667,11.3872222222	42.5936111111,11.3461111111	42.6541666667,11.6166666667	42.6861111111,11.7472222222	42.8127777778,11.6583333333	43.4022222222,11.2097222222
195	285	1504299600	1504303079	6	43.8583333333,11.6916666667	43.8302777778,11.7197222222	43.7761111111,11.8247222222	43.7380555556,11.8861111111	43.6241666667,11.7644444444	43.8583333333,11.6916666667
195	285	1504299600	1504303079	9	43.6944444444,11.5111111111	43.6,11.5333333333	43.4155555556,11.3958333333	43.4022222222,11.2097222222	43.4475,11.0688888889	43.3436111111,10.9641666667	43.6641666667,10.7988888889	43.7166666667,11.1666666667	43.6944444444,11.5111111111
195	285	1504299600	1504303079	14	44.0258333333,11.5125	44.0525,11.3594444444	44.0833333333,11.1833333333	44.0961111111,11.0688888889	44.0994444444,10.9455555556	44.2544444444,10.8230555556	44.2841666667,10.8911111111	44.2855555556,10.8938888889	44.325,10.985	44.25,11.0547222222	44.3216666667,11.2	44.305,11.2180555556	44.2469444444,11.28	44.0258333333,11.5125
195	285	1504299600	1504303079	14	44.0961111111,11.0688888889	44.0833333333,11.1833333333	44.0525,11.3594444444	44.0258333333,11.5125	44.0022222222,11.5391666667	43.9216666667,11.6241666667	43.8583333333,11.6916666667	43.6241666667,11.7644444444	43.4194444444,11.4505555556	43.4155555556,11.3958333333	43.6,11.5333333333	43.6944444444,11.5111111111	43.9041666667,11.4608333333	44.0961111111,11.0688888889
195	285	1504299600	1504303079	7	42.6902777778,12.5241666667	42.3502777778,12.9136111111	42.2488888889,12.5988888889	42.2472222222,12.2505555556	42.5605555556,12.0802777778	42.5627777778,12.1263888889	42.6902777778,12.5241666667
195	285	1504299600	1504303079	8	43.5783333333,12.2055555556	43.5091666667,12.3375	43.4277777778,12.4941666667	43.2583333333,12.3186111111	43.33,12.1933333333	43.3733333333,12.1161111111	43.4436111111,11.9902777778	43.5783333333,12.2055555556
195	285	1504299600	1504303079	5	44.325,10.985	44.3880555556,11.1288888889	44.3216666667,11.2	44.25,11.0547222222	44.325,10.985
195	285	1504299600	1504303079	5	43.9569444444,10.6469444444	44.0983333333,10.5733333333	44.1611111111,10.7022222222	44.0969444444,10.9397222222	43.9569444444,10.6469444444
195	285	1504299600	1504303079	10	44.0994444444,10.9455555556	44.0969444444,10.9397222222	44.1611111111,10.7022222222	44.0983333333,10.5733333333	44.1152777778,10.5930555556	44.1708333333,10.6327777778	44.2047222222,10.71	44.2483333333,10.8088888889	44.2544444444,10.8230555556	44.0994444444,10.9455555556
195	285	1504299600	1504303079	4	42.8155555556,11.2291666667	42.6541666667,11.6166666667	42.5936111111,11.3461111111	42.8155555556,11.2291666667
195	285	1504299600	1504303079	9	42.6433333333,11.8958333333	42.5941666667,11.9380555556	42.5583333333,12.0386111111	42.5605555556,12.0802777778	42.2472222222,12.2505555556	42.2477777778,12.1205555556	42.2369444444,12.0697222222	42.6333333333,11.9	42.6433333333,11.8958333333
195	285	1504299600	1504303079	5	42.9786111111,13.1377777778	43.0425,13.2122222222	43.0155555556,13.2619444444	42.9472222222,13.1922222222	42.9786111111,13.1377777778
195	285	1504299600	1504303079	21	43.7380555556,11.8861111111	43.5783333333,12.2055555556	43.4436111111,11.9902777778	43.3733333333,12.1161111111	43.33,12.1933333333	43.2583333333,12.3186111111	43.1555555556,12.1088888889	43.0527777778,12.1072222222	42.8086111111,12.2097222222	42.7375,12.5808333333	43.0516666667,12.6777777778	42.9058333333,13.0472222222	42.8775,13.1191666667	42.6033333333,13.365	42.3502777778,12.9136111111	42.6902777778,12.5241666667	42.5627777778,12.1263888889	42.5605555556,12.0802777778	42.6183333333,12.0486111111	43.6241666667,11.7644444444	43.7380555556,11.8861111111
195	285	1504299600	1504303079	8	43.3436111111,10.9641666667	43.4475,11.0688888889	43.4022222222,11.2097222222	42.8127777778,11.6583333333	42.6861111111,11.7472222222	42.6541666667,11.6166666667	42.8155555556,11.2291666667	43.3436111111,10.9641666667
195	285	1504299600	1504303079	9	43.2072222222,12.9063888889	43.0425,13.2122222222	42.9786111111,13.1377777778	42.9472222222,13.1922222222	42.8775,13.1191666667	42.9058333333,13.0472222222	43.0516666667,12.6777777778	43.2741666667,12.7827777778	43.2072222222,12.9063888889
305	335	1504299600	1504303079	9	43.2072222222,12.9063888889	43.0425,13.2122222222	42.9786111111,13.1377777778	42.9472222222,13.1922222222	42.8775,13.1191666667	42.9058333333,13.0472222222	43.0516666667,12.6777777778	43.2741666667,12.7827777778	43.2072222222,12.9063888889
305	335	1504299600	1504303079	7	43.4277777778,12.4941666667	43.3427777778,12.6519444444	43.2741666667,12.7827777778	43.0516666667,12.6777777778	43.2169444444,12.3913888889	43.2583333333,12.3186111111	43.4277777778,12.4941666667
305	335	1504299600	1504303079	9	43.6944444444,11.5111111111	43.6,11.5333333333	43.4155555556,11.3958333333	43.4022222222,11.2097222222	43.4475,11.0688888889	43.3436111111,10.9641666667	43.6641666667,10.7988888889	43.7166666667,11.1666666667	43.6944444444,11.5111111111
305	335	1504299600	1504303079	14	44.0258333333,11.5125	44.0525,11.3594444444	44.0833333333,11.1833333333	44.0961111111,11.0688888889	44.0994444444,10.9455555556	44.2544444444,10.8230555556	44.2841666667,10.8911111111	44.2855555556,10.8938888889	44.325,10.985	44.25,11.0547222222	44.3216666667,11.2	44.305,11.2180555556	44.2469444444,11.28	44.0258333333,11.5125
305	335	1504299600	1504303079	4	43.9016666667,10.7863888889	43.7844444444,10.7369444444	43.8544444444,10.6997222222	43.9016666667,10.7863888889
305	335	1504299600	1504303079	14	44.0961111111,11.0688888889	44.0833333333,11.1833333333	44.0525,11.3594444444	44.0258333333,11.5125	44.0022222222,11.5391666667	43.9216666667,11.6241666667	43.8583333333,11.6916666667	43.6241666667,11.7644444444	43.4194444444,11.4505555556	43.4155555556,11.3958333333	43.6,11.5333333333	43.6944444444,11.5111111111	43.9041666667,11.4608333333	44.0961111111,11.0688888889
305	335	1504299600	1504303079	15	43.4022222222,11.2097222222	43.4155555556,11.3958333333	43.4194444444,11.4505555556	43.6241666667,11.7644444444	42.6183333333,12.0486111111	42.5605555556,12.0802777778	42.5583333333,12.0386111111	42.5941666667,11.9380555556	42.6433333333,11.8958333333	42.5166666667,11.3872222222	42.5936111111,11.3461111111	42.6541666667,11.6166666667	42.6861111111,11.7472222222	42.8127777778,11.6583333333	43.4022222222,11.2097222222
305	335	1504299600	1504303079	9	42.6433333333,11.8958333333	42.5941666667,11.9380555556	42.5583333333,12.0386111111	42.5605555556,12.0802777778	42.2472222222,12.2505555556	42.2477777778,12.1205555556	42.2369444444,12.0697222222	42.6333333333,11.9	42.6433333333,11.8958333333
305	335	1504299600	1504303079	12	43.9041666667,11.4608333333	43.6944444444,11.5111111111	43.7166666667,11.1666666667	43.6641666667,10.7988888889	43.7844444444,10.7369444444	43.9016666667,10.7863888889	43.9258333333,10.6627777778	43.9569444444,10.6469444444	44.0969444444,10.9397222222	44.0994444444,10.9455555556	44.0961111111,11.0688888889	43.9041666667,11.4608333333
305	335	1504299600	1504303079	8	43.2583333333,12.3186111111	43.2169444444,12.3913888889	43.0516666667,12.6777777778	42.7375,12.5808333333	42.8086111111,12.2097222222	43.0527777778,12.1072222222	43.1555555556,12.1088888889	43.2583333333,12.3186111111
305	335	1504299600	1504303079	5	44.325,10.985	44.3880555556,11.1288888889	44.3216666667,11.2	44.25,11.0547222222	44.325,10.985
305	335	1504299600	1504303079	4	42.8155555556,11.2291666667	42.6541666667,11.6166666667	42.5936111111,11.3461111111	42.8155555556,11.2291666667
305	335	1504299600	1504303079	6	42.5166666667,11.3872222222	42.6433333333,11.8958333333	42.6333333333,11.9	42.2369444444,12.0697222222	42.2472222222,11.5322222222	42.5166666667,11.3872222222
305	335	1504299600	1504303079	7	42.6902777778,12.5241666667	42.3502777778,12.9136111111	42.2488888889,12.5988888889	42.2472222222,12.2505555556	42.5605555556,12.0802777778	42.5627777778,12.1263888889	42.6902777778,12.5241666667
305	335	1504299600	1504303079	5	43.9569444444,10.6469444444	44.0983333333,10.5733333333	44.1611111111,10.7022222222	44.0969444444,10.9397222222	43.9569444444,10.6469444444
305	335	1504299600	1504303079	5	42.9786111111,13.1377777778	43.0425,13.2122222222	43.0155555556,13.2619444444	42.9472222222,13.1922222222	42.9786111111,13.1377777778
305	335	1504299600	1504303079	6	43.8583333333,11.6916666667	43.8302777778,11.7197222222	43.7761111111,11.8247222222	43.7380555556,11.8861111111	43.6241666667,11.7644444444	43.8583333333,11.6916666667
305	335	1504299600	1504303079	8	43.3436111111,10.9641666667	43.4475,11.0688888889	43.4022222222,11.2097222222	42.8127777778,11.6583333333	42.6861111111,11.7472222222	42.6541666667,11.6166666667	42.8155555556,11.2291666667	43.3436111111,10.9641666667
305	335	1504299600	1504303079	8	43.5783333333,12.2055555556	43.5091666667,12.3375	43.4277777778,12.4941666667	43.2583333333,12.3186111111	43.33,12.1933333333	43.3733333333,12.1161111111	43.4436111111,11.9902777778	43.5783333333,12.2055555556
305	335	1504299600	1504303079	10	44.0994444444,10.9455555556	44.0969444444,10.9397222222	44.1611111111,10.7022222222	44.0983333333,10.5733333333	44.1152777778,10.5930555556	44.1708333333,10.6327777778	44.2047222222,10.71	44.2483333333,10.8088888889	44.2544444444,10.8230555556	44.0994444444,10.9455555556
305	335	1504299600	1504303079	4	43.9258333333,10.6627777778	43.9016666667,10.7863888889	43.8544444444,10.6997222222	43.9258333333,10.6627777778
305	335	1504299600	1504303079	21	43.7380555556,11.8861111111	43.5783333333,12.2055555556	43.4436111111,11.9902777778	43.3733333333,12.1161111111	43.33,12.1933333333	43.2583333333,12.3186111111	43.1555555556,12.1088888889	43.0527777778,12.1072222222	42.8086111111,12.2097222222	42.7375,12.5808333333	43.0516666667,12.6777777778	42.9058333333,13.0472222222	42.8775,13.1191666667	42.6033333333,13.365	42.3502777778,12.9136111111	42.6902777778,12.5241666667	42.5627777778,12.1263888889	42.5605555556,12.0802777778	42.6183333333,12.0486111111	43.6241666667,11.7644444444	43.7380555556,11.8861111111
