12
355	375	1504299600	1504306799	61	47.8,9.55	47.8333333333,9.55	47.8833333333,9.55	47.89,9.55	47.9569444444,9.55	47.9733333333,9.55	48.0352777778,9.55	48.1666666667,9.55	48.2941666667,9.55	48.3625,9.55	48.3933333333,9.55	48.4419444444,9.55	48.4666666667,9.55	48.5125,9.55	48.5277777778,9.55	48.5944444444,9.6033333333	48.5308333333,9.7458333333	48.4169444444,9.9944444444	47.9016666667,11.1141666667	47.6030555556,11.2127777778	47.5344444444,11.5061111111	47.4308333333,11.94	47.3477777778,11.9238888889	47.3002777778,11.9144444444	47.0161111111,11.8575	47.0027777778,11.855	47.0169444444,11.7508333333	47.0172222222,11.6902777778	47.0183333333,11.5263888889	46.9875,11.4488888889	46.98,11.3766666667	46.9791666667,11.3563888889	46.975,11.2533333333	46.9438888889,11.2105555556	46.8608333333,11.0652777778	46.8136111111,11.0622222222	46.7702777778,11.0158333333	46.7697222222,10.9727777778	46.7672222222,10.8763888889	46.7783333333,10.8083333333	46.7955555556,10.79	46.7913888889,10.7455555556	46.7938888889,10.7327777778	46.7980555556,10.7266666667	46.8308333333,10.7572222222	46.85,10.6963888889	46.8755555556,10.6675	46.8405555556,10.5494444444	46.8513888889,10.5469444444	46.8472222222,10.5055555556	46.8666666667,10.4666666667	46.9488888889,10.4888888889	47.0008333333,10.3894444444	47.0875,10.1925	47.1102777778,10.1413888889	47.1775,10.0763888889	47.2766666667,9.9825	47.3366666667,9.9247222222	47.3394444444,9.9219444444	47.5338888889,9.7336111111	47.8,9.55
355	375	1504299600	1504306799	27	48.4525,11.9455555556	48.2663888889,12.6972222222	48.2475,12.6761111111	48.1952777778,12.695	48.1472222222,12.7125	48.0525,12.5125	48.0519444444,12.5072222222	48.0472222222,12.4575	47.9436111111,12.6302777778	47.8405555556,12.7413888889	47.8222222222,12.7608333333	47.7722222222,12.8147222222	47.6997222222,12.5825	47.6775,12.5119444444	47.6713888889,12.4636111111	47.6416666667,12.2322222222	47.6372222222,12.2005555556	47.6327777778,12.1647222222	47.6191666667,12.0613888889	47.5377777778,12.0088888889	47.4308333333,11.94	47.5344444444,11.5061111111	47.6030555556,11.2127777778	47.9016666667,11.1141666667	48.1463888889,11.4194444444	48.2997222222,11.6113888889	48.4525,11.9455555556
355	375	1504299600	1504306799	7	48.0241666667,12.7713888889	47.8405555556,12.7413888889	47.9436111111,12.6302777778	48.0472222222,12.4575	48.0519444444,12.5072222222	48.0525,12.5125	48.0241666667,12.7713888889
355	375	1504299600	1504306799	9	48.2663888889,12.6972222222	48.2652777778,12.8827777778	48.1644444444,12.8344444444	48.0241666667,12.7713888889	48.0525,12.5125	48.1472222222,12.7125	48.1952777778,12.695	48.2475,12.6761111111	48.2663888889,12.6972222222
345	355	1504299600	1504306799	7	48.0241666667,12.7713888889	47.8405555556,12.7413888889	47.9436111111,12.6302777778	48.0472222222,12.4575	48.0519444444,12.5072222222	48.0525,12.5125	48.0241666667,12.7713888889
345	355	1504299600	1504306799	9	48.2663888889,12.6972222222	48.2652777778,12.8827777778	48.1644444444,12.8344444444	48.0241666667,12.7713888889	48.0525,12.5125	48.1472222222,12.7125	48.1952777778,12.695	48.2475,12.6761111111	48.2663888889,12.6972222222
375	999	1504299600	1504306799	61	47.8,9.55	47.8333333333,9.55	47.8833333333,9.55	47.89,9.55	47.9569444444,9.55	47.9733333333,9.55	48.0352777778,9.55	48.1666666667,9.55	48.2941666667,9.55	48.3625,9.55	48.3933333333,9.55	48.4419444444,9.55	48.4666666667,9.55	48.5125,9.55	48.5277777778,9.55	48.5944444444,9.6033333333	48.5308333333,9.7458333333	48.4169444444,9.9944444444	47.9016666667,11.1141666667	47.6030555556,11.2127777778	47.5344444444,11.5061111111	47.4308333333,11.94	47.3477777778,11.9238888889	47.3002777778,11.9144444444	47.0161111111,11.8575	47.0027777778,11.855	47.0169444444,11.7508333333	47.0172222222,11.6902777778	47.0183333333,11.5263888889	46.9875,11.4488888889	46.98,11.3766666667	46.9791666667,11.3563888889	46.975,11.2533333333	46.9438888889,11.2105555556	46.8608333333,11.0652777778	46.8136111111,11.0622222222	46.7702777778,11.0158333333	46.7697222222,10.9727777778	46.7672222222,10.8763888889	46.7783333333,10.8083333333	46.7955555556,10.79	46.7913888889,10.7455555556	46.7938888889,10.7327777778	46.7980555556,10.7266666667	46.8308333333,10.7572222222	46.85,10.6963888889	46.8755555556,10.6675	46.8405555556,10.5494444444	46.8513888889,10.5469444444	46.8472222222,10.5055555556	46.8666666667,10.4666666667	46.9488888889,10.4888888889	47.0008333333,10.3894444444	47.0875,10.1925	47.1102777778,10.1413888889	47.1775,10.0763888889	47.2766666667,9.9825	47.3366666667,9.9247222222	47.3394444444,9.9219444444	47.5338888889,9.7336111111	47.8,9.55
375	999	1504299600	1504306799	27	48.4525,11.9455555556	48.2663888889,12.6972222222	48.2475,12.6761111111	48.1952777778,12.695	48.1472222222,12.7125	48.0525,12.5125	48.0519444444,12.5072222222	48.0472222222,12.4575	47.9436111111,12.6302777778	47.8405555556,12.7413888889	47.8222222222,12.7608333333	47.7722222222,12.8147222222	47.6997222222,12.5825	47.6775,12.5119444444	47.6713888889,12.4636111111	47.6416666667,12.2322222222	47.6372222222,12.2005555556	47.6327777778,12.1647222222	47.6191666667,12.0613888889	47.5377777778,12.0088888889	47.4308333333,11.94	47.5344444444,11.5061111111	47.6030555556,11.2127777778	47.9016666667,11.1141666667	48.1463888889,11.4194444444	48.2997222222,11.6113888889	48.4525,11.9455555556
375	999	1504299600	1504306799	7	48.0241666667,12.7713888889	47.8405555556,12.7413888889	47.9436111111,12.6302777778	48.0472222222,12.4575	48.0519444444,12.5072222222	48.0525,12.5125	48.0241666667,12.7713888889
375	999	1504299600	1504306799	9	48.2663888889,12.6972222222	48.2652777778,12.8827777778	48.1644444444,12.8344444444	48.0241666667,12.7713888889	48.0525,12.5125	48.1472222222,12.7125	48.1952777778,12.695	48.2475,12.6761111111	48.2663888889,12.6972222222
315	355	1504299600	1504306799	61	47.8,9.55	47.8333333333,9.55	47.8833333333,9.55	47.89,9.55	47.9569444444,9.55	47.9733333333,9.55	48.0352777778,9.55	48.1666666667,9.55	48.2941666667,9.55	48.3625,9.55	48.3933333333,9.55	48.4419444444,9.55	48.4666666667,9.55	48.5125,9.55	48.5277777778,9.55	48.5944444444,9.6033333333	48.5308333333,9.7458333333	48.4169444444,9.9944444444	47.9016666667,11.1141666667	47.6030555556,11.2127777778	47.5344444444,11.5061111111	47.4308333333,11.94	47.3477777778,11.9238888889	47.3002777778,11.9144444444	47.0161111111,11.8575	47.0027777778,11.855	47.0169444444,11.7508333333	47.0172222222,11.6902777778	47.0183333333,11.5263888889	46.9875,11.4488888889	46.98,11.3766666667	46.9791666667,11.3563888889	46.975,11.2533333333	46.9438888889,11.2105555556	46.8608333333,11.0652777778	46.8136111111,11.0622222222	46.7702777778,11.0158333333	46.7697222222,10.9727777778	46.7672222222,10.8763888889	46.7783333333,10.8083333333	46.7955555556,10.79	46.7913888889,10.7455555556	46.7938888889,10.7327777778	46.7980555556,10.7266666667	46.8308333333,10.7572222222	46.85,10.6963888889	46.8755555556,10.6675	46.8405555556,10.5494444444	46.8513888889,10.5469444444	46.8472222222,10.5055555556	46.8666666667,10.4666666667	46.9488888889,10.4888888889	47.0008333333,10.3894444444	47.0875,10.1925	47.1102777778,10.1413888889	47.1775,10.0763888889	47.2766666667,9.9825	47.3366666667,9.9247222222	47.3394444444,9.9219444444	47.5338888889,9.7336111111	47.8,9.55
315	355	1504299600	1504306799	27	48.4525,11.9455555556	48.2663888889,12.6972222222	48.2475,12.6761111111	48.1952777778,12.695	48.1472222222,12.7125	48.0525,12.5125	48.0519444444,12.5072222222	48.0472222222,12.4575	47.9436111111,12.6302777778	47.8405555556,12.7413888889	47.8222222222,12.7608333333	47.7722222222,12.8147222222	47.6997222222,12.5825	47.6775,12.5119444444	47.6713888889,12.4636111111	47.6416666667,12.2322222222	47.6372222222,12.2005555556	47.6327777778,12.1647222222	47.6191666667,12.0613888889	47.5377777778,12.0088888889	47.4308333333,11.94	47.5344444444,11.5061111111	47.6030555556,11.2127777778	47.9016666667,11.1141666667	48.1463888889,11.4194444444	48.2997222222,11.6113888889	48.4525,11.9455555556
