80
285	305	1504303200	1504304099	29	42.4525,11.1019444444	42.175,11.4458333333	41.8736111111,10.845	41.7333333333,10.5694444444	41.7333333333,9.75	41.75,9.75	41.7905555556,9.75	41.9333333333,9.75	42.3258333333,9.75	42.4116666667,9.75	42.5008333333,9.75	42.6213888889,9.75	42.8227777778,9.75	42.9538888889,9.75	43.1666666667,9.75	43.4041666667,10.0625	43.0375,10.3527777778	43.13,10.35	43.195,10.4752777778	43.3838888889,10.5644444444	43.3377777778,10.5913888889	43.0236111111,10.7713888889	42.8833333333,10.7069444444	42.8522222222,10.6925	42.8047222222,10.6708333333	42.74,10.7594444444	42.6277777778,10.9130555556	42.5308333333,11.0561111111	42.4525,11.1019444444
285	305	1504303200	1504304099	8	42.88,10.8572222222	42.8691666667,11.1755555556	42.8277777778,11.2027777778	42.8155555556,11.2291666667	42.5936111111,11.3461111111	42.5394444444,11.1033333333	42.5308333333,11.0561111111	42.88,10.8572222222
285	305	1504303200	1504304099	6	43.3436111111,10.9641666667	43.2544444444,10.9219444444	43.3377777778,10.5913888889	43.3838888889,10.5644444444	43.4177777778,10.5783333333	43.3436111111,10.9641666667
285	305	1504303200	1504304099	10	43.6766666667,10.3916666667	43.7633333333,10.5405555556	43.8386111111,10.6725	43.8544444444,10.6997222222	43.7844444444,10.7369444444	43.7469444444,10.7216666667	43.6397222222,10.6744444444	43.4177777778,10.5783333333	43.3838888889,10.5644444444	43.6766666667,10.3916666667
285	305	1504303200	1504304099	5	43.3377777778,10.5913888889	43.2544444444,10.9219444444	43.2111111111,10.8608333333	43.0236111111,10.7713888889	43.3377777778,10.5913888889
285	305	1504303200	1504304099	8	42.8522222222,10.6925	42.8833333333,10.7069444444	43.0236111111,10.7713888889	42.88,10.8572222222	42.5308333333,11.0561111111	42.6277777778,10.9130555556	42.74,10.7594444444	42.8522222222,10.6925
285	305	1504303200	1504304099	4	42.8522222222,10.6925	42.74,10.7594444444	42.8047222222,10.6708333333	42.8522222222,10.6925
285	305	1504303200	1504304099	10	43.9333333333,10.6213888889	43.9258333333,10.6627777778	43.8544444444,10.6997222222	43.8386111111,10.6725	43.7633333333,10.5405555556	43.6766666667,10.3916666667	43.7,10.1583333333	43.7394444444,10.1919444444	43.8352777778,10.2833333333	43.9333333333,10.6213888889
285	305	1504303200	1504304099	9	42.8277777778,11.2027777778	42.8691666667,11.1755555556	42.88,10.8572222222	43.0236111111,10.7713888889	43.2111111111,10.8608333333	43.2544444444,10.9219444444	43.3436111111,10.9641666667	42.8155555556,11.2291666667	42.8277777778,11.2027777778
285	305	1504303200	1504304099	6	42.5166666667,11.3872222222	42.2472222222,11.5322222222	42.175,11.4458333333	42.4525,11.1019444444	42.4619444444,11.1358333333	42.5166666667,11.3872222222
285	305	1504303200	1504304099	7	44.0736111111,10.5438888889	44.0983333333,10.5733333333	43.9569444444,10.6469444444	43.9594444444,10.6075	43.9713888889,10.4241666667	43.9833333333,10.4377777778	44.0736111111,10.5438888889
285	305	1504303200	1504304099	10	43.195,10.4752777778	43.13,10.35	43.0375,10.3527777778	43.4041666667,10.0625	43.5883333333,9.9366666667	43.6205555556,10.0788888889	43.7,10.1583333333	43.6766666667,10.3916666667	43.3838888889,10.5644444444	43.195,10.4752777778
285	305	1504303200	1504304099	9	43.9713888889,10.4241666667	43.9594444444,10.6075	43.9569444444,10.6469444444	43.9258333333,10.6627777778	43.9333333333,10.6213888889	43.8352777778,10.2833333333	43.8872222222,10.3333333333	43.9258333333,10.3702777778	43.9713888889,10.4241666667
285	305	1504303200	1504304099	7	42.5308333333,11.0561111111	42.5394444444,11.1033333333	42.5936111111,11.3461111111	42.5166666667,11.3872222222	42.4619444444,11.1358333333	42.4525,11.1019444444	42.5308333333,11.0561111111
285	305	1504303200	1504304099	9	43.5883333333,9.9366666667	43.4041666667,10.0625	43.1666666667,9.75	43.475,9.385	43.5047222222,9.53	43.5241666667,9.6258333333	43.5294444444,9.6625	43.5530555556,9.7683333333	43.5883333333,9.9366666667
285	305	1504303200	1504304099	7	43.7469444444,10.7216666667	43.7844444444,10.7369444444	43.6641666667,10.7988888889	43.3436111111,10.9641666667	43.4177777778,10.5783333333	43.6397222222,10.6744444444	43.7469444444,10.7216666667
335	365	1504303200	1504304099	29	42.4525,11.1019444444	42.175,11.4458333333	41.8736111111,10.845	41.7333333333,10.5694444444	41.7333333333,9.75	41.75,9.75	41.7905555556,9.75	41.9333333333,9.75	42.3258333333,9.75	42.4116666667,9.75	42.5008333333,9.75	42.6213888889,9.75	42.8227777778,9.75	42.9538888889,9.75	43.1666666667,9.75	43.4041666667,10.0625	43.0375,10.3527777778	43.13,10.35	43.195,10.4752777778	43.3838888889,10.5644444444	43.3377777778,10.5913888889	43.0236111111,10.7713888889	42.8833333333,10.7069444444	42.8522222222,10.6925	42.8047222222,10.6708333333	42.74,10.7594444444	42.6277777778,10.9130555556	42.5308333333,11.0561111111	42.4525,11.1019444444
335	365	1504303200	1504304099	6	43.3436111111,10.9641666667	43.2544444444,10.9219444444	43.3377777778,10.5913888889	43.3838888889,10.5644444444	43.4177777778,10.5783333333	43.3436111111,10.9641666667
335	365	1504303200	1504304099	7	43.7469444444,10.7216666667	43.7844444444,10.7369444444	43.6641666667,10.7988888889	43.3436111111,10.9641666667	43.4177777778,10.5783333333	43.6397222222,10.6744444444	43.7469444444,10.7216666667
335	365	1504303200	1504304099	5	43.3377777778,10.5913888889	43.2544444444,10.9219444444	43.2111111111,10.8608333333	43.0236111111,10.7713888889	43.3377777778,10.5913888889
335	365	1504303200	1504304099	8	42.8522222222,10.6925	42.8833333333,10.7069444444	43.0236111111,10.7713888889	42.88,10.8572222222	42.5308333333,11.0561111111	42.6277777778,10.9130555556	42.74,10.7594444444	42.8522222222,10.6925
335	365	1504303200	1504304099	4	42.8522222222,10.6925	42.74,10.7594444444	42.8047222222,10.6708333333	42.8522222222,10.6925
335	365	1504303200	1504304099	6	42.5166666667,11.3872222222	42.2472222222,11.5322222222	42.175,11.4458333333	42.4525,11.1019444444	42.4619444444,11.1358333333	42.5166666667,11.3872222222
335	365	1504303200	1504304099	10	43.9333333333,10.6213888889	43.9258333333,10.6627777778	43.8544444444,10.6997222222	43.8386111111,10.6725	43.7633333333,10.5405555556	43.6766666667,10.3916666667	43.7,10.1583333333	43.7394444444,10.1919444444	43.8352777778,10.2833333333	43.9333333333,10.6213888889
335	365	1504303200	1504304099	8	42.88,10.8572222222	42.8691666667,11.1755555556	42.8277777778,11.2027777778	42.8155555556,11.2291666667	42.5936111111,11.3461111111	42.5394444444,11.1033333333	42.5308333333,11.0561111111	42.88,10.8572222222
335	365	1504303200	1504304099	7	44.0736111111,10.5438888889	44.0983333333,10.5733333333	43.9569444444,10.6469444444	43.9594444444,10.6075	43.9713888889,10.4241666667	43.9833333333,10.4377777778	44.0736111111,10.5438888889
335	365	1504303200	1504304099	9	42.8277777778,11.2027777778	42.8691666667,11.1755555556	42.88,10.8572222222	43.0236111111,10.7713888889	43.2111111111,10.8608333333	43.2544444444,10.9219444444	43.3436111111,10.9641666667	42.8155555556,11.2291666667	42.8277777778,11.2027777778
335	365	1504303200	1504304099	7	42.5308333333,11.0561111111	42.5394444444,11.1033333333	42.5936111111,11.3461111111	42.5166666667,11.3872222222	42.4619444444,11.1358333333	42.4525,11.1019444444	42.5308333333,11.0561111111
335	365	1504303200	1504304099	9	43.9713888889,10.4241666667	43.9594444444,10.6075	43.9569444444,10.6469444444	43.9258333333,10.6627777778	43.9333333333,10.6213888889	43.8352777778,10.2833333333	43.8872222222,10.3333333333	43.9258333333,10.3702777778	43.9713888889,10.4241666667
335	365	1504303200	1504304099	10	43.195,10.4752777778	43.13,10.35	43.0375,10.3527777778	43.4041666667,10.0625	43.5883333333,9.9366666667	43.6205555556,10.0788888889	43.7,10.1583333333	43.6766666667,10.3916666667	43.3838888889,10.5644444444	43.195,10.4752777778
335	365	1504303200	1504304099	9	43.5883333333,9.9366666667	43.4041666667,10.0625	43.1666666667,9.75	43.475,9.385	43.5047222222,9.53	43.5241666667,9.6258333333	43.5294444444,9.6625	43.5530555556,9.7683333333	43.5883333333,9.9366666667
335	365	1504303200	1504304099	10	43.6766666667,10.3916666667	43.7633333333,10.5405555556	43.8386111111,10.6725	43.8544444444,10.6997222222	43.7844444444,10.7369444444	43.7469444444,10.7216666667	43.6397222222,10.6744444444	43.4177777778,10.5783333333	43.3838888889,10.5644444444	43.6766666667,10.3916666667
215	285	1504303200	1504304099	10	43.195,10.4752777778	43.13,10.35	43.0375,10.3527777778	43.4041666667,10.0625	43.5883333333,9.9366666667	43.6205555556,10.0788888889	43.7,10.1583333333	43.6766666667,10.3916666667	43.3838888889,10.5644444444	43.195,10.4752777778
215	285	1504303200	1504304099	9	43.9713888889,10.4241666667	43.9594444444,10.6075	43.9569444444,10.6469444444	43.9258333333,10.6627777778	43.9333333333,10.6213888889	43.8352777778,10.2833333333	43.8872222222,10.3333333333	43.9258333333,10.3702777778	43.9713888889,10.4241666667
215	285	1504303200	1504304099	10	43.9333333333,10.6213888889	43.9258333333,10.6627777778	43.8544444444,10.6997222222	43.8386111111,10.6725	43.7633333333,10.5405555556	43.6766666667,10.3916666667	43.7,10.1583333333	43.7394444444,10.1919444444	43.8352777778,10.2833333333	43.9333333333,10.6213888889
215	285	1504303200	1504304099	10	43.6766666667,10.3916666667	43.7633333333,10.5405555556	43.8386111111,10.6725	43.8544444444,10.6997222222	43.7844444444,10.7369444444	43.7469444444,10.7216666667	43.6397222222,10.6744444444	43.4177777778,10.5783333333	43.3838888889,10.5644444444	43.6766666667,10.3916666667
245	285	1504303200	1504304099	6	42.5166666667,11.3872222222	42.2472222222,11.5322222222	42.175,11.4458333333	42.4525,11.1019444444	42.4619444444,11.1358333333	42.5166666667,11.3872222222
365	999	1504303200	1504304099	29	42.4525,11.1019444444	42.175,11.4458333333	41.8736111111,10.845	41.7333333333,10.5694444444	41.7333333333,9.75	41.75,9.75	41.7905555556,9.75	41.9333333333,9.75	42.3258333333,9.75	42.4116666667,9.75	42.5008333333,9.75	42.6213888889,9.75	42.8227777778,9.75	42.9538888889,9.75	43.1666666667,9.75	43.4041666667,10.0625	43.0375,10.3527777778	43.13,10.35	43.195,10.4752777778	43.3838888889,10.5644444444	43.3377777778,10.5913888889	43.0236111111,10.7713888889	42.8833333333,10.7069444444	42.8522222222,10.6925	42.8047222222,10.6708333333	42.74,10.7594444444	42.6277777778,10.9130555556	42.5308333333,11.0561111111	42.4525,11.1019444444
365	999	1504303200	1504304099	8	42.88,10.8572222222	42.8691666667,11.1755555556	42.8277777778,11.2027777778	42.8155555556,11.2291666667	42.5936111111,11.3461111111	42.5394444444,11.1033333333	42.5308333333,11.0561111111	42.88,10.8572222222
365	999	1504303200	1504304099	6	43.3436111111,10.9641666667	43.2544444444,10.9219444444	43.3377777778,10.5913888889	43.3838888889,10.5644444444	43.4177777778,10.5783333333	43.3436111111,10.9641666667
365	999	1504303200	1504304099	10	43.6766666667,10.3916666667	43.7633333333,10.5405555556	43.8386111111,10.6725	43.8544444444,10.6997222222	43.7844444444,10.7369444444	43.7469444444,10.7216666667	43.6397222222,10.6744444444	43.4177777778,10.5783333333	43.3838888889,10.5644444444	43.6766666667,10.3916666667
365	999	1504303200	1504304099	5	43.3377777778,10.5913888889	43.2544444444,10.9219444444	43.2111111111,10.8608333333	43.0236111111,10.7713888889	43.3377777778,10.5913888889
365	999	1504303200	1504304099	8	42.8522222222,10.6925	42.8833333333,10.7069444444	43.0236111111,10.7713888889	42.88,10.8572222222	42.5308333333,11.0561111111	42.6277777778,10.9130555556	42.74,10.7594444444	42.8522222222,10.6925
365	999	1504303200	1504304099	4	42.8522222222,10.6925	42.74,10.7594444444	42.8047222222,10.6708333333	42.8522222222,10.6925
365	999	1504303200	1504304099	10	43.9333333333,10.6213888889	43.9258333333,10.6627777778	43.8544444444,10.6997222222	43.8386111111,10.6725	43.7633333333,10.5405555556	43.6766666667,10.3916666667	43.7,10.1583333333	43.7394444444,10.1919444444	43.8352777778,10.2833333333	43.9333333333,10.6213888889
365	999	1504303200	1504304099	9	42.8277777778,11.2027777778	42.8691666667,11.1755555556	42.88,10.8572222222	43.0236111111,10.7713888889	43.2111111111,10.8608333333	43.2544444444,10.9219444444	43.3436111111,10.9641666667	42.8155555556,11.2291666667	42.8277777778,11.2027777778
365	999	1504303200	1504304099	6	42.5166666667,11.3872222222	42.2472222222,11.5322222222	42.175,11.4458333333	42.4525,11.1019444444	42.4619444444,11.1358333333	42.5166666667,11.3872222222
365	999	1504303200	1504304099	7	44.0736111111,10.5438888889	44.0983333333,10.5733333333	43.9569444444,10.6469444444	43.9594444444,10.6075	43.9713888889,10.4241666667	43.9833333333,10.4377777778	44.0736111111,10.5438888889
365	999	1504303200	1504304099	10	43.195,10.4752777778	43.13,10.35	43.0375,10.3527777778	43.4041666667,10.0625	43.5883333333,9.9366666667	43.6205555556,10.0788888889	43.7,10.1583333333	43.6766666667,10.3916666667	43.3838888889,10.5644444444	43.195,10.4752777778
365	999	1504303200	1504304099	9	43.9713888889,10.4241666667	43.9594444444,10.6075	43.9569444444,10.6469444444	43.9258333333,10.6627777778	43.9333333333,10.6213888889	43.8352777778,10.2833333333	43.8872222222,10.3333333333	43.9258333333,10.3702777778	43.9713888889,10.4241666667
365	999	1504303200	1504304099	7	42.5308333333,11.0561111111	42.5394444444,11.1033333333	42.5936111111,11.3461111111	42.5166666667,11.3872222222	42.4619444444,11.1358333333	42.4525,11.1019444444	42.5308333333,11.0561111111
365	999	1504303200	1504304099	9	43.5883333333,9.9366666667	43.4041666667,10.0625	43.1666666667,9.75	43.475,9.385	43.5047222222,9.53	43.5241666667,9.6258333333	43.5294444444,9.6625	43.5530555556,9.7683333333	43.5883333333,9.9366666667
365	999	1504303200	1504304099	7	43.7469444444,10.7216666667	43.7844444444,10.7369444444	43.6641666667,10.7988888889	43.3436111111,10.9641666667	43.4177777778,10.5783333333	43.6397222222,10.6744444444	43.7469444444,10.7216666667
195	285	1504303200	1504304099	29	42.4525,11.1019444444	42.175,11.4458333333	41.8736111111,10.845	41.7333333333,10.5694444444	41.7333333333,9.75	41.75,9.75	41.7905555556,9.75	41.9333333333,9.75	42.3258333333,9.75	42.4116666667,9.75	42.5008333333,9.75	42.6213888889,9.75	42.8227777778,9.75	42.9538888889,9.75	43.1666666667,9.75	43.4041666667,10.0625	43.0375,10.3527777778	43.13,10.35	43.195,10.4752777778	43.3838888889,10.5644444444	43.3377777778,10.5913888889	43.0236111111,10.7713888889	42.8833333333,10.7069444444	42.8522222222,10.6925	42.8047222222,10.6708333333	42.74,10.7594444444	42.6277777778,10.9130555556	42.5308333333,11.0561111111	42.4525,11.1019444444
195	285	1504303200	1504304099	6	43.3436111111,10.9641666667	43.2544444444,10.9219444444	43.3377777778,10.5913888889	43.3838888889,10.5644444444	43.4177777778,10.5783333333	43.3436111111,10.9641666667
195	285	1504303200	1504304099	7	43.7469444444,10.7216666667	43.7844444444,10.7369444444	43.6641666667,10.7988888889	43.3436111111,10.9641666667	43.4177777778,10.5783333333	43.6397222222,10.6744444444	43.7469444444,10.7216666667
195	285	1504303200	1504304099	5	43.3377777778,10.5913888889	43.2544444444,10.9219444444	43.2111111111,10.8608333333	43.0236111111,10.7713888889	43.3377777778,10.5913888889
195	285	1504303200	1504304099	8	42.8522222222,10.6925	42.8833333333,10.7069444444	43.0236111111,10.7713888889	42.88,10.8572222222	42.5308333333,11.0561111111	42.6277777778,10.9130555556	42.74,10.7594444444	42.8522222222,10.6925
195	285	1504303200	1504304099	4	42.8522222222,10.6925	42.74,10.7594444444	42.8047222222,10.6708333333	42.8522222222,10.6925
195	285	1504303200	1504304099	9	42.8277777778,11.2027777778	42.8691666667,11.1755555556	42.88,10.8572222222	43.0236111111,10.7713888889	43.2111111111,10.8608333333	43.2544444444,10.9219444444	43.3436111111,10.9641666667	42.8155555556,11.2291666667	42.8277777778,11.2027777778
195	285	1504303200	1504304099	8	42.88,10.8572222222	42.8691666667,11.1755555556	42.8277777778,11.2027777778	42.8155555556,11.2291666667	42.5936111111,11.3461111111	42.5394444444,11.1033333333	42.5308333333,11.0561111111	42.88,10.8572222222
195	285	1504303200	1504304099	7	44.0736111111,10.5438888889	44.0983333333,10.5733333333	43.9569444444,10.6469444444	43.9594444444,10.6075	43.9713888889,10.4241666667	43.9833333333,10.4377777778	44.0736111111,10.5438888889
195	285	1504303200	1504304099	7	42.5308333333,11.0561111111	42.5394444444,11.1033333333	42.5936111111,11.3461111111	42.5166666667,11.3872222222	42.4619444444,11.1358333333	42.4525,11.1019444444	42.5308333333,11.0561111111
195	285	1504303200	1504304099	9	43.5883333333,9.9366666667	43.4041666667,10.0625	43.1666666667,9.75	43.475,9.385	43.5047222222,9.53	43.5241666667,9.6258333333	43.5294444444,9.6625	43.5530555556,9.7683333333	43.5883333333,9.9366666667
305	335	1504303200	1504304099	29	42.4525,11.1019444444	42.175,11.4458333333	41.8736111111,10.845	41.7333333333,10.5694444444	41.7333333333,9.75	41.75,9.75	41.7905555556,9.75	41.9333333333,9.75	42.3258333333,9.75	42.4116666667,9.75	42.5008333333,9.75	42.6213888889,9.75	42.8227777778,9.75	42.9538888889,9.75	43.1666666667,9.75	43.4041666667,10.0625	43.0375,10.3527777778	43.13,10.35	43.195,10.4752777778	43.3838888889,10.5644444444	43.3377777778,10.5913888889	43.0236111111,10.7713888889	42.8833333333,10.7069444444	42.8522222222,10.6925	42.8047222222,10.6708333333	42.74,10.7594444444	42.6277777778,10.9130555556	42.5308333333,11.0561111111	42.4525,11.1019444444
305	335	1504303200	1504304099	6	43.3436111111,10.9641666667	43.2544444444,10.9219444444	43.3377777778,10.5913888889	43.3838888889,10.5644444444	43.4177777778,10.5783333333	43.3436111111,10.9641666667
305	335	1504303200	1504304099	7	43.7469444444,10.7216666667	43.7844444444,10.7369444444	43.6641666667,10.7988888889	43.3436111111,10.9641666667	43.4177777778,10.5783333333	43.6397222222,10.6744444444	43.7469444444,10.7216666667
305	335	1504303200	1504304099	5	43.3377777778,10.5913888889	43.2544444444,10.9219444444	43.2111111111,10.8608333333	43.0236111111,10.7713888889	43.3377777778,10.5913888889
305	335	1504303200	1504304099	8	42.8522222222,10.6925	42.8833333333,10.7069444444	43.0236111111,10.7713888889	42.88,10.8572222222	42.5308333333,11.0561111111	42.6277777778,10.9130555556	42.74,10.7594444444	42.8522222222,10.6925
305	335	1504303200	1504304099	4	42.8522222222,10.6925	42.74,10.7594444444	42.8047222222,10.6708333333	42.8522222222,10.6925
305	335	1504303200	1504304099	10	43.9333333333,10.6213888889	43.9258333333,10.6627777778	43.8544444444,10.6997222222	43.8386111111,10.6725	43.7633333333,10.5405555556	43.6766666667,10.3916666667	43.7,10.1583333333	43.7394444444,10.1919444444	43.8352777778,10.2833333333	43.9333333333,10.6213888889
305	335	1504303200	1504304099	9	42.8277777778,11.2027777778	42.8691666667,11.1755555556	42.88,10.8572222222	43.0236111111,10.7713888889	43.2111111111,10.8608333333	43.2544444444,10.9219444444	43.3436111111,10.9641666667	42.8155555556,11.2291666667	42.8277777778,11.2027777778
305	335	1504303200	1504304099	8	42.88,10.8572222222	42.8691666667,11.1755555556	42.8277777778,11.2027777778	42.8155555556,11.2291666667	42.5936111111,11.3461111111	42.5394444444,11.1033333333	42.5308333333,11.0561111111	42.88,10.8572222222
305	335	1504303200	1504304099	7	44.0736111111,10.5438888889	44.0983333333,10.5733333333	43.9569444444,10.6469444444	43.9594444444,10.6075	43.9713888889,10.4241666667	43.9833333333,10.4377777778	44.0736111111,10.5438888889
305	335	1504303200	1504304099	6	42.5166666667,11.3872222222	42.2472222222,11.5322222222	42.175,11.4458333333	42.4525,11.1019444444	42.4619444444,11.1358333333	42.5166666667,11.3872222222
305	335	1504303200	1504304099	10	43.195,10.4752777778	43.13,10.35	43.0375,10.3527777778	43.4041666667,10.0625	43.5883333333,9.9366666667	43.6205555556,10.0788888889	43.7,10.1583333333	43.6766666667,10.3916666667	43.3838888889,10.5644444444	43.195,10.4752777778
305	335	1504303200	1504304099	9	43.9713888889,10.4241666667	43.9594444444,10.6075	43.9569444444,10.6469444444	43.9258333333,10.6627777778	43.9333333333,10.6213888889	43.8352777778,10.2833333333	43.8872222222,10.3333333333	43.9258333333,10.3702777778	43.9713888889,10.4241666667
305	335	1504303200	1504304099	7	42.5308333333,11.0561111111	42.5394444444,11.1033333333	42.5936111111,11.3461111111	42.5166666667,11.3872222222	42.4619444444,11.1358333333	42.4525,11.1019444444	42.5308333333,11.0561111111
305	335	1504303200	1504304099	9	43.5883333333,9.9366666667	43.4041666667,10.0625	43.1666666667,9.75	43.475,9.385	43.5047222222,9.53	43.5241666667,9.6258333333	43.5294444444,9.6625	43.5530555556,9.7683333333	43.5883333333,9.9366666667
305	335	1504303200	1504304099	10	43.6766666667,10.3916666667	43.7633333333,10.5405555556	43.8386111111,10.6725	43.8544444444,10.6997222222	43.7844444444,10.7369444444	43.7469444444,10.7216666667	43.6397222222,10.6744444444	43.4177777778,10.5783333333	43.3838888889,10.5644444444	43.6766666667,10.3916666667
