13
285	305	1504258680	1504259999	12	41.8736111111,10.845	41.7333333333,11.0333333333	41.505,11.3375	40.7958333333,12.265	40.6483333333,12.4541666667	40.4925,12.4338888889	40.3691666667,12.4166666667	40.3691666667,11.2652777778	40.595,11.1511111111	41.3411111111,10.7705555556	41.7333333333,10.5694444444	41.8736111111,10.845
285	305	1504258680	1504259999	8	41.505,11.3375	41.7333333333,11.0333333333	41.8736111111,10.845	42.175,11.4458333333	41.9783333333,11.8427777778	41.8930555556,12.1191666667	41.7391666667,12.1686111111	41.505,11.3375
285	305	1504258680	1504259999	9	41.2244444444,12.5322222222	40.6483333333,12.4541666667	40.7958333333,12.265	41.505,11.3375	41.7391666667,12.1686111111	41.5413888889,12.2666666667	41.5619444444,12.3538888889	41.4863888889,12.3852777778	41.2244444444,12.5322222222
285	305	1504258680	1504259999	9	42.2472222222,11.5322222222	42.2369444444,12.0697222222	41.5619444444,12.3538888889	41.5413888889,12.2666666667	41.7391666667,12.1686111111	41.8930555556,12.1191666667	41.9783333333,11.8427777778	42.175,11.4458333333	42.2472222222,11.5322222222
335	365	1504258680	1504259999	12	41.8736111111,10.845	41.7333333333,11.0333333333	41.505,11.3375	40.7958333333,12.265	40.6483333333,12.4541666667	40.4925,12.4338888889	40.3691666667,12.4166666667	40.3691666667,11.2652777778	40.595,11.1511111111	41.3411111111,10.7705555556	41.7333333333,10.5694444444	41.8736111111,10.845
335	365	1504258680	1504259999	8	41.505,11.3375	41.7333333333,11.0333333333	41.8736111111,10.845	42.175,11.4458333333	41.9783333333,11.8427777778	41.8930555556,12.1191666667	41.7391666667,12.1686111111	41.505,11.3375
335	365	1504258680	1504259999	9	41.2244444444,12.5322222222	40.6483333333,12.4541666667	40.7958333333,12.265	41.505,11.3375	41.7391666667,12.1686111111	41.5413888889,12.2666666667	41.5619444444,12.3538888889	41.4863888889,12.3852777778	41.2244444444,12.5322222222
335	365	1504258680	1504259999	9	42.2472222222,11.5322222222	42.2369444444,12.0697222222	41.5619444444,12.3538888889	41.5413888889,12.2666666667	41.7391666667,12.1686111111	41.8930555556,12.1191666667	41.9783333333,11.8427777778	42.175,11.4458333333	42.2472222222,11.5322222222
195	285	1504258680	1504259999	12	41.8736111111,10.845	41.7333333333,11.0333333333	41.505,11.3375	40.7958333333,12.265	40.6483333333,12.4541666667	40.4925,12.4338888889	40.3691666667,12.4166666667	40.3691666667,11.2652777778	40.595,11.1511111111	41.3411111111,10.7705555556	41.7333333333,10.5694444444	41.8736111111,10.845
305	335	1504258680	1504259999	12	41.8736111111,10.845	41.7333333333,11.0333333333	41.505,11.3375	40.7958333333,12.265	40.6483333333,12.4541666667	40.4925,12.4338888889	40.3691666667,12.4166666667	40.3691666667,11.2652777778	40.595,11.1511111111	41.3411111111,10.7705555556	41.7333333333,10.5694444444	41.8736111111,10.845
305	335	1504258680	1504259999	8	41.505,11.3375	41.7333333333,11.0333333333	41.8736111111,10.845	42.175,11.4458333333	41.9783333333,11.8427777778	41.8930555556,12.1191666667	41.7391666667,12.1686111111	41.505,11.3375
305	335	1504258680	1504259999	9	41.2244444444,12.5322222222	40.6483333333,12.4541666667	40.7958333333,12.265	41.505,11.3375	41.7391666667,12.1686111111	41.5413888889,12.2666666667	41.5619444444,12.3538888889	41.4863888889,12.3852777778	41.2244444444,12.5322222222
305	335	1504258680	1504259999	9	42.2472222222,11.5322222222	42.2369444444,12.0697222222	41.5619444444,12.3538888889	41.5413888889,12.2666666667	41.7391666667,12.1686111111	41.8930555556,12.1191666667	41.9783333333,11.8427777778	42.175,11.4458333333	42.2472222222,11.5322222222
