25
285	305	1504296360	1504299419	22	39.1111111111,13.1855555556	38.95,13.5	38.8666666667,13.575	38.4758333333,13.6233333333	38.1905555556,13.4788888889	38.1333333333,13.45	38.0411111111,13.7633333333	37.8775,13.6680555556	37.7863888889,13.6152777778	37.7166666667,13.575	37.7019444444,13.31	37.69,13.1019444444	37.7177777778,13.0777777778	38.0472222222,12.7883333333	38.4544444444,12.4269444444	38.4719444444,12.4116666667	38.7333333333,12.3583333333	38.8691666667,12.4475	39.0,12.5666666667	39.1111111111,12.8472222222	39.15,13.0	39.1111111111,13.1855555556
285	305	1504296360	1504299419	16	38.5666666667,12.0	38.5666666667,12.2	38.4719444444,12.4116666667	38.4544444444,12.4269444444	38.0472222222,12.7883333333	37.7177777778,13.0777777778	37.69,13.1019444444	37.4333333333,13.0666666667	37.3166666667,12.8333333333	37.3333333333,12.6666666667	37.4333333333,12.5	38.0666666667,11.8333333333	38.1666666667,11.7333333333	38.3333333333,11.7333333333	38.5,11.8333333333	38.5666666667,12.0
285	305	1504296360	1504299419	12	36.8397222222,11.5013888889	36.895,11.5313888889	37.0016666667,11.6494444444	37.0686111111,11.8075	37.0613888889,11.9616666667	37.0566666667,12.015	37.0433333333,12.1236111111	36.9769444444,12.2277777778	36.8147222222,11.9661111111	36.6638888889,11.6033333333	36.7025,11.5419444444	36.8397222222,11.5013888889
285	305	1504296360	1504299419	11	39.4216666667,13.7966666667	37.6236111111,13.9419444444	37.7166666667,13.575	37.7863888889,13.6152777778	37.8775,13.6680555556	38.0411111111,13.7633333333	38.1333333333,13.45	38.1905555556,13.4788888889	38.4758333333,13.6233333333	38.5422222222,13.6575	39.4216666667,13.7966666667
285	305	1504296360	1504299419	54	37.6833333333,11.1	40.3691666667,11.2652777778	40.3691666667,12.4166666667	39.4216666667,13.7966666667	38.5422222222,13.6575	38.4758333333,13.6233333333	38.8666666667,13.575	38.95,13.5	39.1111111111,13.1855555556	39.15,13.0	39.1111111111,12.8472222222	39.0,12.5666666667	38.8691666667,12.4475	38.7333333333,12.3583333333	38.4719444444,12.4116666667	38.5666666667,12.2	38.5666666667,12.0	38.5,11.8333333333	38.3333333333,11.7333333333	38.1666666667,11.7333333333	38.0666666667,11.8333333333	37.4333333333,12.5	37.3333333333,12.6666666667	37.3166666667,12.8333333333	37.4333333333,13.0666666667	37.69,13.1019444444	37.7019444444,13.31	37.7166666667,13.575	37.6236111111,13.9419444444	36.9302777778,14.2008333333	37.0088888889,13.9811111111	37.1236111111,13.6530555556	37.3455555556,13.1908333333	37.3455555556,13.0252777778	37.2763888889,12.8333333333	37.1713888889,12.5497222222	36.9769444444,12.2277777778	37.0433333333,12.1236111111	37.0566666667,12.015	37.0613888889,11.9616666667	37.0686111111,11.8075	37.0016666667,11.6494444444	36.895,11.5313888889	36.8397222222,11.5013888889	36.7025,11.5419444444	36.6638888889,11.6033333333	36.62,11.5	36.8397222222,11.5	37.1891666667,11.5	37.5,11.5	37.5927777778,11.2941666667	37.6416666667,11.2	37.6736111111,11.1138888889	37.6833333333,11.1
335	365	1504296360	1504299419	22	39.1111111111,13.1855555556	38.95,13.5	38.8666666667,13.575	38.4758333333,13.6233333333	38.1905555556,13.4788888889	38.1333333333,13.45	38.0411111111,13.7633333333	37.8775,13.6680555556	37.7863888889,13.6152777778	37.7166666667,13.575	37.7019444444,13.31	37.69,13.1019444444	37.7177777778,13.0777777778	38.0472222222,12.7883333333	38.4544444444,12.4269444444	38.4719444444,12.4116666667	38.7333333333,12.3583333333	38.8691666667,12.4475	39.0,12.5666666667	39.1111111111,12.8472222222	39.15,13.0	39.1111111111,13.1855555556
335	365	1504296360	1504299419	16	38.5666666667,12.0	38.5666666667,12.2	38.4719444444,12.4116666667	38.4544444444,12.4269444444	38.0472222222,12.7883333333	37.7177777778,13.0777777778	37.69,13.1019444444	37.4333333333,13.0666666667	37.3166666667,12.8333333333	37.3333333333,12.6666666667	37.4333333333,12.5	38.0666666667,11.8333333333	38.1666666667,11.7333333333	38.3333333333,11.7333333333	38.5,11.8333333333	38.5666666667,12.0
335	365	1504296360	1504299419	12	36.8397222222,11.5013888889	36.895,11.5313888889	37.0016666667,11.6494444444	37.0686111111,11.8075	37.0613888889,11.9616666667	37.0566666667,12.015	37.0433333333,12.1236111111	36.9769444444,12.2277777778	36.8147222222,11.9661111111	36.6638888889,11.6033333333	36.7025,11.5419444444	36.8397222222,11.5013888889
335	365	1504296360	1504299419	11	39.4216666667,13.7966666667	37.6236111111,13.9419444444	37.7166666667,13.575	37.7863888889,13.6152777778	37.8775,13.6680555556	38.0411111111,13.7633333333	38.1333333333,13.45	38.1905555556,13.4788888889	38.4758333333,13.6233333333	38.5422222222,13.6575	39.4216666667,13.7966666667
335	365	1504296360	1504299419	54	37.6833333333,11.1	40.3691666667,11.2652777778	40.3691666667,12.4166666667	39.4216666667,13.7966666667	38.5422222222,13.6575	38.4758333333,13.6233333333	38.8666666667,13.575	38.95,13.5	39.1111111111,13.1855555556	39.15,13.0	39.1111111111,12.8472222222	39.0,12.5666666667	38.8691666667,12.4475	38.7333333333,12.3583333333	38.4719444444,12.4116666667	38.5666666667,12.2	38.5666666667,12.0	38.5,11.8333333333	38.3333333333,11.7333333333	38.1666666667,11.7333333333	38.0666666667,11.8333333333	37.4333333333,12.5	37.3333333333,12.6666666667	37.3166666667,12.8333333333	37.4333333333,13.0666666667	37.69,13.1019444444	37.7019444444,13.31	37.7166666667,13.575	37.6236111111,13.9419444444	36.9302777778,14.2008333333	37.0088888889,13.9811111111	37.1236111111,13.6530555556	37.3455555556,13.1908333333	37.3455555556,13.0252777778	37.2763888889,12.8333333333	37.1713888889,12.5497222222	36.9769444444,12.2277777778	37.0433333333,12.1236111111	37.0566666667,12.015	37.0613888889,11.9616666667	37.0686111111,11.8075	37.0016666667,11.6494444444	36.895,11.5313888889	36.8397222222,11.5013888889	36.7025,11.5419444444	36.6638888889,11.6033333333	36.62,11.5	36.8397222222,11.5	37.1891666667,11.5	37.5,11.5	37.5927777778,11.2941666667	37.6416666667,11.2	37.6736111111,11.1138888889	37.6833333333,11.1
365	999	1504296360	1504299419	22	39.1111111111,13.1855555556	38.95,13.5	38.8666666667,13.575	38.4758333333,13.6233333333	38.1905555556,13.4788888889	38.1333333333,13.45	38.0411111111,13.7633333333	37.8775,13.6680555556	37.7863888889,13.6152777778	37.7166666667,13.575	37.7019444444,13.31	37.69,13.1019444444	37.7177777778,13.0777777778	38.0472222222,12.7883333333	38.4544444444,12.4269444444	38.4719444444,12.4116666667	38.7333333333,12.3583333333	38.8691666667,12.4475	39.0,12.5666666667	39.1111111111,12.8472222222	39.15,13.0	39.1111111111,13.1855555556
365	999	1504296360	1504299419	16	38.5666666667,12.0	38.5666666667,12.2	38.4719444444,12.4116666667	38.4544444444,12.4269444444	38.0472222222,12.7883333333	37.7177777778,13.0777777778	37.69,13.1019444444	37.4333333333,13.0666666667	37.3166666667,12.8333333333	37.3333333333,12.6666666667	37.4333333333,12.5	38.0666666667,11.8333333333	38.1666666667,11.7333333333	38.3333333333,11.7333333333	38.5,11.8333333333	38.5666666667,12.0
365	999	1504296360	1504299419	12	36.8397222222,11.5013888889	36.895,11.5313888889	37.0016666667,11.6494444444	37.0686111111,11.8075	37.0613888889,11.9616666667	37.0566666667,12.015	37.0433333333,12.1236111111	36.9769444444,12.2277777778	36.8147222222,11.9661111111	36.6638888889,11.6033333333	36.7025,11.5419444444	36.8397222222,11.5013888889
365	999	1504296360	1504299419	11	39.4216666667,13.7966666667	37.6236111111,13.9419444444	37.7166666667,13.575	37.7863888889,13.6152777778	37.8775,13.6680555556	38.0411111111,13.7633333333	38.1333333333,13.45	38.1905555556,13.4788888889	38.4758333333,13.6233333333	38.5422222222,13.6575	39.4216666667,13.7966666667
365	999	1504296360	1504299419	54	37.6833333333,11.1	40.3691666667,11.2652777778	40.3691666667,12.4166666667	39.4216666667,13.7966666667	38.5422222222,13.6575	38.4758333333,13.6233333333	38.8666666667,13.575	38.95,13.5	39.1111111111,13.1855555556	39.15,13.0	39.1111111111,12.8472222222	39.0,12.5666666667	38.8691666667,12.4475	38.7333333333,12.3583333333	38.4719444444,12.4116666667	38.5666666667,12.2	38.5666666667,12.0	38.5,11.8333333333	38.3333333333,11.7333333333	38.1666666667,11.7333333333	38.0666666667,11.8333333333	37.4333333333,12.5	37.3333333333,12.6666666667	37.3166666667,12.8333333333	37.4333333333,13.0666666667	37.69,13.1019444444	37.7019444444,13.31	37.7166666667,13.575	37.6236111111,13.9419444444	36.9302777778,14.2008333333	37.0088888889,13.9811111111	37.1236111111,13.6530555556	37.3455555556,13.1908333333	37.3455555556,13.0252777778	37.2763888889,12.8333333333	37.1713888889,12.5497222222	36.9769444444,12.2277777778	37.0433333333,12.1236111111	37.0566666667,12.015	37.0613888889,11.9616666667	37.0686111111,11.8075	37.0016666667,11.6494444444	36.895,11.5313888889	36.8397222222,11.5013888889	36.7025,11.5419444444	36.6638888889,11.6033333333	36.62,11.5	36.8397222222,11.5	37.1891666667,11.5	37.5,11.5	37.5927777778,11.2941666667	37.6416666667,11.2	37.6736111111,11.1138888889	37.6833333333,11.1
195	285	1504296360	1504299419	22	39.1111111111,13.1855555556	38.95,13.5	38.8666666667,13.575	38.4758333333,13.6233333333	38.1905555556,13.4788888889	38.1333333333,13.45	38.0411111111,13.7633333333	37.8775,13.6680555556	37.7863888889,13.6152777778	37.7166666667,13.575	37.7019444444,13.31	37.69,13.1019444444	37.7177777778,13.0777777778	38.0472222222,12.7883333333	38.4544444444,12.4269444444	38.4719444444,12.4116666667	38.7333333333,12.3583333333	38.8691666667,12.4475	39.0,12.5666666667	39.1111111111,12.8472222222	39.15,13.0	39.1111111111,13.1855555556
195	285	1504296360	1504299419	16	38.5666666667,12.0	38.5666666667,12.2	38.4719444444,12.4116666667	38.4544444444,12.4269444444	38.0472222222,12.7883333333	37.7177777778,13.0777777778	37.69,13.1019444444	37.4333333333,13.0666666667	37.3166666667,12.8333333333	37.3333333333,12.6666666667	37.4333333333,12.5	38.0666666667,11.8333333333	38.1666666667,11.7333333333	38.3333333333,11.7333333333	38.5,11.8333333333	38.5666666667,12.0
195	285	1504296360	1504299419	12	36.8397222222,11.5013888889	36.895,11.5313888889	37.0016666667,11.6494444444	37.0686111111,11.8075	37.0613888889,11.9616666667	37.0566666667,12.015	37.0433333333,12.1236111111	36.9769444444,12.2277777778	36.8147222222,11.9661111111	36.6638888889,11.6033333333	36.7025,11.5419444444	36.8397222222,11.5013888889
195	285	1504296360	1504299419	11	39.4216666667,13.7966666667	37.6236111111,13.9419444444	37.7166666667,13.575	37.7863888889,13.6152777778	37.8775,13.6680555556	38.0411111111,13.7633333333	38.1333333333,13.45	38.1905555556,13.4788888889	38.4758333333,13.6233333333	38.5422222222,13.6575	39.4216666667,13.7966666667
195	285	1504296360	1504299419	54	37.6833333333,11.1	40.3691666667,11.2652777778	40.3691666667,12.4166666667	39.4216666667,13.7966666667	38.5422222222,13.6575	38.4758333333,13.6233333333	38.8666666667,13.575	38.95,13.5	39.1111111111,13.1855555556	39.15,13.0	39.1111111111,12.8472222222	39.0,12.5666666667	38.8691666667,12.4475	38.7333333333,12.3583333333	38.4719444444,12.4116666667	38.5666666667,12.2	38.5666666667,12.0	38.5,11.8333333333	38.3333333333,11.7333333333	38.1666666667,11.7333333333	38.0666666667,11.8333333333	37.4333333333,12.5	37.3333333333,12.6666666667	37.3166666667,12.8333333333	37.4333333333,13.0666666667	37.69,13.1019444444	37.7019444444,13.31	37.7166666667,13.575	37.6236111111,13.9419444444	36.9302777778,14.2008333333	37.0088888889,13.9811111111	37.1236111111,13.6530555556	37.3455555556,13.1908333333	37.3455555556,13.0252777778	37.2763888889,12.8333333333	37.1713888889,12.5497222222	36.9769444444,12.2277777778	37.0433333333,12.1236111111	37.0566666667,12.015	37.0613888889,11.9616666667	37.0686111111,11.8075	37.0016666667,11.6494444444	36.895,11.5313888889	36.8397222222,11.5013888889	36.7025,11.5419444444	36.6638888889,11.6033333333	36.62,11.5	36.8397222222,11.5	37.1891666667,11.5	37.5,11.5	37.5927777778,11.2941666667	37.6416666667,11.2	37.6736111111,11.1138888889	37.6833333333,11.1
305	335	1504296360	1504299419	22	39.1111111111,13.1855555556	38.95,13.5	38.8666666667,13.575	38.4758333333,13.6233333333	38.1905555556,13.4788888889	38.1333333333,13.45	38.0411111111,13.7633333333	37.8775,13.6680555556	37.7863888889,13.6152777778	37.7166666667,13.575	37.7019444444,13.31	37.69,13.1019444444	37.7177777778,13.0777777778	38.0472222222,12.7883333333	38.4544444444,12.4269444444	38.4719444444,12.4116666667	38.7333333333,12.3583333333	38.8691666667,12.4475	39.0,12.5666666667	39.1111111111,12.8472222222	39.15,13.0	39.1111111111,13.1855555556
305	335	1504296360	1504299419	16	38.5666666667,12.0	38.5666666667,12.2	38.4719444444,12.4116666667	38.4544444444,12.4269444444	38.0472222222,12.7883333333	37.7177777778,13.0777777778	37.69,13.1019444444	37.4333333333,13.0666666667	37.3166666667,12.8333333333	37.3333333333,12.6666666667	37.4333333333,12.5	38.0666666667,11.8333333333	38.1666666667,11.7333333333	38.3333333333,11.7333333333	38.5,11.8333333333	38.5666666667,12.0
305	335	1504296360	1504299419	12	36.8397222222,11.5013888889	36.895,11.5313888889	37.0016666667,11.6494444444	37.0686111111,11.8075	37.0613888889,11.9616666667	37.0566666667,12.015	37.0433333333,12.1236111111	36.9769444444,12.2277777778	36.8147222222,11.9661111111	36.6638888889,11.6033333333	36.7025,11.5419444444	36.8397222222,11.5013888889
305	335	1504296360	1504299419	11	39.4216666667,13.7966666667	37.6236111111,13.9419444444	37.7166666667,13.575	37.7863888889,13.6152777778	37.8775,13.6680555556	38.0411111111,13.7633333333	38.1333333333,13.45	38.1905555556,13.4788888889	38.4758333333,13.6233333333	38.5422222222,13.6575	39.4216666667,13.7966666667
305	335	1504296360	1504299419	54	37.6833333333,11.1	40.3691666667,11.2652777778	40.3691666667,12.4166666667	39.4216666667,13.7966666667	38.5422222222,13.6575	38.4758333333,13.6233333333	38.8666666667,13.575	38.95,13.5	39.1111111111,13.1855555556	39.15,13.0	39.1111111111,12.8472222222	39.0,12.5666666667	38.8691666667,12.4475	38.7333333333,12.3583333333	38.4719444444,12.4116666667	38.5666666667,12.2	38.5666666667,12.0	38.5,11.8333333333	38.3333333333,11.7333333333	38.1666666667,11.7333333333	38.0666666667,11.8333333333	37.4333333333,12.5	37.3333333333,12.6666666667	37.3166666667,12.8333333333	37.4333333333,13.0666666667	37.69,13.1019444444	37.7019444444,13.31	37.7166666667,13.575	37.6236111111,13.9419444444	36.9302777778,14.2008333333	37.0088888889,13.9811111111	37.1236111111,13.6530555556	37.3455555556,13.1908333333	37.3455555556,13.0252777778	37.2763888889,12.8333333333	37.1713888889,12.5497222222	36.9769444444,12.2277777778	37.0433333333,12.1236111111	37.0566666667,12.015	37.0613888889,11.9616666667	37.0686111111,11.8075	37.0016666667,11.6494444444	36.895,11.5313888889	36.8397222222,11.5013888889	36.7025,11.5419444444	36.6638888889,11.6033333333	36.62,11.5	36.8397222222,11.5	37.1891666667,11.5	37.5,11.5	37.5927777778,11.2941666667	37.6416666667,11.2	37.6736111111,11.1138888889	37.6833333333,11.1
