22
285	305	1504292400	1504296359	5	40.9013888889,14.9358333333	40.6736111111,14.7430555556	40.6722222222,14.6188888889	40.9202777778,14.5663888889	40.9013888889,14.9358333333
285	305	1504292400	1504296359	23	40.8816666667,15.305	40.6905555556,15.4172222222	40.6044444444,15.4691666667	40.3444444444,15.6186111111	40.2716666667,15.6616666667	39.4216666667,13.7966666667	40.3691666667,12.4166666667	40.4925,12.4338888889	40.6483333333,12.4541666667	41.2244444444,12.5322222222	41.2980555556,12.9	41.25,12.9	41.2,12.9	41.0402777778,13.1194444444	40.9722222222,13.0916666667	40.8377777778,13.0694444444	40.6502777778,13.2158333333	40.1955555556,13.9594444444	40.0666666667,14.5	40.1666666667,14.8833333333	40.6686111111,15.2652777778	40.8916666667,15.1252777778	40.8816666667,15.305
285	305	1504292400	1504296359	5	41.0552777778,13.9786111111	41.0088888889,14.1286111111	40.9625,14.0277777778	41.0472222222,13.9816666667	41.0552777778,13.9786111111
285	305	1504292400	1504296359	4	41.3736111111,12.8991666667	41.3333333333,13.0833333333	41.2980555556,12.9	41.3736111111,12.8991666667
285	305	1504292400	1504296359	5	41.3736111111,12.8991666667	41.2980555556,12.9	41.2244444444,12.5322222222	41.4863888889,12.3852777778	41.3736111111,12.8991666667
285	305	1504292400	1504296359	6	40.9013888889,14.9358333333	40.8916666667,15.1252777778	40.6686111111,15.2652777778	40.6769444444,15.1222222222	40.6736111111,14.7430555556	40.9013888889,14.9358333333
285	305	1504292400	1504296359	18	40.6686111111,15.2652777778	40.1666666667,14.8833333333	40.0666666667,14.5	40.1955555556,13.9594444444	40.6502777778,13.2158333333	40.8377777778,13.0694444444	40.9722222222,13.0916666667	40.8716666667,13.5091666667	40.825,13.7	40.8736111111,13.8166666667	40.9625,14.0277777778	41.0088888889,14.1286111111	40.9283333333,14.3833333333	40.9202777778,14.5663888889	40.6722222222,14.6188888889	40.6736111111,14.7430555556	40.6769444444,15.1222222222	40.6686111111,15.2652777778
285	305	1504292400	1504296359	7	41.3333333333,13.0833333333	41.2861111111,13.2305555556	41.0402777778,13.1194444444	41.2,12.9	41.25,12.9	41.2980555556,12.9	41.3333333333,13.0833333333
195	285	1504292400	1504296359	5	40.9013888889,14.9358333333	40.6736111111,14.7430555556	40.6722222222,14.6188888889	40.9202777778,14.5663888889	40.9013888889,14.9358333333
195	285	1504292400	1504296359	23	40.8816666667,15.305	40.6905555556,15.4172222222	40.6044444444,15.4691666667	40.3444444444,15.6186111111	40.2716666667,15.6616666667	39.4216666667,13.7966666667	40.3691666667,12.4166666667	40.4925,12.4338888889	40.6483333333,12.4541666667	41.2244444444,12.5322222222	41.2980555556,12.9	41.25,12.9	41.2,12.9	41.0402777778,13.1194444444	40.9722222222,13.0916666667	40.8377777778,13.0694444444	40.6502777778,13.2158333333	40.1955555556,13.9594444444	40.0666666667,14.5	40.1666666667,14.8833333333	40.6686111111,15.2652777778	40.8916666667,15.1252777778	40.8816666667,15.305
195	285	1504292400	1504296359	5	41.0552777778,13.9786111111	41.0088888889,14.1286111111	40.9625,14.0277777778	41.0472222222,13.9816666667	41.0552777778,13.9786111111
195	285	1504292400	1504296359	6	40.9013888889,14.9358333333	40.8916666667,15.1252777778	40.6686111111,15.2652777778	40.6769444444,15.1222222222	40.6736111111,14.7430555556	40.9013888889,14.9358333333
195	285	1504292400	1504296359	18	40.6686111111,15.2652777778	40.1666666667,14.8833333333	40.0666666667,14.5	40.1955555556,13.9594444444	40.6502777778,13.2158333333	40.8377777778,13.0694444444	40.9722222222,13.0916666667	40.8716666667,13.5091666667	40.825,13.7	40.8736111111,13.8166666667	40.9625,14.0277777778	41.0088888889,14.1286111111	40.9283333333,14.3833333333	40.9202777778,14.5663888889	40.6722222222,14.6188888889	40.6736111111,14.7430555556	40.6769444444,15.1222222222	40.6686111111,15.2652777778
195	285	1504292400	1504296359	7	41.3333333333,13.0833333333	41.2861111111,13.2305555556	41.0402777778,13.1194444444	41.2,12.9	41.25,12.9	41.2980555556,12.9	41.3333333333,13.0833333333
305	335	1504292400	1504296359	5	40.9013888889,14.9358333333	40.6736111111,14.7430555556	40.6722222222,14.6188888889	40.9202777778,14.5663888889	40.9013888889,14.9358333333
305	335	1504292400	1504296359	23	40.8816666667,15.305	40.6905555556,15.4172222222	40.6044444444,15.4691666667	40.3444444444,15.6186111111	40.2716666667,15.6616666667	39.4216666667,13.7966666667	40.3691666667,12.4166666667	40.4925,12.4338888889	40.6483333333,12.4541666667	41.2244444444,12.5322222222	41.2980555556,12.9	41.25,12.9	41.2,12.9	41.0402777778,13.1194444444	40.9722222222,13.0916666667	40.8377777778,13.0694444444	40.6502777778,13.2158333333	40.1955555556,13.9594444444	40.0666666667,14.5	40.1666666667,14.8833333333	40.6686111111,15.2652777778	40.8916666667,15.1252777778	40.8816666667,15.305
305	335	1504292400	1504296359	5	41.0552777778,13.9786111111	41.0088888889,14.1286111111	40.9625,14.0277777778	41.0472222222,13.9816666667	41.0552777778,13.9786111111
305	335	1504292400	1504296359	4	41.3736111111,12.8991666667	41.3333333333,13.0833333333	41.2980555556,12.9	41.3736111111,12.8991666667
305	335	1504292400	1504296359	5	41.3736111111,12.8991666667	41.2980555556,12.9	41.2244444444,12.5322222222	41.4863888889,12.3852777778	41.3736111111,12.8991666667
305	335	1504292400	1504296359	6	40.9013888889,14.9358333333	40.8916666667,15.1252777778	40.6686111111,15.2652777778	40.6769444444,15.1222222222	40.6736111111,14.7430555556	40.9013888889,14.9358333333
305	335	1504292400	1504296359	18	40.6686111111,15.2652777778	40.1666666667,14.8833333333	40.0666666667,14.5	40.1955555556,13.9594444444	40.6502777778,13.2158333333	40.8377777778,13.0694444444	40.9722222222,13.0916666667	40.8716666667,13.5091666667	40.825,13.7	40.8736111111,13.8166666667	40.9625,14.0277777778	41.0088888889,14.1286111111	40.9283333333,14.3833333333	40.9202777778,14.5663888889	40.6722222222,14.6188888889	40.6736111111,14.7430555556	40.6769444444,15.1222222222	40.6686111111,15.2652777778
305	335	1504292400	1504296359	7	41.3333333333,13.0833333333	41.2861111111,13.2305555556	41.0402777778,13.1194444444	41.2,12.9	41.25,12.9	41.2980555556,12.9	41.3333333333,13.0833333333
