58
285	305	1504243800	1504245599	8	41.5333333333,12.7	41.5,12.6666666667	41.4791666667,12.7083333333	41.4591666667,12.7486111111	41.3833333333,12.9	41.3736111111,12.8991666667	41.4863888889,12.3852777778	41.5333333333,12.7
285	305	1504243800	1504245599	7	41.45,14.0833333333	41.45,14.3833333333	41.1388888889,14.3916666667	41.0088888889,14.1286111111	41.0552777778,13.9786111111	41.2416666667,13.8833333333	41.45,14.0833333333
285	305	1504243800	1504245599	7	41.2666666667,14.8833333333	41.2,15.1166666667	41.1077777778,15.1713888889	41.0075,15.2333333333	41.0025,15.1713888889	40.9847222222,15.0644444444	41.2666666667,14.8833333333
285	305	1504243800	1504245599	7	41.6136111111,12.8669444444	41.4744444444,13.3219444444	41.4083333333,13.2833333333	41.2861111111,13.2305555556	41.3333333333,13.0833333333	41.4938888889,12.7758333333	41.6136111111,12.8669444444
285	305	1504243800	1504245599	7	41.4938888889,12.7758333333	41.3333333333,13.0833333333	41.3736111111,12.8991666667	41.3833333333,12.9	41.4591666667,12.7486111111	41.4861111111,12.7697222222	41.4938888889,12.7758333333
285	305	1504243800	1504245599	5	41.6416666667,12.775	41.6136111111,12.8669444444	41.4938888889,12.7758333333	41.5333333333,12.7	41.6416666667,12.775
285	305	1504243800	1504245599	22	42.6033333333,13.365	42.5319444444,13.4313888889	42.5175,13.4444444444	42.4188888889,13.5330555556	42.3488888889,13.5955555556	42.3419444444,13.6016666667	42.1888888889,13.7375	42.1663888889,13.7575	41.8144444444,14.0669444444	41.45,14.3833333333	41.45,14.0833333333	41.2416666667,13.8833333333	41.375,13.6833333333	41.4083333333,13.2833333333	41.4744444444,13.3219444444	41.6136111111,12.8669444444	41.6416666667,12.775	42.0297222222,12.9194444444	42.1072222222,12.9725	42.1658333333,13.1227777778	42.3502777778,12.9136111111	42.6033333333,13.365
285	305	1504243800	1504245599	13	42.2369444444,12.0697222222	42.2477777778,12.1205555556	42.2472222222,12.2505555556	42.2488888889,12.5988888889	42.3502777778,12.9136111111	42.1658333333,13.1227777778	42.1072222222,12.9725	42.0297222222,12.9194444444	41.6416666667,12.775	41.5333333333,12.7	41.4863888889,12.3852777778	41.5619444444,12.3538888889	42.2369444444,12.0697222222
285	305	1504243800	1504245599	6	40.9847222222,15.0644444444	41.0025,15.1713888889	41.0075,15.2333333333	40.8816666667,15.305	40.8916666667,15.1252777778	40.9847222222,15.0644444444
285	305	1504243800	1504245599	7	41.5333333333,12.7	41.4938888889,12.7758333333	41.4861111111,12.7697222222	41.4591666667,12.7486111111	41.4791666667,12.7083333333	41.5,12.6666666667	41.5333333333,12.7
285	305	1504243800	1504245599	11	41.45,14.3833333333	41.3952777778,14.5461111111	41.3066666667,14.8069444444	41.2666666667,14.8833333333	40.9847222222,15.0644444444	40.8916666667,15.1252777778	40.9013888889,14.9358333333	40.9202777778,14.5663888889	41.1166666667,14.5305555556	41.1388888889,14.3916666667	41.45,14.3833333333
285	305	1504243800	1504245599	6	41.0088888889,14.1286111111	41.1388888889,14.3916666667	41.1166666667,14.5305555556	40.9202777778,14.5663888889	40.9283333333,14.3833333333	41.0088888889,14.1286111111
335	365	1504243800	1504245599	7	41.45,14.0833333333	41.45,14.3833333333	41.1388888889,14.3916666667	41.0088888889,14.1286111111	41.0552777778,13.9786111111	41.2416666667,13.8833333333	41.45,14.0833333333
335	365	1504243800	1504245599	7	41.2666666667,14.8833333333	41.2,15.1166666667	41.1077777778,15.1713888889	41.0075,15.2333333333	41.0025,15.1713888889	40.9847222222,15.0644444444	41.2666666667,14.8833333333
335	365	1504243800	1504245599	7	41.6136111111,12.8669444444	41.4744444444,13.3219444444	41.4083333333,13.2833333333	41.2861111111,13.2305555556	41.3333333333,13.0833333333	41.4938888889,12.7758333333	41.6136111111,12.8669444444
335	365	1504243800	1504245599	7	41.4938888889,12.7758333333	41.3333333333,13.0833333333	41.3736111111,12.8991666667	41.3833333333,12.9	41.4591666667,12.7486111111	41.4861111111,12.7697222222	41.4938888889,12.7758333333
335	365	1504243800	1504245599	6	40.9847222222,15.0644444444	41.0025,15.1713888889	41.0075,15.2333333333	40.8816666667,15.305	40.8916666667,15.1252777778	40.9847222222,15.0644444444
335	365	1504243800	1504245599	22	42.6033333333,13.365	42.5319444444,13.4313888889	42.5175,13.4444444444	42.4188888889,13.5330555556	42.3488888889,13.5955555556	42.3419444444,13.6016666667	42.1888888889,13.7375	42.1663888889,13.7575	41.8144444444,14.0669444444	41.45,14.3833333333	41.45,14.0833333333	41.2416666667,13.8833333333	41.375,13.6833333333	41.4083333333,13.2833333333	41.4744444444,13.3219444444	41.6136111111,12.8669444444	41.6416666667,12.775	42.0297222222,12.9194444444	42.1072222222,12.9725	42.1658333333,13.1227777778	42.3502777778,12.9136111111	42.6033333333,13.365
335	365	1504243800	1504245599	13	42.2369444444,12.0697222222	42.2477777778,12.1205555556	42.2472222222,12.2505555556	42.2488888889,12.5988888889	42.3502777778,12.9136111111	42.1658333333,13.1227777778	42.1072222222,12.9725	42.0297222222,12.9194444444	41.6416666667,12.775	41.5333333333,12.7	41.4863888889,12.3852777778	41.5619444444,12.3538888889	42.2369444444,12.0697222222
335	365	1504243800	1504245599	5	41.6416666667,12.775	41.6136111111,12.8669444444	41.4938888889,12.7758333333	41.5333333333,12.7	41.6416666667,12.775
335	365	1504243800	1504245599	7	41.5333333333,12.7	41.4938888889,12.7758333333	41.4861111111,12.7697222222	41.4591666667,12.7486111111	41.4791666667,12.7083333333	41.5,12.6666666667	41.5333333333,12.7
335	365	1504243800	1504245599	8	41.5333333333,12.7	41.5,12.6666666667	41.4791666667,12.7083333333	41.4591666667,12.7486111111	41.3833333333,12.9	41.3736111111,12.8991666667	41.4863888889,12.3852777778	41.5333333333,12.7
335	365	1504243800	1504245599	11	41.45,14.3833333333	41.3952777778,14.5461111111	41.3066666667,14.8069444444	41.2666666667,14.8833333333	40.9847222222,15.0644444444	40.8916666667,15.1252777778	40.9013888889,14.9358333333	40.9202777778,14.5663888889	41.1166666667,14.5305555556	41.1388888889,14.3916666667	41.45,14.3833333333
335	365	1504243800	1504245599	6	41.0088888889,14.1286111111	41.1388888889,14.3916666667	41.1166666667,14.5305555556	40.9202777778,14.5663888889	40.9283333333,14.3833333333	41.0088888889,14.1286111111
595	999	1504243800	1504245599	7	41.4083333333,13.2833333333	41.375,13.6833333333	41.2416666667,13.8833333333	41.0552777778,13.9786111111	41.0741666667,13.9169444444	41.2861111111,13.2305555556	41.4083333333,13.2833333333
365	999	1504243800	1504245599	7	41.45,14.0833333333	41.45,14.3833333333	41.1388888889,14.3916666667	41.0088888889,14.1286111111	41.0552777778,13.9786111111	41.2416666667,13.8833333333	41.45,14.0833333333
365	999	1504243800	1504245599	7	41.2666666667,14.8833333333	41.2,15.1166666667	41.1077777778,15.1713888889	41.0075,15.2333333333	41.0025,15.1713888889	40.9847222222,15.0644444444	41.2666666667,14.8833333333
365	999	1504243800	1504245599	7	41.6136111111,12.8669444444	41.4744444444,13.3219444444	41.4083333333,13.2833333333	41.2861111111,13.2305555556	41.3333333333,13.0833333333	41.4938888889,12.7758333333	41.6136111111,12.8669444444
365	999	1504243800	1504245599	13	42.2369444444,12.0697222222	42.2477777778,12.1205555556	42.2472222222,12.2505555556	42.2488888889,12.5988888889	42.3502777778,12.9136111111	42.1658333333,13.1227777778	42.1072222222,12.9725	42.0297222222,12.9194444444	41.6416666667,12.775	41.5333333333,12.7	41.4863888889,12.3852777778	41.5619444444,12.3538888889	42.2369444444,12.0697222222
365	999	1504243800	1504245599	5	41.6416666667,12.775	41.6136111111,12.8669444444	41.4938888889,12.7758333333	41.5333333333,12.7	41.6416666667,12.775
365	999	1504243800	1504245599	22	42.6033333333,13.365	42.5319444444,13.4313888889	42.5175,13.4444444444	42.4188888889,13.5330555556	42.3488888889,13.5955555556	42.3419444444,13.6016666667	42.1888888889,13.7375	42.1663888889,13.7575	41.8144444444,14.0669444444	41.45,14.3833333333	41.45,14.0833333333	41.2416666667,13.8833333333	41.375,13.6833333333	41.4083333333,13.2833333333	41.4744444444,13.3219444444	41.6136111111,12.8669444444	41.6416666667,12.775	42.0297222222,12.9194444444	42.1072222222,12.9725	42.1658333333,13.1227777778	42.3502777778,12.9136111111	42.6033333333,13.365
365	999	1504243800	1504245599	7	41.4938888889,12.7758333333	41.3333333333,13.0833333333	41.3736111111,12.8991666667	41.3833333333,12.9	41.4591666667,12.7486111111	41.4861111111,12.7697222222	41.4938888889,12.7758333333
365	999	1504243800	1504245599	6	40.9847222222,15.0644444444	41.0025,15.1713888889	41.0075,15.2333333333	40.8816666667,15.305	40.8916666667,15.1252777778	40.9847222222,15.0644444444
365	999	1504243800	1504245599	7	41.5333333333,12.7	41.4938888889,12.7758333333	41.4861111111,12.7697222222	41.4591666667,12.7486111111	41.4791666667,12.7083333333	41.5,12.6666666667	41.5333333333,12.7
365	999	1504243800	1504245599	8	41.5333333333,12.7	41.5,12.6666666667	41.4791666667,12.7083333333	41.4591666667,12.7486111111	41.3833333333,12.9	41.3736111111,12.8991666667	41.4863888889,12.3852777778	41.5333333333,12.7
365	999	1504243800	1504245599	11	41.45,14.3833333333	41.3952777778,14.5461111111	41.3066666667,14.8069444444	41.2666666667,14.8833333333	40.9847222222,15.0644444444	40.8916666667,15.1252777778	40.9013888889,14.9358333333	40.9202777778,14.5663888889	41.1166666667,14.5305555556	41.1388888889,14.3916666667	41.45,14.3833333333
365	999	1504243800	1504245599	6	41.0088888889,14.1286111111	41.1388888889,14.3916666667	41.1166666667,14.5305555556	40.9202777778,14.5663888889	40.9283333333,14.3833333333	41.0088888889,14.1286111111
195	285	1504243800	1504245599	7	41.45,14.0833333333	41.45,14.3833333333	41.1388888889,14.3916666667	41.0088888889,14.1286111111	41.0552777778,13.9786111111	41.2416666667,13.8833333333	41.45,14.0833333333
195	285	1504243800	1504245599	7	41.2666666667,14.8833333333	41.2,15.1166666667	41.1077777778,15.1713888889	41.0075,15.2333333333	41.0025,15.1713888889	40.9847222222,15.0644444444	41.2666666667,14.8833333333
195	285	1504243800	1504245599	7	41.6136111111,12.8669444444	41.4744444444,13.3219444444	41.4083333333,13.2833333333	41.2861111111,13.2305555556	41.3333333333,13.0833333333	41.4938888889,12.7758333333	41.6136111111,12.8669444444
195	285	1504243800	1504245599	13	42.2369444444,12.0697222222	42.2477777778,12.1205555556	42.2472222222,12.2505555556	42.2488888889,12.5988888889	42.3502777778,12.9136111111	42.1658333333,13.1227777778	42.1072222222,12.9725	42.0297222222,12.9194444444	41.6416666667,12.775	41.5333333333,12.7	41.4863888889,12.3852777778	41.5619444444,12.3538888889	42.2369444444,12.0697222222
195	285	1504243800	1504245599	6	40.9847222222,15.0644444444	41.0025,15.1713888889	41.0075,15.2333333333	40.8816666667,15.305	40.8916666667,15.1252777778	40.9847222222,15.0644444444
195	285	1504243800	1504245599	22	42.6033333333,13.365	42.5319444444,13.4313888889	42.5175,13.4444444444	42.4188888889,13.5330555556	42.3488888889,13.5955555556	42.3419444444,13.6016666667	42.1888888889,13.7375	42.1663888889,13.7575	41.8144444444,14.0669444444	41.45,14.3833333333	41.45,14.0833333333	41.2416666667,13.8833333333	41.375,13.6833333333	41.4083333333,13.2833333333	41.4744444444,13.3219444444	41.6136111111,12.8669444444	41.6416666667,12.775	42.0297222222,12.9194444444	42.1072222222,12.9725	42.1658333333,13.1227777778	42.3502777778,12.9136111111	42.6033333333,13.365
195	285	1504243800	1504245599	5	41.6416666667,12.775	41.6136111111,12.8669444444	41.4938888889,12.7758333333	41.5333333333,12.7	41.6416666667,12.775
195	285	1504243800	1504245599	11	41.45,14.3833333333	41.3952777778,14.5461111111	41.3066666667,14.8069444444	41.2666666667,14.8833333333	40.9847222222,15.0644444444	40.8916666667,15.1252777778	40.9013888889,14.9358333333	40.9202777778,14.5663888889	41.1166666667,14.5305555556	41.1388888889,14.3916666667	41.45,14.3833333333
195	285	1504243800	1504245599	6	41.0088888889,14.1286111111	41.1388888889,14.3916666667	41.1166666667,14.5305555556	40.9202777778,14.5663888889	40.9283333333,14.3833333333	41.0088888889,14.1286111111
305	335	1504243800	1504245599	7	41.45,14.0833333333	41.45,14.3833333333	41.1388888889,14.3916666667	41.0088888889,14.1286111111	41.0552777778,13.9786111111	41.2416666667,13.8833333333	41.45,14.0833333333
305	335	1504243800	1504245599	7	41.2666666667,14.8833333333	41.2,15.1166666667	41.1077777778,15.1713888889	41.0075,15.2333333333	41.0025,15.1713888889	40.9847222222,15.0644444444	41.2666666667,14.8833333333
305	335	1504243800	1504245599	7	41.6136111111,12.8669444444	41.4744444444,13.3219444444	41.4083333333,13.2833333333	41.2861111111,13.2305555556	41.3333333333,13.0833333333	41.4938888889,12.7758333333	41.6136111111,12.8669444444
305	335	1504243800	1504245599	7	41.4938888889,12.7758333333	41.3333333333,13.0833333333	41.3736111111,12.8991666667	41.3833333333,12.9	41.4591666667,12.7486111111	41.4861111111,12.7697222222	41.4938888889,12.7758333333
305	335	1504243800	1504245599	5	41.6416666667,12.775	41.6136111111,12.8669444444	41.4938888889,12.7758333333	41.5333333333,12.7	41.6416666667,12.775
305	335	1504243800	1504245599	22	42.6033333333,13.365	42.5319444444,13.4313888889	42.5175,13.4444444444	42.4188888889,13.5330555556	42.3488888889,13.5955555556	42.3419444444,13.6016666667	42.1888888889,13.7375	42.1663888889,13.7575	41.8144444444,14.0669444444	41.45,14.3833333333	41.45,14.0833333333	41.2416666667,13.8833333333	41.375,13.6833333333	41.4083333333,13.2833333333	41.4744444444,13.3219444444	41.6136111111,12.8669444444	41.6416666667,12.775	42.0297222222,12.9194444444	42.1072222222,12.9725	42.1658333333,13.1227777778	42.3502777778,12.9136111111	42.6033333333,13.365
305	335	1504243800	1504245599	13	42.2369444444,12.0697222222	42.2477777778,12.1205555556	42.2472222222,12.2505555556	42.2488888889,12.5988888889	42.3502777778,12.9136111111	42.1658333333,13.1227777778	42.1072222222,12.9725	42.0297222222,12.9194444444	41.6416666667,12.775	41.5333333333,12.7	41.4863888889,12.3852777778	41.5619444444,12.3538888889	42.2369444444,12.0697222222
305	335	1504243800	1504245599	6	40.9847222222,15.0644444444	41.0025,15.1713888889	41.0075,15.2333333333	40.8816666667,15.305	40.8916666667,15.1252777778	40.9847222222,15.0644444444
305	335	1504243800	1504245599	7	41.5333333333,12.7	41.4938888889,12.7758333333	41.4861111111,12.7697222222	41.4591666667,12.7486111111	41.4791666667,12.7083333333	41.5,12.6666666667	41.5333333333,12.7
305	335	1504243800	1504245599	8	41.5333333333,12.7	41.5,12.6666666667	41.4791666667,12.7083333333	41.4591666667,12.7486111111	41.3833333333,12.9	41.3736111111,12.8991666667	41.4863888889,12.3852777778	41.5333333333,12.7
305	335	1504243800	1504245599	11	41.45,14.3833333333	41.3952777778,14.5461111111	41.3066666667,14.8069444444	41.2666666667,14.8833333333	40.9847222222,15.0644444444	40.8916666667,15.1252777778	40.9013888889,14.9358333333	40.9202777778,14.5663888889	41.1166666667,14.5305555556	41.1388888889,14.3916666667	41.45,14.3833333333
305	335	1504243800	1504245599	6	41.0088888889,14.1286111111	41.1388888889,14.3916666667	41.1166666667,14.5305555556	40.9202777778,14.5663888889	40.9283333333,14.3833333333	41.0088888889,14.1286111111
