72
295	325	1504245600	1504270799	8	46.2205555556,14.5825	46.1111111111,14.81	46.0002777778,14.6994444444	46.2091666667,14.2644444444	46.2833333333,14.3375	46.2427777778,14.4533333333	46.2475,14.5269444444	46.2205555556,14.5825
295	325	1504245600	1504270799	7	46.5230555556,13.7141666667	46.5163888889,13.8325	46.5208333333,13.9125	46.4988888889,13.9602777778	46.4658333333,13.6991666667	46.4919444444,13.7025	46.5230555556,13.7141666667
295	325	1504245600	1504270799	4	45.9727777778,15.7030555556	45.8647222222,15.6811111111	45.8997222222,15.5897222222	45.9727777778,15.7030555556
295	325	1504245600	1504270799	5	46.1027777778,14.1563888889	46.1002777778,14.2530555556	45.9166666667,14.2302777778	46.0597222222,14.1736111111	46.1027777778,14.1563888889
295	325	1504245600	1504270799	28	46.6580555556,15.4208333333	46.3613888889,15.4125	46.2247222222,15.7811111111	46.1966666667,15.6033333333	46.1713888889,15.6266666667	46.0713888889,15.6652777778	45.9727777778,15.7030555556	45.8997222222,15.5897222222	45.8730555556,15.5277777778	45.7666666667,14.915	45.7086111111,14.5338888889	45.9166666667,14.2302777778	45.9161111111,15.0144444444	45.9927777778,15.0641666667	46.0816666667,15.1208333333	46.1533333333,15.1027777778	46.2425,14.8611111111	46.2497222222,14.75	46.2230555556,14.6058333333	46.2205555556,14.5825	46.2475,14.5269444444	46.2586111111,14.7052777778	46.2958333333,14.8063888889	46.6458333333,15.0833333333	46.6469444444,15.2091666667	46.6413888889,15.2491666667	46.6525,15.3602777778	46.6580555556,15.4208333333
295	325	1504245600	1504270799	16	45.5858333333,13.5227777778	45.6308333333,13.5341666667	45.6166666667,13.7333333333	45.5766666667,13.8366666667	45.6322222222,13.9188888889	45.5233333333,14.0144444444	45.5191666667,14.0013888889	45.4655555556,13.7733333333	45.4691666667,13.7147222222	45.4738888889,13.7166666667	45.5333333333,13.6788888889	45.5572222222,13.6194444444	45.5333333333,13.5666666667	45.4944444444,13.5444444444	45.5097222222,13.5036111111	45.5858333333,13.5227777778
295	325	1504245600	1504270799	30	45.9166666667,14.2302777778	45.7086111111,14.5338888889	45.6269444444,14.5472222222	45.5330555556,14.4730555556	45.5033333333,14.4033333333	45.4930555556,14.3866666667	45.4841666667,14.3519444444	45.4797222222,14.3372222222	45.4933333333,14.3013888889	45.4908333333,14.2763888889	45.4825,14.2677777778	45.5058333333,14.2569444444	45.5075,14.2402777778	45.5016666667,14.2241666667	45.4702777778,14.2041666667	45.4755555556,14.1338888889	45.5233333333,14.0144444444	45.6322222222,13.9188888889	45.755,13.7966666667	45.7833333333,13.7	45.8511111111,13.5897222222	45.9416666667,13.6333333333	45.9933333333,13.665	46.0133333333,13.6066666667	46.0591666667,13.6030555556	46.1175,13.6066666667	46.17,13.6780555556	45.9780555556,13.745	46.0597222222,14.1736111111	45.9166666667,14.2302777778
295	325	1504245600	1504270799	10	46.2816666667,14.0847222222	46.3183333333,14.2355555556	46.3486111111,14.3608333333	46.3386111111,14.3994444444	46.3205555556,14.3747222222	46.2833333333,14.3375	46.2091666667,14.2644444444	46.1002777778,14.2530555556	46.1027777778,14.1563888889	46.2816666667,14.0847222222
295	325	1504245600	1504270799	11	45.8511111111,13.5897222222	45.7833333333,13.7	45.755,13.7966666667	45.6322222222,13.9188888889	45.5766666667,13.8366666667	45.6166666667,13.7333333333	45.6308333333,13.5341666667	45.7333333333,13.5691666667	45.775,13.5833333333	45.8341666667,13.5855555556	45.8511111111,13.5897222222
295	325	1504245600	1504270799	10	45.4944444444,13.5444444444	45.4758333333,13.5847222222	45.4694444444,13.6138888889	45.4691666667,13.7147222222	45.4144444444,13.6788888889	45.3905555556,13.6261111111	45.39,13.6147222222	45.4144444444,13.5666666667	45.4738888889,13.5333333333	45.4944444444,13.5444444444
295	325	1504245600	1504270799	7	46.6580555556,15.4208333333	46.5355555556,15.5205555556	46.4966666667,15.4638888889	46.3055555556,15.6544444444	46.2247222222,15.7811111111	46.3613888889,15.4125	46.6580555556,15.4208333333
295	325	1504245600	1504270799	5	46.1952777778,13.6116666667	46.185,13.6983333333	46.17,13.6780555556	46.1175,13.6066666667	46.1952777778,13.6116666667
295	325	1504245600	1504270799	8	46.0133333333,13.6066666667	45.9933333333,13.665	45.9416666667,13.6333333333	45.8511111111,13.5897222222	45.8941666667,13.5925	45.9683333333,13.5972222222	45.9863888889,13.5983333333	46.0133333333,13.6066666667
295	325	1504245600	1504270799	6	45.5330555556,14.4730555556	45.5313888889,14.7286111111	45.5233333333,14.7391666667	45.5080555556,14.655	45.485,14.5291666667	45.5330555556,14.4730555556
295	325	1504245600	1504270799	8	45.5233333333,14.0144444444	45.4755555556,14.1338888889	45.3905555556,13.6261111111	45.4144444444,13.6788888889	45.4691666667,13.7147222222	45.4655555556,13.7733333333	45.5191666667,14.0013888889	45.5233333333,14.0144444444
295	325	1504245600	1504270799	7	46.4405555556,13.6286111111	46.2891666667,13.6180555556	46.1952777778,13.6116666667	46.2183333333,13.4727777778	46.3091666667,13.4063888889	46.4161111111,13.5322222222	46.4405555556,13.6286111111
295	325	1504245600	1504270799	16	46.2944444444,13.8902777778	46.345,13.9613888889	46.3952777778,13.9605555556	46.4002777778,13.9602777778	46.4988888889,13.9602777778	46.4894444444,14.0325	46.4813888889,14.0852777778	46.2816666667,14.0847222222	46.1027777778,14.1563888889	46.0597222222,14.1736111111	45.9780555556,13.745	46.17,13.6780555556	46.185,13.6983333333	46.1952777778,13.6116666667	46.2891666667,13.6180555556	46.2944444444,13.8902777778
295	325	1504245600	1504270799	9	45.4944444444,13.5444444444	45.5333333333,13.5666666667	45.5572222222,13.6194444444	45.5333333333,13.6788888889	45.4738888889,13.7166666667	45.4691666667,13.7147222222	45.4694444444,13.6138888889	45.4758333333,13.5847222222	45.4944444444,13.5444444444
295	325	1504245600	1504270799	5	46.3205555556,14.3747222222	46.2475,14.5269444444	46.2427777778,14.4533333333	46.2833333333,14.3375	46.3205555556,14.3747222222
295	325	1504245600	1504270799	35	46.5869444444,14.0030555556	46.5977777778,14.5622222222	46.6616666667,14.7966666667	46.72,15.0091666667	46.6458333333,15.0833333333	46.6516666667,15.0430555556	46.6097222222,14.9222222222	46.6044444444,14.8658333333	46.5916666667,14.8583333333	46.5497222222,14.8325	46.5141666667,14.7752777778	46.4983333333,14.7491666667	46.4788888889,14.6994444444	46.4497222222,14.6252777778	46.4369444444,14.5925	46.3747222222,14.5658333333	46.4233333333,14.5158333333	46.4219444444,14.4463888889	46.4433333333,14.4383333333	46.4466666667,14.4102777778	46.4422222222,14.3897222222	46.4358333333,14.3661111111	46.4275,14.3269444444	46.4286111111,14.2966666667	46.4330555556,14.1769444444	46.4777777778,14.1158333333	46.4813888889,14.0852777778	46.4894444444,14.0325	46.4988888889,13.9602777778	46.5208333333,13.9125	46.5163888889,13.8325	46.5230555556,13.7141666667	46.5830555556,13.8333333333	46.5841666667,13.8875	46.5869444444,14.0030555556
295	325	1504245600	1504270799	6	45.5313888889,14.7286111111	45.5297222222,14.9325	45.475,14.9008333333	45.4658333333,14.8675	45.5233333333,14.7391666667	45.5313888889,14.7286111111
295	325	1504245600	1504270799	9	46.4988888889,13.9602777778	46.4002777778,13.9602777778	46.3952777778,13.9605555556	46.345,13.9613888889	46.2944444444,13.8902777778	46.2891666667,13.6180555556	46.4405555556,13.6286111111	46.4658333333,13.6991666667	46.4988888889,13.9602777778
295	325	1504245600	1504270799	5	46.6852777778,15.2391666667	46.6469444444,15.2091666667	46.6458333333,15.0833333333	46.7072222222,15.0944444444	46.6852777778,15.2391666667
295	325	1504245600	1504270799	21	46.4233333333,14.5158333333	46.3747222222,14.5658333333	46.4369444444,14.5925	46.4497222222,14.6252777778	46.4788888889,14.6994444444	46.4983333333,14.7491666667	46.5141666667,14.7752777778	46.5497222222,14.8325	46.5916666667,14.8583333333	46.6044444444,14.8658333333	46.6097222222,14.9222222222	46.6516666667,15.0430555556	46.6458333333,15.0833333333	46.2958333333,14.8063888889	46.2586111111,14.7052777778	46.2902777778,14.585	46.2719444444,14.5466666667	46.2916666667,14.4894444444	46.3236111111,14.4575	46.3386111111,14.3994444444	46.4233333333,14.5158333333
295	325	1504245600	1504270799	4	46.72,15.0091666667	46.7072222222,15.0944444444	46.6458333333,15.0833333333	46.72,15.0091666667
295	325	1504245600	1504270799	16	46.4813888889,14.0852777778	46.4777777778,14.1158333333	46.4330555556,14.1769444444	46.4286111111,14.2966666667	46.4275,14.3269444444	46.4358333333,14.3661111111	46.4422222222,14.3897222222	46.4466666667,14.4102777778	46.4433333333,14.4383333333	46.4219444444,14.4463888889	46.4233333333,14.5158333333	46.3386111111,14.3994444444	46.3486111111,14.3608333333	46.3183333333,14.2355555556	46.2816666667,14.0847222222	46.4813888889,14.0852777778
295	325	1504245600	1504270799	14	46.1002777778,14.2530555556	46.2091666667,14.2644444444	46.0002777778,14.6994444444	46.1111111111,14.81	46.2205555556,14.5825	46.2230555556,14.6058333333	46.2497222222,14.75	46.2425,14.8611111111	46.1533333333,15.1027777778	46.0816666667,15.1208333333	45.9927777778,15.0641666667	45.9161111111,15.0144444444	45.9166666667,14.2302777778	46.1002777778,14.2530555556
295	325	1504245600	1504270799	5	45.6402777778,14.5833333333	45.5313888889,14.7286111111	45.5330555556,14.4730555556	45.6269444444,14.5472222222	45.6402777778,14.5833333333
295	325	1504245600	1504270799	6	46.6852777778,15.2391666667	46.6580555556,15.4208333333	46.6525,15.3602777778	46.6413888889,15.2491666667	46.6469444444,15.2091666667	46.6852777778,15.2391666667
295	325	1504245600	1504270799	9	46.3386111111,14.3994444444	46.3236111111,14.4575	46.2916666667,14.4894444444	46.2719444444,14.5466666667	46.2902777778,14.585	46.2586111111,14.7052777778	46.2475,14.5269444444	46.3205555556,14.3747222222	46.3386111111,14.3994444444
295	325	1504245600	1504270799	8	45.5330555556,14.4730555556	45.485,14.5291666667	45.4691666667,14.4486111111	45.4705555556,14.4366666667	45.4841666667,14.3519444444	45.4930555556,14.3866666667	45.5033333333,14.4033333333	45.5330555556,14.4730555556
295	325	1504245600	1504270799	7	45.5097222222,13.5036111111	45.4944444444,13.5444444444	45.4738888889,13.5333333333	45.4144444444,13.5666666667	45.39,13.6147222222	45.3866666667,13.4716666667	45.5097222222,13.5036111111
295	325	1504245600	1504270799	11	46.5738888889,13.3966666667	46.5413888889,13.5694444444	46.5230555556,13.7141666667	46.4919444444,13.7025	46.4658333333,13.6991666667	46.4405555556,13.6286111111	46.4161111111,13.5322222222	46.3091666667,13.4063888889	46.4980555556,13.2672222222	46.5636111111,13.3794444444	46.5738888889,13.3966666667
295	325	1504245600	1504270799	19	45.7666666667,14.915	45.8730555556,15.5277777778	45.8997222222,15.5897222222	45.8647222222,15.6811111111	45.8402777778,15.655	45.8075,15.4911111111	45.7944444444,15.4275	45.7730555556,15.3533333333	45.6844444444,15.3502777778	45.6633333333,15.35	45.6358333333,15.3494444444	45.5747222222,15.2980555556	45.495,15.0072222222	45.5297222222,14.9325	45.5313888889,14.7286111111	45.6402777778,14.5833333333	45.6269444444,14.5472222222	45.7086111111,14.5338888889	45.7666666667,14.915
295	325	1504245600	1504270799	6	46.5355555556,15.5205555556	46.4225,15.6941666667	46.3680555556,15.7925	46.3055555556,15.6544444444	46.4966666667,15.4638888889	46.5355555556,15.5205555556
295	325	1504245600	1504270799	6	46.3680555556,15.7925	46.2869444444,15.9261111111	46.2661111111,15.8261111111	46.2247222222,15.7811111111	46.3055555556,15.6544444444	46.3680555556,15.7925
245	295	1504245600	1504270799	7	46.5230555556,13.7141666667	46.5163888889,13.8325	46.5208333333,13.9125	46.4988888889,13.9602777778	46.4658333333,13.6991666667	46.4919444444,13.7025	46.5230555556,13.7141666667
245	295	1504245600	1504270799	8	46.2205555556,14.5825	46.1111111111,14.81	46.0002777778,14.6994444444	46.2091666667,14.2644444444	46.2833333333,14.3375	46.2427777778,14.4533333333	46.2475,14.5269444444	46.2205555556,14.5825
245	295	1504245600	1504270799	9	46.3386111111,14.3994444444	46.3236111111,14.4575	46.2916666667,14.4894444444	46.2719444444,14.5466666667	46.2902777778,14.585	46.2586111111,14.7052777778	46.2475,14.5269444444	46.3205555556,14.3747222222	46.3386111111,14.3994444444
245	295	1504245600	1504270799	5	46.1027777778,14.1563888889	46.1002777778,14.2530555556	45.9166666667,14.2302777778	46.0597222222,14.1736111111	46.1027777778,14.1563888889
245	295	1504245600	1504270799	28	46.6580555556,15.4208333333	46.3613888889,15.4125	46.2247222222,15.7811111111	46.1966666667,15.6033333333	46.1713888889,15.6266666667	46.0713888889,15.6652777778	45.9727777778,15.7030555556	45.8997222222,15.5897222222	45.8730555556,15.5277777778	45.7666666667,14.915	45.7086111111,14.5338888889	45.9166666667,14.2302777778	45.9161111111,15.0144444444	45.9927777778,15.0641666667	46.0816666667,15.1208333333	46.1533333333,15.1027777778	46.2425,14.8611111111	46.2497222222,14.75	46.2230555556,14.6058333333	46.2205555556,14.5825	46.2475,14.5269444444	46.2586111111,14.7052777778	46.2958333333,14.8063888889	46.6458333333,15.0833333333	46.6469444444,15.2091666667	46.6413888889,15.2491666667	46.6525,15.3602777778	46.6580555556,15.4208333333
245	295	1504245600	1504270799	16	45.5858333333,13.5227777778	45.6308333333,13.5341666667	45.6166666667,13.7333333333	45.5766666667,13.8366666667	45.6322222222,13.9188888889	45.5233333333,14.0144444444	45.5191666667,14.0013888889	45.4655555556,13.7733333333	45.4691666667,13.7147222222	45.4738888889,13.7166666667	45.5333333333,13.6788888889	45.5572222222,13.6194444444	45.5333333333,13.5666666667	45.4944444444,13.5444444444	45.5097222222,13.5036111111	45.5858333333,13.5227777778
245	295	1504245600	1504270799	10	46.2816666667,14.0847222222	46.3183333333,14.2355555556	46.3486111111,14.3608333333	46.3386111111,14.3994444444	46.3205555556,14.3747222222	46.2833333333,14.3375	46.2091666667,14.2644444444	46.1002777778,14.2530555556	46.1027777778,14.1563888889	46.2816666667,14.0847222222
245	295	1504245600	1504270799	11	45.8511111111,13.5897222222	45.7833333333,13.7	45.755,13.7966666667	45.6322222222,13.9188888889	45.5766666667,13.8366666667	45.6166666667,13.7333333333	45.6308333333,13.5341666667	45.7333333333,13.5691666667	45.775,13.5833333333	45.8341666667,13.5855555556	45.8511111111,13.5897222222
245	295	1504245600	1504270799	5	46.6852777778,15.2391666667	46.6469444444,15.2091666667	46.6458333333,15.0833333333	46.7072222222,15.0944444444	46.6852777778,15.2391666667
245	295	1504245600	1504270799	5	46.1952777778,13.6116666667	46.185,13.6983333333	46.17,13.6780555556	46.1175,13.6066666667	46.1952777778,13.6116666667
245	295	1504245600	1504270799	10	45.4944444444,13.5444444444	45.4758333333,13.5847222222	45.4694444444,13.6138888889	45.4691666667,13.7147222222	45.4144444444,13.6788888889	45.3905555556,13.6261111111	45.39,13.6147222222	45.4144444444,13.5666666667	45.4738888889,13.5333333333	45.4944444444,13.5444444444
245	295	1504245600	1504270799	7	46.6580555556,15.4208333333	46.5355555556,15.5205555556	46.4966666667,15.4638888889	46.3055555556,15.6544444444	46.2247222222,15.7811111111	46.3613888889,15.4125	46.6580555556,15.4208333333
245	295	1504245600	1504270799	30	45.9166666667,14.2302777778	45.7086111111,14.5338888889	45.6269444444,14.5472222222	45.5330555556,14.4730555556	45.5033333333,14.4033333333	45.4930555556,14.3866666667	45.4841666667,14.3519444444	45.4797222222,14.3372222222	45.4933333333,14.3013888889	45.4908333333,14.2763888889	45.4825,14.2677777778	45.5058333333,14.2569444444	45.5075,14.2402777778	45.5016666667,14.2241666667	45.4702777778,14.2041666667	45.4755555556,14.1338888889	45.5233333333,14.0144444444	45.6322222222,13.9188888889	45.755,13.7966666667	45.7833333333,13.7	45.8511111111,13.5897222222	45.9416666667,13.6333333333	45.9933333333,13.665	46.0133333333,13.6066666667	46.0591666667,13.6030555556	46.1175,13.6066666667	46.17,13.6780555556	45.9780555556,13.745	46.0597222222,14.1736111111	45.9166666667,14.2302777778
245	295	1504245600	1504270799	35	46.5869444444,14.0030555556	46.5977777778,14.5622222222	46.6616666667,14.7966666667	46.72,15.0091666667	46.6458333333,15.0833333333	46.6516666667,15.0430555556	46.6097222222,14.9222222222	46.6044444444,14.8658333333	46.5916666667,14.8583333333	46.5497222222,14.8325	46.5141666667,14.7752777778	46.4983333333,14.7491666667	46.4788888889,14.6994444444	46.4497222222,14.6252777778	46.4369444444,14.5925	46.3747222222,14.5658333333	46.4233333333,14.5158333333	46.4219444444,14.4463888889	46.4433333333,14.4383333333	46.4466666667,14.4102777778	46.4422222222,14.3897222222	46.4358333333,14.3661111111	46.4275,14.3269444444	46.4286111111,14.2966666667	46.4330555556,14.1769444444	46.4777777778,14.1158333333	46.4813888889,14.0852777778	46.4894444444,14.0325	46.4988888889,13.9602777778	46.5208333333,13.9125	46.5163888889,13.8325	46.5230555556,13.7141666667	46.5830555556,13.8333333333	46.5841666667,13.8875	46.5869444444,14.0030555556
245	295	1504245600	1504270799	6	45.5330555556,14.4730555556	45.5313888889,14.7286111111	45.5233333333,14.7391666667	45.5080555556,14.655	45.485,14.5291666667	45.5330555556,14.4730555556
245	295	1504245600	1504270799	8	45.5233333333,14.0144444444	45.4755555556,14.1338888889	45.3905555556,13.6261111111	45.4144444444,13.6788888889	45.4691666667,13.7147222222	45.4655555556,13.7733333333	45.5191666667,14.0013888889	45.5233333333,14.0144444444
245	295	1504245600	1504270799	7	46.4405555556,13.6286111111	46.2891666667,13.6180555556	46.1952777778,13.6116666667	46.2183333333,13.4727777778	46.3091666667,13.4063888889	46.4161111111,13.5322222222	46.4405555556,13.6286111111
245	295	1504245600	1504270799	16	46.2944444444,13.8902777778	46.345,13.9613888889	46.3952777778,13.9605555556	46.4002777778,13.9602777778	46.4988888889,13.9602777778	46.4894444444,14.0325	46.4813888889,14.0852777778	46.2816666667,14.0847222222	46.1027777778,14.1563888889	46.0597222222,14.1736111111	45.9780555556,13.745	46.17,13.6780555556	46.185,13.6983333333	46.1952777778,13.6116666667	46.2891666667,13.6180555556	46.2944444444,13.8902777778
245	295	1504245600	1504270799	9	45.4944444444,13.5444444444	45.5333333333,13.5666666667	45.5572222222,13.6194444444	45.5333333333,13.6788888889	45.4738888889,13.7166666667	45.4691666667,13.7147222222	45.4694444444,13.6138888889	45.4758333333,13.5847222222	45.4944444444,13.5444444444
245	295	1504245600	1504270799	5	46.3205555556,14.3747222222	46.2475,14.5269444444	46.2427777778,14.4533333333	46.2833333333,14.3375	46.3205555556,14.3747222222
245	295	1504245600	1504270799	8	46.0133333333,13.6066666667	45.9933333333,13.665	45.9416666667,13.6333333333	45.8511111111,13.5897222222	45.8941666667,13.5925	45.9683333333,13.5972222222	45.9863888889,13.5983333333	46.0133333333,13.6066666667
245	295	1504245600	1504270799	6	45.5313888889,14.7286111111	45.5297222222,14.9325	45.475,14.9008333333	45.4658333333,14.8675	45.5233333333,14.7391666667	45.5313888889,14.7286111111
245	295	1504245600	1504270799	6	46.6852777778,15.2391666667	46.6580555556,15.4208333333	46.6525,15.3602777778	46.6413888889,15.2491666667	46.6469444444,15.2091666667	46.6852777778,15.2391666667
245	295	1504245600	1504270799	6	46.3680555556,15.7925	46.2869444444,15.9261111111	46.2661111111,15.8261111111	46.2247222222,15.7811111111	46.3055555556,15.6544444444	46.3680555556,15.7925
245	295	1504245600	1504270799	21	46.4233333333,14.5158333333	46.3747222222,14.5658333333	46.4369444444,14.5925	46.4497222222,14.6252777778	46.4788888889,14.6994444444	46.4983333333,14.7491666667	46.5141666667,14.7752777778	46.5497222222,14.8325	46.5916666667,14.8583333333	46.6044444444,14.8658333333	46.6097222222,14.9222222222	46.6516666667,15.0430555556	46.6458333333,15.0833333333	46.2958333333,14.8063888889	46.2586111111,14.7052777778	46.2902777778,14.585	46.2719444444,14.5466666667	46.2916666667,14.4894444444	46.3236111111,14.4575	46.3386111111,14.3994444444	46.4233333333,14.5158333333
245	295	1504245600	1504270799	4	46.72,15.0091666667	46.7072222222,15.0944444444	46.6458333333,15.0833333333	46.72,15.0091666667
245	295	1504245600	1504270799	16	46.4813888889,14.0852777778	46.4777777778,14.1158333333	46.4330555556,14.1769444444	46.4286111111,14.2966666667	46.4275,14.3269444444	46.4358333333,14.3661111111	46.4422222222,14.3897222222	46.4466666667,14.4102777778	46.4433333333,14.4383333333	46.4219444444,14.4463888889	46.4233333333,14.5158333333	46.3386111111,14.3994444444	46.3486111111,14.3608333333	46.3183333333,14.2355555556	46.2816666667,14.0847222222	46.4813888889,14.0852777778
245	295	1504245600	1504270799	14	46.1002777778,14.2530555556	46.2091666667,14.2644444444	46.0002777778,14.6994444444	46.1111111111,14.81	46.2205555556,14.5825	46.2230555556,14.6058333333	46.2497222222,14.75	46.2425,14.8611111111	46.1533333333,15.1027777778	46.0816666667,15.1208333333	45.9927777778,15.0641666667	45.9161111111,15.0144444444	45.9166666667,14.2302777778	46.1002777778,14.2530555556
245	295	1504245600	1504270799	9	46.4988888889,13.9602777778	46.4002777778,13.9602777778	46.3952777778,13.9605555556	46.345,13.9613888889	46.2944444444,13.8902777778	46.2891666667,13.6180555556	46.4405555556,13.6286111111	46.4658333333,13.6991666667	46.4988888889,13.9602777778
245	295	1504245600	1504270799	4	45.9727777778,15.7030555556	45.8647222222,15.6811111111	45.8997222222,15.5897222222	45.9727777778,15.7030555556
245	295	1504245600	1504270799	8	45.5330555556,14.4730555556	45.485,14.5291666667	45.4691666667,14.4486111111	45.4705555556,14.4366666667	45.4841666667,14.3519444444	45.4930555556,14.3866666667	45.5033333333,14.4033333333	45.5330555556,14.4730555556
245	295	1504245600	1504270799	7	45.5097222222,13.5036111111	45.4944444444,13.5444444444	45.4738888889,13.5333333333	45.4144444444,13.5666666667	45.39,13.6147222222	45.3866666667,13.4716666667	45.5097222222,13.5036111111
245	295	1504245600	1504270799	11	46.5738888889,13.3966666667	46.5413888889,13.5694444444	46.5230555556,13.7141666667	46.4919444444,13.7025	46.4658333333,13.6991666667	46.4405555556,13.6286111111	46.4161111111,13.5322222222	46.3091666667,13.4063888889	46.4980555556,13.2672222222	46.5636111111,13.3794444444	46.5738888889,13.3966666667
245	295	1504245600	1504270799	19	45.7666666667,14.915	45.8730555556,15.5277777778	45.8997222222,15.5897222222	45.8647222222,15.6811111111	45.8402777778,15.655	45.8075,15.4911111111	45.7944444444,15.4275	45.7730555556,15.3533333333	45.6844444444,15.3502777778	45.6633333333,15.35	45.6358333333,15.3494444444	45.5747222222,15.2980555556	45.495,15.0072222222	45.5297222222,14.9325	45.5313888889,14.7286111111	45.6402777778,14.5833333333	45.6269444444,14.5472222222	45.7086111111,14.5338888889	45.7666666667,14.915
245	295	1504245600	1504270799	6	46.5355555556,15.5205555556	46.4225,15.6941666667	46.3680555556,15.7925	46.3055555556,15.6544444444	46.4966666667,15.4638888889	46.5355555556,15.5205555556
245	295	1504245600	1504270799	5	45.6402777778,14.5833333333	45.5313888889,14.7286111111	45.5330555556,14.4730555556	45.6269444444,14.5472222222	45.6402777778,14.5833333333
