59
125	305	1504303200	1504310399	14	50.1597222222,17.5925	50.1533333333,17.6041666667	50.1116666667,17.6805555556	50.0966666667,17.7080555556	50.0730555556,17.7508333333	50.02,17.7847222222	49.9761111111,17.865	49.9416666667,17.4361111111	49.7955555556,17.4513888889	49.7766666667,17.5411111111	49.7633333333,17.6816666667	49.7211111111,17.7111111111	49.8177777778,16.4125	50.1597222222,17.5925
125	305	1504303200	1504310399	5	49.3663888889,17.8236111111	49.3522222222,17.9283333333	49.2191666667,17.8513888889	49.2458333333,17.5805555556	49.3663888889,17.8236111111
125	305	1504303200	1504310399	24	49.9108333333,18.4691666667	49.8802777778,18.5652777778	49.8475,18.5727777778	49.7202777778,18.6286111111	49.6652777778,18.8061111111	49.5169444444,18.8508333333	49.4972222222,18.7002777778	49.5066666667,18.5647222222	49.4338888889,18.5455555556	49.3936111111,18.4472222222	49.3972222222,18.4197222222	49.3266666667,18.3708333333	49.3038888889,18.2802777778	49.2863888889,18.1844444444	49.3522222222,17.9283333333	49.4441666667,17.9822222222	49.5833333333,17.7386111111	49.5458333333,17.7044444444	49.5705555556,17.6280555556	49.6497222222,17.6383333333	49.7047222222,17.7225	49.7211111111,17.7111111111	49.6972222222,18.0394444444	49.9108333333,18.4691666667
125	305	1504303200	1504310399	12	49.5780555556,17.4833333333	49.5569444444,17.5308333333	49.5563888889,17.5444444444	49.5705555556,17.6280555556	49.5458333333,17.7044444444	49.5833333333,17.7386111111	49.4441666667,17.9822222222	49.3522222222,17.9283333333	49.3663888889,17.8236111111	49.3972222222,17.5916666667	49.4630555556,17.4752777778	49.5780555556,17.4833333333
125	305	1504303200	1504310399	66	50.1905555556,12.3386111111	50.2402777778,12.3516666667	50.2911111111,12.3811111111	50.3255555556,12.44	50.3413888889,12.4872222222	50.3772222222,12.5925	50.3922222222,12.6336111111	50.4325,12.7505555556	50.4769444444,12.9116666667	50.5205555556,13.0091666667	50.7155555556,13.6288888889	50.7341666667,13.7675	50.5969444444,13.8	50.5366666667,13.6813888889	50.4869444444,13.5969444444	50.4075,13.5077777778	50.3288888889,13.4461111111	50.2569444444,13.4069444444	50.1819444444,13.3686111111	50.18,13.2811111111	50.0894444444,13.3263888889	49.9788888889,13.2213888889	49.9744444444,13.0386111111	49.8880555556,13.0222222222	49.7622222222,13.0669444444	49.7008333333,13.1047222222	49.6319444444,13.1836111111	49.5761111111,13.2772222222	49.5169444444,13.4136111111	49.6191666667,13.7461111111	49.5705555556,13.8622222222	49.5463888889,13.9822222222	49.5180555556,14.2052777778	49.5194444444,14.3836111111	49.5380555556,14.5275	49.0061111111,15.1202777778	48.9919444444,15.1355555556	48.9480555556,15.1836111111	48.8955555556,15.2425	48.8980555556,15.1163888889	48.8844444444,14.9711111111	49.0097222222,14.56	49.0347222222,14.4763888889	49.0561111111,14.405	48.83,13.7863888889	49.1286111111,13.3436111111	49.2116666667,13.2205555556	49.2530555556,13.1586111111	49.2733333333,13.1280555556	49.4425,12.8727777778	49.6047222222,12.6333333333	49.6361111111,12.5805555556	49.6633333333,12.5397222222	49.7022222222,12.4738888889	49.7033333333,12.4725	49.7972222222,12.4466666667	49.8108333333,12.4611111111	49.9325,12.4925	49.9725,12.4991666667	49.9911111111,12.4575	50.0158333333,12.3869444444	50.0247222222,12.3844444444	50.1305555556,12.3552777778	50.1322222222,12.3547222222	50.1697222222,12.3444444444	50.1905555556,12.3386111111
125	305	1504303200	1504310399	11	51.0,14.8586111111	50.9905555556,14.9169444444	50.9097222222,14.8566666667	50.885,14.825	50.8702777778,14.8230555556	50.835,14.8	50.9166666667,14.6333333333	50.9138888889,14.5833333333	50.9580555556,14.575	50.9991666667,14.7252777778	51.0,14.8586111111
125	305	1504303200	1504310399	6	49.3075,17.035	49.2541666667,17.4961111111	49.2233333333,17.3180555556	49.2041666667,17.2077777778	49.2155555556,17.0322222222	49.3075,17.035
125	305	1504303200	1504310399	33	49.8772222222,15.5738888889	49.4641666667,15.7827777778	49.3775,15.8461111111	49.3647222222,15.7977777778	49.2730555556,15.7069444444	49.1858333333,15.7816666667	49.1380555556,15.8805555556	48.7697222222,16.205	48.7472222222,16.1	48.7636111111,16.0477777778	48.8747222222,15.835	48.8880555556,15.6158333333	48.8963888889,15.5863888889	48.9819444444,15.3641666667	48.9858333333,15.2744444444	48.9611111111,15.2672222222	48.9480555556,15.1836111111	48.9919444444,15.1355555556	49.0061111111,15.1202777778	49.5380555556,14.5275	49.58,14.6858333333	49.5127777778,14.8563888889	49.5297222222,14.9161111111	49.5477777778,14.9627777778	49.5816666667,15.0352777778	49.6133333333,15.0922222222	49.6583333333,15.155	49.7066666667,15.1975	49.7888888889,15.2397222222	49.835,15.1319444444	49.8536111111,15.0877777778	49.915,15.1255555556	49.8772222222,15.5738888889
125	305	1504303200	1504310399	14	49.7211111111,17.7111111111	49.7047222222,17.7225	49.6497222222,17.6383333333	49.5705555556,17.6280555556	49.5563888889,17.5444444444	49.5569444444,17.5308333333	49.5780555556,17.4833333333	49.4630555556,17.4752777778	49.5669444444,17.2897222222	49.5722222222,17.1791666667	49.6802777778,16.6272222222	49.7086111111,16.5513888889	49.8177777778,16.4125	49.7211111111,17.7111111111
125	305	1504303200	1504310399	9	49.3522222222,17.9283333333	49.2863888889,18.1844444444	49.2461111111,18.1658333333	49.2333333333,18.15	49.2166666667,18.1522222222	49.1988888889,18.1436111111	49.1752777778,18.1191666667	49.2191666667,17.8513888889	49.3522222222,17.9283333333
125	305	1504303200	1504310399	8	50.0247222222,12.3844444444	49.9911111111,12.4575	49.9725,12.4991666667	49.9325,12.4925	49.8108333333,12.4611111111	49.7972222222,12.4466666667	50.0158333333,12.3869444444	50.0247222222,12.3844444444
125	305	1504303200	1504310399	46	50.8702777778,14.8230555556	50.8702777778,14.8636111111	50.87,15.0019444444	50.9044444444,14.9927777778	50.98,15.0119444444	50.9833333333,15.0025	50.9844444444,15.0005555556	50.9961111111,14.9741666667	51.0,15.0	51.0138888889,15.0947222222	50.9980555556,15.24	50.8608333333,15.3366666667	50.8080555556,15.3738888889	50.8077777778,15.3738888889	50.7808333333,15.5244444444	50.7541666667,15.6738888889	50.6505555556,16.0852777778	50.6252777778,16.1858333333	50.5875,16.4408333333	50.575,16.4166666667	50.4352777778,16.1986111111	50.3827777778,16.3061111111	50.3252777778,16.4258333333	50.2813888889,16.4691666667	50.2563888889,16.5036111111	50.2177777778,16.5569444444	50.1613888889,16.5672222222	50.1302777778,16.6286111111	49.8772222222,15.5738888889	49.915,15.1255555556	50.0308333333,15.1544444444	50.1383333333,15.1277777778	50.2394444444,15.0944444444	50.3252777778,15.0422222222	50.4158333333,14.9622222222	50.4988888889,14.8819444444	50.6077777778,14.7011111111	50.5969444444,13.8	50.7341666667,13.7675	50.8833333333,14.3333333333	50.9027777778,14.3861111111	50.9580555556,14.575	50.9138888889,14.5833333333	50.9166666667,14.6333333333	50.835,14.8	50.8702777778,14.8230555556
125	305	1504303200	1504310399	8	49.3775,15.8461111111	48.7722222222,16.2936111111	48.7697222222,16.205	49.1380555556,15.8805555556	49.1858333333,15.7816666667	49.2730555556,15.7069444444	49.3647222222,15.7977777778	49.3775,15.8461111111
125	305	1504303200	1504310399	11	49.6802777778,16.6272222222	49.4913888889,16.1761111111	49.4697222222,16.1413888889	49.3855555556,15.8772222222	49.3852777778,15.8769444444	49.3775,15.8461111111	49.4641666667,15.7827777778	49.8772222222,15.5738888889	49.8177777778,16.4125	49.7086111111,16.5513888889	49.6802777778,16.6272222222
125	305	1504303200	1504310399	23	49.2191666667,17.8513888889	49.1752777778,18.1191666667	49.1538888889,18.1233333333	49.1272222222,18.1108333333	49.0661111111,18.0911111111	49.035,18.0666666667	49.0244444444,17.9708333333	49.0247222222,17.9502777778	49.0033333333,17.9152777778	48.9716666667,17.9016666667	48.8652777778,17.7094444444	48.8580555556,17.6780555556	48.8577777778,17.6761111111	48.8411111111,17.6052777778	48.8213888889,17.5375	48.8194444444,17.4111111111	49.0105555556,17.1258333333	49.1063888889,17.1652777778	49.2041666667,17.2077777778	49.2233333333,17.3180555556	49.2541666667,17.4961111111	49.2458333333,17.5805555556	49.2191666667,17.8513888889
125	305	1504303200	1504310399	12	50.885,14.825	50.9097222222,14.8566666667	50.9905555556,14.9169444444	50.9961111111,14.9741666667	50.9844444444,15.0005555556	50.9833333333,15.0025	50.98,15.0119444444	50.9044444444,14.9927777778	50.87,15.0019444444	50.8702777778,14.8636111111	50.8702777778,14.8230555556	50.885,14.825
125	305	1504303200	1504310399	9	48.9480555556,15.1836111111	48.9611111111,15.2672222222	48.9858333333,15.2744444444	48.9819444444,15.3641666667	48.8963888889,15.5863888889	48.8880555556,15.6158333333	48.8927777778,15.3872222222	48.8955555556,15.2425	48.9480555556,15.1836111111
125	305	1504303200	1504310399	17	50.0983333333,16.6916666667	50.2038888889,16.8544444444	50.2375,16.9811111111	50.2188888889,17.0119444444	50.2591666667,17.0163888889	50.2697222222,17.0175	50.2911111111,16.9952777778	50.3080555556,16.9733333333	50.4480555556,16.9044444444	50.375,17.1988888889	50.3022222222,17.3505555556	50.255,17.4491666667	50.1597222222,17.5925	49.8177777778,16.4125	49.8772222222,15.5738888889	50.1302777778,16.6286111111	50.0983333333,16.6916666667
125	305	1504303200	1504310399	7	49.4630555556,17.4752777778	49.3972222222,17.5916666667	49.3663888889,17.8236111111	49.2458333333,17.5805555556	49.2541666667,17.4961111111	49.3075,17.035	49.4630555556,17.4752777778
125	305	1504303200	1504310399	24	49.6802777778,16.6272222222	49.5722222222,17.1791666667	49.4933333333,16.8766666667	49.3283333333,16.9175	49.2155555556,17.0322222222	49.2041666667,17.2077777778	49.1063888889,17.1652777778	49.0105555556,17.1258333333	48.8194444444,17.4111111111	48.815,17.3666666667	48.8583333333,17.175	48.8533333333,17.1677777778	48.7827777778,17.0791666667	48.6155555556,16.9408333333	48.7169444444,16.9027777778	48.7288888889,16.7891666667	48.7847222222,16.6211111111	48.7722222222,16.2936111111	49.3775,15.8461111111	49.3852777778,15.8769444444	49.3855555556,15.8772222222	49.4697222222,16.1413888889	49.4913888889,16.1761111111	49.6802777778,16.6272222222
125	305	1504303200	1504310399	8	49.5722222222,17.1791666667	49.5669444444,17.2897222222	49.4630555556,17.4752777778	49.3075,17.035	49.2155555556,17.0322222222	49.3283333333,16.9175	49.4933333333,16.8766666667	49.5722222222,17.1791666667
125	305	1504303200	1504310399	8	48.9480555556,15.1836111111	48.8955555556,15.2425	48.8980555556,15.1163888889	48.8844444444,14.9711111111	48.9638888889,14.9788888889	49.0,15.0038888889	48.9919444444,15.1355555556	48.9480555556,15.1836111111
125	305	1504303200	1504310399	15	49.9761111111,17.865	49.9908333333,17.9322222222	50.0033333333,17.9569444444	50.0302777778,17.9955555556	50.0533333333,18.005	50.0266666667,18.0969444444	49.9919444444,18.2111111111	49.9108333333,18.4691666667	49.6972222222,18.0394444444	49.7211111111,17.7111111111	49.7633333333,17.6816666667	49.7766666667,17.5411111111	49.7955555556,17.4513888889	49.9416666667,17.4361111111	49.9761111111,17.865
245	305	1504303200	1504310399	15	50.2813888889,16.4691666667	50.3252777778,16.4258333333	50.3080555556,16.9733333333	50.2911111111,16.9952777778	50.2697222222,17.0175	50.2591666667,17.0163888889	50.2188888889,17.0119444444	50.2375,16.9811111111	50.2038888889,16.8544444444	50.0983333333,16.6916666667	50.1302777778,16.6286111111	50.1613888889,16.5672222222	50.2177777778,16.5569444444	50.2563888889,16.5036111111	50.2813888889,16.4691666667
245	305	1504303200	1504310399	8	50.0730555556,17.7508333333	50.0533333333,18.005	50.0302777778,17.9955555556	50.0033333333,17.9569444444	49.9908333333,17.9322222222	49.9761111111,17.865	50.02,17.7847222222	50.0730555556,17.7508333333
305	355	1504303200	1504310399	14	50.1597222222,17.5925	50.1533333333,17.6041666667	50.1116666667,17.6805555556	50.0966666667,17.7080555556	50.0730555556,17.7508333333	50.02,17.7847222222	49.9761111111,17.865	49.9416666667,17.4361111111	49.7955555556,17.4513888889	49.7766666667,17.5411111111	49.7633333333,17.6816666667	49.7211111111,17.7111111111	49.8177777778,16.4125	50.1597222222,17.5925
305	355	1504303200	1504310399	5	49.3663888889,17.8236111111	49.3522222222,17.9283333333	49.2191666667,17.8513888889	49.2458333333,17.5805555556	49.3663888889,17.8236111111
305	355	1504303200	1504310399	12	50.885,14.825	50.9097222222,14.8566666667	50.9905555556,14.9169444444	50.9961111111,14.9741666667	50.9844444444,15.0005555556	50.9833333333,15.0025	50.98,15.0119444444	50.9044444444,14.9927777778	50.87,15.0019444444	50.8702777778,14.8636111111	50.8702777778,14.8230555556	50.885,14.825
305	355	1504303200	1504310399	31	50.5969444444,13.8	50.525,13.8166666667	50.4633333333,13.8452777778	50.3083333333,13.9166666667	49.9797222222,14.0622222222	49.7916666667,14.1522222222	49.7375,14.2977777778	49.7352777778,14.3030555556	49.5380555556,14.5275	49.5194444444,14.3836111111	49.5180555556,14.2052777778	49.5463888889,13.9822222222	49.5705555556,13.8622222222	49.6191666667,13.7461111111	49.5169444444,13.4136111111	49.5761111111,13.2772222222	49.6319444444,13.1836111111	49.7008333333,13.1047222222	49.7622222222,13.0669444444	49.8880555556,13.0222222222	49.9744444444,13.0386111111	49.9788888889,13.2213888889	50.0894444444,13.3263888889	50.18,13.2811111111	50.1819444444,13.3686111111	50.2569444444,13.4069444444	50.3288888889,13.4461111111	50.4075,13.5077777778	50.4869444444,13.5969444444	50.5366666667,13.6813888889	50.5969444444,13.8
305	355	1504303200	1504310399	12	49.5780555556,17.4833333333	49.5569444444,17.5308333333	49.5563888889,17.5444444444	49.5705555556,17.6280555556	49.5458333333,17.7044444444	49.5833333333,17.7386111111	49.4441666667,17.9822222222	49.3522222222,17.9283333333	49.3663888889,17.8236111111	49.3972222222,17.5916666667	49.4630555556,17.4752777778	49.5780555556,17.4833333333
305	355	1504303200	1504310399	66	50.1905555556,12.3386111111	50.2402777778,12.3516666667	50.2911111111,12.3811111111	50.3255555556,12.44	50.3413888889,12.4872222222	50.3772222222,12.5925	50.3922222222,12.6336111111	50.4325,12.7505555556	50.4769444444,12.9116666667	50.5205555556,13.0091666667	50.7155555556,13.6288888889	50.7341666667,13.7675	50.5969444444,13.8	50.5366666667,13.6813888889	50.4869444444,13.5969444444	50.4075,13.5077777778	50.3288888889,13.4461111111	50.2569444444,13.4069444444	50.1819444444,13.3686111111	50.18,13.2811111111	50.0894444444,13.3263888889	49.9788888889,13.2213888889	49.9744444444,13.0386111111	49.8880555556,13.0222222222	49.7622222222,13.0669444444	49.7008333333,13.1047222222	49.6319444444,13.1836111111	49.5761111111,13.2772222222	49.5169444444,13.4136111111	49.6191666667,13.7461111111	49.5705555556,13.8622222222	49.5463888889,13.9822222222	49.5180555556,14.2052777778	49.5194444444,14.3836111111	49.5380555556,14.5275	49.0061111111,15.1202777778	48.9919444444,15.1355555556	48.9480555556,15.1836111111	48.8955555556,15.2425	48.8980555556,15.1163888889	48.8844444444,14.9711111111	49.0097222222,14.56	49.0347222222,14.4763888889	49.0561111111,14.405	48.83,13.7863888889	49.1286111111,13.3436111111	49.2116666667,13.2205555556	49.2530555556,13.1586111111	49.2733333333,13.1280555556	49.4425,12.8727777778	49.6047222222,12.6333333333	49.6361111111,12.5805555556	49.6633333333,12.5397222222	49.7022222222,12.4738888889	49.7033333333,12.4725	49.7972222222,12.4466666667	49.8108333333,12.4611111111	49.9325,12.4925	49.9725,12.4991666667	49.9911111111,12.4575	50.0158333333,12.3869444444	50.0247222222,12.3844444444	50.1305555556,12.3552777778	50.1322222222,12.3547222222	50.1697222222,12.3444444444	50.1905555556,12.3386111111
305	355	1504303200	1504310399	11	51.0,14.8586111111	50.9905555556,14.9169444444	50.9097222222,14.8566666667	50.885,14.825	50.8702777778,14.8230555556	50.835,14.8	50.9166666667,14.6333333333	50.9138888889,14.5833333333	50.9580555556,14.575	50.9991666667,14.7252777778	51.0,14.8586111111
305	355	1504303200	1504310399	6	49.3075,17.035	49.2541666667,17.4961111111	49.2233333333,17.3180555556	49.2041666667,17.2077777778	49.2155555556,17.0322222222	49.3075,17.035
305	355	1504303200	1504310399	8	50.0247222222,12.3844444444	49.9911111111,12.4575	49.9725,12.4991666667	49.9325,12.4925	49.8108333333,12.4611111111	49.7972222222,12.4466666667	50.0158333333,12.3869444444	50.0247222222,12.3844444444
305	355	1504303200	1504310399	14	49.7211111111,17.7111111111	49.7047222222,17.7225	49.6497222222,17.6383333333	49.5705555556,17.6280555556	49.5563888889,17.5444444444	49.5569444444,17.5308333333	49.5780555556,17.4833333333	49.4630555556,17.4752777778	49.5669444444,17.2897222222	49.5722222222,17.1791666667	49.6802777778,16.6272222222	49.7086111111,16.5513888889	49.8177777778,16.4125	49.7211111111,17.7111111111
305	355	1504303200	1504310399	15	50.2813888889,16.4691666667	50.3252777778,16.4258333333	50.3080555556,16.9733333333	50.2911111111,16.9952777778	50.2697222222,17.0175	50.2591666667,17.0163888889	50.2188888889,17.0119444444	50.2375,16.9811111111	50.2038888889,16.8544444444	50.0983333333,16.6916666667	50.1302777778,16.6286111111	50.1613888889,16.5672222222	50.2177777778,16.5569444444	50.2563888889,16.5036111111	50.2813888889,16.4691666667
305	355	1504303200	1504310399	9	49.3522222222,17.9283333333	49.2863888889,18.1844444444	49.2461111111,18.1658333333	49.2333333333,18.15	49.2166666667,18.1522222222	49.1988888889,18.1436111111	49.1752777778,18.1191666667	49.2191666667,17.8513888889	49.3522222222,17.9283333333
305	355	1504303200	1504310399	33	49.8772222222,15.5738888889	49.4641666667,15.7827777778	49.3775,15.8461111111	49.3647222222,15.7977777778	49.2730555556,15.7069444444	49.1858333333,15.7816666667	49.1380555556,15.8805555556	48.7697222222,16.205	48.7472222222,16.1	48.7636111111,16.0477777778	48.8747222222,15.835	48.8880555556,15.6158333333	48.8963888889,15.5863888889	48.9819444444,15.3641666667	48.9858333333,15.2744444444	48.9611111111,15.2672222222	48.9480555556,15.1836111111	48.9919444444,15.1355555556	49.0061111111,15.1202777778	49.5380555556,14.5275	49.58,14.6858333333	49.5127777778,14.8563888889	49.5297222222,14.9161111111	49.5477777778,14.9627777778	49.5816666667,15.0352777778	49.6133333333,15.0922222222	49.6583333333,15.155	49.7066666667,15.1975	49.7888888889,15.2397222222	49.835,15.1319444444	49.8536111111,15.0877777778	49.915,15.1255555556	49.8772222222,15.5738888889
305	355	1504303200	1504310399	46	50.8702777778,14.8230555556	50.8702777778,14.8636111111	50.87,15.0019444444	50.9044444444,14.9927777778	50.98,15.0119444444	50.9833333333,15.0025	50.9844444444,15.0005555556	50.9961111111,14.9741666667	51.0,15.0	51.0138888889,15.0947222222	50.9980555556,15.24	50.8608333333,15.3366666667	50.8080555556,15.3738888889	50.8077777778,15.3738888889	50.7808333333,15.5244444444	50.7541666667,15.6738888889	50.6505555556,16.0852777778	50.6252777778,16.1858333333	50.5875,16.4408333333	50.575,16.4166666667	50.4352777778,16.1986111111	50.3827777778,16.3061111111	50.3252777778,16.4258333333	50.2813888889,16.4691666667	50.2563888889,16.5036111111	50.2177777778,16.5569444444	50.1613888889,16.5672222222	50.1302777778,16.6286111111	49.8772222222,15.5738888889	49.915,15.1255555556	50.0308333333,15.1544444444	50.1383333333,15.1277777778	50.2394444444,15.0944444444	50.3252777778,15.0422222222	50.4158333333,14.9622222222	50.4988888889,14.8819444444	50.6077777778,14.7011111111	50.5969444444,13.8	50.7341666667,13.7675	50.8833333333,14.3333333333	50.9027777778,14.3861111111	50.9580555556,14.575	50.9138888889,14.5833333333	50.9166666667,14.6333333333	50.835,14.8	50.8702777778,14.8230555556
305	355	1504303200	1504310399	16	50.5969444444,13.8	50.6077777778,14.7011111111	50.4988888889,14.8819444444	50.4158333333,14.9622222222	50.3252777778,15.0422222222	50.2394444444,15.0944444444	50.1383333333,15.1277777778	50.0308333333,15.1544444444	49.915,15.1255555556	49.9247222222,14.9361111111	49.9588888889,14.4669444444	49.9797222222,14.0622222222	50.3083333333,13.9166666667	50.4633333333,13.8452777778	50.525,13.8166666667	50.5969444444,13.8
305	355	1504303200	1504310399	8	49.3775,15.8461111111	48.7722222222,16.2936111111	48.7697222222,16.205	49.1380555556,15.8805555556	49.1858333333,15.7816666667	49.2730555556,15.7069444444	49.3647222222,15.7977777778	49.3775,15.8461111111
305	355	1504303200	1504310399	8	50.0730555556,17.7508333333	50.0533333333,18.005	50.0302777778,17.9955555556	50.0033333333,17.9569444444	49.9908333333,17.9322222222	49.9761111111,17.865	50.02,17.7847222222	50.0730555556,17.7508333333
305	355	1504303200	1504310399	11	49.6802777778,16.6272222222	49.4913888889,16.1761111111	49.4697222222,16.1413888889	49.3855555556,15.8772222222	49.3852777778,15.8769444444	49.3775,15.8461111111	49.4641666667,15.7827777778	49.8772222222,15.5738888889	49.8177777778,16.4125	49.7086111111,16.5513888889	49.6802777778,16.6272222222
305	355	1504303200	1504310399	23	49.2191666667,17.8513888889	49.1752777778,18.1191666667	49.1538888889,18.1233333333	49.1272222222,18.1108333333	49.0661111111,18.0911111111	49.035,18.0666666667	49.0244444444,17.9708333333	49.0247222222,17.9502777778	49.0033333333,17.9152777778	48.9716666667,17.9016666667	48.8652777778,17.7094444444	48.8580555556,17.6780555556	48.8577777778,17.6761111111	48.8411111111,17.6052777778	48.8213888889,17.5375	48.8194444444,17.4111111111	49.0105555556,17.1258333333	49.1063888889,17.1652777778	49.2041666667,17.2077777778	49.2233333333,17.3180555556	49.2541666667,17.4961111111	49.2458333333,17.5805555556	49.2191666667,17.8513888889
305	355	1504303200	1504310399	24	49.9108333333,18.4691666667	49.8802777778,18.5652777778	49.8475,18.5727777778	49.7202777778,18.6286111111	49.6652777778,18.8061111111	49.5169444444,18.8508333333	49.4972222222,18.7002777778	49.5066666667,18.5647222222	49.4338888889,18.5455555556	49.3936111111,18.4472222222	49.3972222222,18.4197222222	49.3266666667,18.3708333333	49.3038888889,18.2802777778	49.2863888889,18.1844444444	49.3522222222,17.9283333333	49.4441666667,17.9822222222	49.5833333333,17.7386111111	49.5458333333,17.7044444444	49.5705555556,17.6280555556	49.6497222222,17.6383333333	49.7047222222,17.7225	49.7211111111,17.7111111111	49.6972222222,18.0394444444	49.9108333333,18.4691666667
305	355	1504303200	1504310399	9	48.9480555556,15.1836111111	48.9611111111,15.2672222222	48.9858333333,15.2744444444	48.9819444444,15.3641666667	48.8963888889,15.5863888889	48.8880555556,15.6158333333	48.8927777778,15.3872222222	48.8955555556,15.2425	48.9480555556,15.1836111111
305	355	1504303200	1504310399	17	50.0983333333,16.6916666667	50.2038888889,16.8544444444	50.2375,16.9811111111	50.2188888889,17.0119444444	50.2591666667,17.0163888889	50.2697222222,17.0175	50.2911111111,16.9952777778	50.3080555556,16.9733333333	50.4480555556,16.9044444444	50.375,17.1988888889	50.3022222222,17.3505555556	50.255,17.4491666667	50.1597222222,17.5925	49.8177777778,16.4125	49.8772222222,15.5738888889	50.1302777778,16.6286111111	50.0983333333,16.6916666667
305	355	1504303200	1504310399	7	49.4630555556,17.4752777778	49.3972222222,17.5916666667	49.3663888889,17.8236111111	49.2458333333,17.5805555556	49.2541666667,17.4961111111	49.3075,17.035	49.4630555556,17.4752777778
305	355	1504303200	1504310399	24	49.6802777778,16.6272222222	49.5722222222,17.1791666667	49.4933333333,16.8766666667	49.3283333333,16.9175	49.2155555556,17.0322222222	49.2041666667,17.2077777778	49.1063888889,17.1652777778	49.0105555556,17.1258333333	48.8194444444,17.4111111111	48.815,17.3666666667	48.8583333333,17.175	48.8533333333,17.1677777778	48.7827777778,17.0791666667	48.6155555556,16.9408333333	48.7169444444,16.9027777778	48.7288888889,16.7891666667	48.7847222222,16.6211111111	48.7722222222,16.2936111111	49.3775,15.8461111111	49.3852777778,15.8769444444	49.3855555556,15.8772222222	49.4697222222,16.1413888889	49.4913888889,16.1761111111	49.6802777778,16.6272222222
305	355	1504303200	1504310399	8	49.5722222222,17.1791666667	49.5669444444,17.2897222222	49.4630555556,17.4752777778	49.3075,17.035	49.2155555556,17.0322222222	49.3283333333,16.9175	49.4933333333,16.8766666667	49.5722222222,17.1791666667
305	355	1504303200	1504310399	8	48.9480555556,15.1836111111	48.8955555556,15.2425	48.8980555556,15.1163888889	48.8844444444,14.9711111111	48.9638888889,14.9788888889	49.0,15.0038888889	48.9919444444,15.1355555556	48.9480555556,15.1836111111
305	355	1504303200	1504310399	6	49.9588888889,14.4669444444	49.7352777778,14.3030555556	49.7375,14.2977777778	49.7916666667,14.1522222222	49.9797222222,14.0622222222	49.9588888889,14.4669444444
305	355	1504303200	1504310399	17	49.915,15.1255555556	49.8536111111,15.0877777778	49.835,15.1319444444	49.7888888889,15.2397222222	49.7066666667,15.1975	49.6583333333,15.155	49.6133333333,15.0922222222	49.5816666667,15.0352777778	49.5477777778,14.9627777778	49.5297222222,14.9161111111	49.5127777778,14.8563888889	49.58,14.6858333333	49.5380555556,14.5275	49.7352777778,14.3030555556	49.9588888889,14.4669444444	49.9247222222,14.9361111111	49.915,15.1255555556
305	355	1504303200	1504310399	15	49.9761111111,17.865	49.9908333333,17.9322222222	50.0033333333,17.9569444444	50.0302777778,17.9955555556	50.0533333333,18.005	50.0266666667,18.0969444444	49.9919444444,18.2111111111	49.9108333333,18.4691666667	49.6972222222,18.0394444444	49.7211111111,17.7111111111	49.7633333333,17.6816666667	49.7766666667,17.5411111111	49.7955555556,17.4513888889	49.9416666667,17.4361111111	49.9761111111,17.865
125	285	1504303200	1504310399	13	50.255,17.4491666667	50.2688888889,17.4675	50.2727777778,17.6347222222	50.3261111111,17.6966666667	50.3011111111,17.7452777778	50.2094444444,17.7480555556	50.2052777778,17.7480555556	50.2027777778,17.7366666667	50.2025,17.7347222222	50.2025,17.7344444444	50.16,17.5927777778	50.1597222222,17.5925	50.255,17.4491666667
165	305	1504303200	1504310399	6	49.9588888889,14.4669444444	49.7352777778,14.3030555556	49.7375,14.2977777778	49.7916666667,14.1522222222	49.9797222222,14.0622222222	49.9588888889,14.4669444444
165	305	1504303200	1504310399	16	50.5969444444,13.8	50.6077777778,14.7011111111	50.4988888889,14.8819444444	50.4158333333,14.9622222222	50.3252777778,15.0422222222	50.2394444444,15.0944444444	50.1383333333,15.1277777778	50.0308333333,15.1544444444	49.915,15.1255555556	49.9247222222,14.9361111111	49.9588888889,14.4669444444	49.9797222222,14.0622222222	50.3083333333,13.9166666667	50.4633333333,13.8452777778	50.525,13.8166666667	50.5969444444,13.8
165	305	1504303200	1504310399	17	49.915,15.1255555556	49.8536111111,15.0877777778	49.835,15.1319444444	49.7888888889,15.2397222222	49.7066666667,15.1975	49.6583333333,15.155	49.6133333333,15.0922222222	49.5816666667,15.0352777778	49.5477777778,14.9627777778	49.5297222222,14.9161111111	49.5127777778,14.8563888889	49.58,14.6858333333	49.5380555556,14.5275	49.7352777778,14.3030555556	49.9588888889,14.4669444444	49.9247222222,14.9361111111	49.915,15.1255555556
165	305	1504303200	1504310399	31	50.5969444444,13.8	50.525,13.8166666667	50.4633333333,13.8452777778	50.3083333333,13.9166666667	49.9797222222,14.0622222222	49.7916666667,14.1522222222	49.7375,14.2977777778	49.7352777778,14.3030555556	49.5380555556,14.5275	49.5194444444,14.3836111111	49.5180555556,14.2052777778	49.5463888889,13.9822222222	49.5705555556,13.8622222222	49.6191666667,13.7461111111	49.5169444444,13.4136111111	49.5761111111,13.2772222222	49.6319444444,13.1836111111	49.7008333333,13.1047222222	49.7622222222,13.0669444444	49.8880555556,13.0222222222	49.9744444444,13.0386111111	49.9788888889,13.2213888889	50.0894444444,13.3263888889	50.18,13.2811111111	50.1819444444,13.3686111111	50.2569444444,13.4069444444	50.3288888889,13.4461111111	50.4075,13.5077777778	50.4869444444,13.5969444444	50.5366666667,13.6813888889	50.5969444444,13.8
