9
355	375	1504274400	1504277999	14	50.1597222222,17.5925	50.1533333333,17.6041666667	50.1116666667,17.6805555556	50.0966666667,17.7080555556	50.0730555556,17.7508333333	50.02,17.7847222222	49.9761111111,17.865	49.9416666667,17.4361111111	49.7955555556,17.4513888889	49.7766666667,17.5411111111	49.7633333333,17.6816666667	49.7211111111,17.7111111111	49.8177777778,16.4125	50.1597222222,17.5925
355	375	1504274400	1504277999	15	50.2813888889,16.4691666667	50.3252777778,16.4258333333	50.3080555556,16.9733333333	50.2911111111,16.9952777778	50.2697222222,17.0175	50.2591666667,17.0163888889	50.2188888889,17.0119444444	50.2375,16.9811111111	50.2038888889,16.8544444444	50.0983333333,16.6916666667	50.1302777778,16.6286111111	50.1613888889,16.5672222222	50.2177777778,16.5569444444	50.2563888889,16.5036111111	50.2813888889,16.4691666667
355	375	1504274400	1504277999	12	50.885,14.825	50.9097222222,14.8566666667	50.9905555556,14.9169444444	50.9961111111,14.9741666667	50.9844444444,15.0005555556	50.9833333333,15.0025	50.98,15.0119444444	50.9044444444,14.9927777778	50.87,15.0019444444	50.8702777778,14.8636111111	50.8702777778,14.8230555556	50.885,14.825
355	375	1504274400	1504277999	46	50.8702777778,14.8230555556	50.8702777778,14.8636111111	50.87,15.0019444444	50.9044444444,14.9927777778	50.98,15.0119444444	50.9833333333,15.0025	50.9844444444,15.0005555556	50.9961111111,14.9741666667	51.0,15.0	51.0138888889,15.0947222222	50.9980555556,15.24	50.8608333333,15.3366666667	50.8080555556,15.3738888889	50.8077777778,15.3738888889	50.7808333333,15.5244444444	50.7541666667,15.6738888889	50.6505555556,16.0852777778	50.6252777778,16.1858333333	50.5875,16.4408333333	50.575,16.4166666667	50.4352777778,16.1986111111	50.3827777778,16.3061111111	50.3252777778,16.4258333333	50.2813888889,16.4691666667	50.2563888889,16.5036111111	50.2177777778,16.5569444444	50.1613888889,16.5672222222	50.1302777778,16.6286111111	49.8772222222,15.5738888889	49.915,15.1255555556	50.0308333333,15.1544444444	50.1383333333,15.1277777778	50.2394444444,15.0944444444	50.3252777778,15.0422222222	50.4158333333,14.9622222222	50.4988888889,14.8819444444	50.6077777778,14.7011111111	50.5969444444,13.8	50.7341666667,13.7675	50.8833333333,14.3333333333	50.9027777778,14.3861111111	50.9580555556,14.575	50.9138888889,14.5833333333	50.9166666667,14.6333333333	50.835,14.8	50.8702777778,14.8230555556
355	375	1504274400	1504277999	16	50.5969444444,13.8	50.6077777778,14.7011111111	50.4988888889,14.8819444444	50.4158333333,14.9622222222	50.3252777778,15.0422222222	50.2394444444,15.0944444444	50.1383333333,15.1277777778	50.0308333333,15.1544444444	49.915,15.1255555556	49.9247222222,14.9361111111	49.9588888889,14.4669444444	49.9797222222,14.0622222222	50.3083333333,13.9166666667	50.4633333333,13.8452777778	50.525,13.8166666667	50.5969444444,13.8
355	375	1504274400	1504277999	8	50.0730555556,17.7508333333	50.0533333333,18.005	50.0302777778,17.9955555556	50.0033333333,17.9569444444	49.9908333333,17.9322222222	49.9761111111,17.865	50.02,17.7847222222	50.0730555556,17.7508333333
355	375	1504274400	1504277999	17	50.0983333333,16.6916666667	50.2038888889,16.8544444444	50.2375,16.9811111111	50.2188888889,17.0119444444	50.2591666667,17.0163888889	50.2697222222,17.0175	50.2911111111,16.9952777778	50.3080555556,16.9733333333	50.4480555556,16.9044444444	50.375,17.1988888889	50.3022222222,17.3505555556	50.255,17.4491666667	50.1597222222,17.5925	49.8177777778,16.4125	49.8772222222,15.5738888889	50.1302777778,16.6286111111	50.0983333333,16.6916666667
355	375	1504274400	1504277999	11	51.0,14.8586111111	50.9905555556,14.9169444444	50.9097222222,14.8566666667	50.885,14.825	50.8702777778,14.8230555556	50.835,14.8	50.9166666667,14.6333333333	50.9138888889,14.5833333333	50.9580555556,14.575	50.9991666667,14.7252777778	51.0,14.8586111111
355	375	1504274400	1504277999	15	49.9761111111,17.865	49.9908333333,17.9322222222	50.0033333333,17.9569444444	50.0302777778,17.9955555556	50.0533333333,18.005	50.0266666667,18.0969444444	49.9919444444,18.2111111111	49.9108333333,18.4691666667	49.6972222222,18.0394444444	49.7211111111,17.7111111111	49.7633333333,17.6816666667	49.7766666667,17.5411111111	49.7955555556,17.4513888889	49.9416666667,17.4361111111	49.9761111111,17.865
