15
355	375	1504256400	1504267199	14	49.7211111111,17.7111111111	49.7047222222,17.7225	49.6497222222,17.6383333333	49.5705555556,17.6280555556	49.5563888889,17.5444444444	49.5569444444,17.5308333333	49.5780555556,17.4833333333	49.4630555556,17.4752777778	49.5669444444,17.2897222222	49.5722222222,17.1791666667	49.6802777778,16.6272222222	49.7086111111,16.5513888889	49.8177777778,16.4125	49.7211111111,17.7111111111
355	375	1504256400	1504267199	8	49.3775,15.8461111111	48.7722222222,16.2936111111	48.7697222222,16.205	49.1380555556,15.8805555556	49.1858333333,15.7816666667	49.2730555556,15.7069444444	49.3647222222,15.7977777778	49.3775,15.8461111111
355	375	1504256400	1504267199	9	49.3522222222,17.9283333333	49.2863888889,18.1844444444	49.2461111111,18.1658333333	49.2333333333,18.15	49.2166666667,18.1522222222	49.1988888889,18.1436111111	49.1752777778,18.1191666667	49.2191666667,17.8513888889	49.3522222222,17.9283333333
355	375	1504256400	1504267199	5	49.3663888889,17.8236111111	49.3522222222,17.9283333333	49.2191666667,17.8513888889	49.2458333333,17.5805555556	49.3663888889,17.8236111111
355	375	1504256400	1504267199	17	49.915,15.1255555556	49.8536111111,15.0877777778	49.835,15.1319444444	49.7888888889,15.2397222222	49.7066666667,15.1975	49.6583333333,15.155	49.6133333333,15.0922222222	49.5816666667,15.0352777778	49.5477777778,14.9627777778	49.5297222222,14.9161111111	49.5127777778,14.8563888889	49.58,14.6858333333	49.5380555556,14.5275	49.7352777778,14.3030555556	49.9588888889,14.4669444444	49.9247222222,14.9361111111	49.915,15.1255555556
355	375	1504256400	1504267199	24	49.9108333333,18.4691666667	49.8802777778,18.5652777778	49.8475,18.5727777778	49.7202777778,18.6286111111	49.6652777778,18.8061111111	49.5169444444,18.8508333333	49.4972222222,18.7002777778	49.5066666667,18.5647222222	49.4338888889,18.5455555556	49.3936111111,18.4472222222	49.3972222222,18.4197222222	49.3266666667,18.3708333333	49.3038888889,18.2802777778	49.2863888889,18.1844444444	49.3522222222,17.9283333333	49.4441666667,17.9822222222	49.5833333333,17.7386111111	49.5458333333,17.7044444444	49.5705555556,17.6280555556	49.6497222222,17.6383333333	49.7047222222,17.7225	49.7211111111,17.7111111111	49.6972222222,18.0394444444	49.9108333333,18.4691666667
355	375	1504256400	1504267199	9	48.9480555556,15.1836111111	48.9611111111,15.2672222222	48.9858333333,15.2744444444	48.9819444444,15.3641666667	48.8963888889,15.5863888889	48.8880555556,15.6158333333	48.8927777778,15.3872222222	48.8955555556,15.2425	48.9480555556,15.1836111111
355	375	1504256400	1504267199	12	49.5780555556,17.4833333333	49.5569444444,17.5308333333	49.5563888889,17.5444444444	49.5705555556,17.6280555556	49.5458333333,17.7044444444	49.5833333333,17.7386111111	49.4441666667,17.9822222222	49.3522222222,17.9283333333	49.3663888889,17.8236111111	49.3972222222,17.5916666667	49.4630555556,17.4752777778	49.5780555556,17.4833333333
355	375	1504256400	1504267199	11	49.6802777778,16.6272222222	49.4913888889,16.1761111111	49.4697222222,16.1413888889	49.3855555556,15.8772222222	49.3852777778,15.8769444444	49.3775,15.8461111111	49.4641666667,15.7827777778	49.8772222222,15.5738888889	49.8177777778,16.4125	49.7086111111,16.5513888889	49.6802777778,16.6272222222
355	375	1504256400	1504267199	7	49.4630555556,17.4752777778	49.3972222222,17.5916666667	49.3663888889,17.8236111111	49.2458333333,17.5805555556	49.2541666667,17.4961111111	49.3075,17.035	49.4630555556,17.4752777778
355	375	1504256400	1504267199	24	49.6802777778,16.6272222222	49.5722222222,17.1791666667	49.4933333333,16.8766666667	49.3283333333,16.9175	49.2155555556,17.0322222222	49.2041666667,17.2077777778	49.1063888889,17.1652777778	49.0105555556,17.1258333333	48.8194444444,17.4111111111	48.815,17.3666666667	48.8583333333,17.175	48.8533333333,17.1677777778	48.7827777778,17.0791666667	48.6155555556,16.9408333333	48.7169444444,16.9027777778	48.7288888889,16.7891666667	48.7847222222,16.6211111111	48.7722222222,16.2936111111	49.3775,15.8461111111	49.3852777778,15.8769444444	49.3855555556,15.8772222222	49.4697222222,16.1413888889	49.4913888889,16.1761111111	49.6802777778,16.6272222222
355	375	1504256400	1504267199	6	49.3075,17.035	49.2541666667,17.4961111111	49.2233333333,17.3180555556	49.2041666667,17.2077777778	49.2155555556,17.0322222222	49.3075,17.035
355	375	1504256400	1504267199	33	49.8772222222,15.5738888889	49.4641666667,15.7827777778	49.3775,15.8461111111	49.3647222222,15.7977777778	49.2730555556,15.7069444444	49.1858333333,15.7816666667	49.1380555556,15.8805555556	48.7697222222,16.205	48.7472222222,16.1	48.7636111111,16.0477777778	48.8747222222,15.835	48.8880555556,15.6158333333	48.8963888889,15.5863888889	48.9819444444,15.3641666667	48.9858333333,15.2744444444	48.9611111111,15.2672222222	48.9480555556,15.1836111111	48.9919444444,15.1355555556	49.0061111111,15.1202777778	49.5380555556,14.5275	49.58,14.6858333333	49.5127777778,14.8563888889	49.5297222222,14.9161111111	49.5477777778,14.9627777778	49.5816666667,15.0352777778	49.6133333333,15.0922222222	49.6583333333,15.155	49.7066666667,15.1975	49.7888888889,15.2397222222	49.835,15.1319444444	49.8536111111,15.0877777778	49.915,15.1255555556	49.8772222222,15.5738888889
355	375	1504256400	1504267199	23	49.2191666667,17.8513888889	49.1752777778,18.1191666667	49.1538888889,18.1233333333	49.1272222222,18.1108333333	49.0661111111,18.0911111111	49.035,18.0666666667	49.0244444444,17.9708333333	49.0247222222,17.9502777778	49.0033333333,17.9152777778	48.9716666667,17.9016666667	48.8652777778,17.7094444444	48.8580555556,17.6780555556	48.8577777778,17.6761111111	48.8411111111,17.6052777778	48.8213888889,17.5375	48.8194444444,17.4111111111	49.0105555556,17.1258333333	49.1063888889,17.1652777778	49.2041666667,17.2077777778	49.2233333333,17.3180555556	49.2541666667,17.4961111111	49.2458333333,17.5805555556	49.2191666667,17.8513888889
355	375	1504256400	1504267199	8	49.5722222222,17.1791666667	49.5669444444,17.2897222222	49.4630555556,17.4752777778	49.3075,17.035	49.2155555556,17.0322222222	49.3283333333,16.9175	49.4933333333,16.8766666667	49.5722222222,17.1791666667
