54
345	365	1504240200	1504241999	10	48.2652777778,12.8827777778	48.2636111111,13.0958333333	48.2433333333,13.1663888889	48.0833333333,13.1666666667	48.0,13.1366666667	48.0,12.8591666667	48.0069444444,12.8575	48.0241666667,12.7713888889	48.1644444444,12.8344444444	48.2652777778,12.8827777778
345	365	1504240200	1504241999	7	48.2433333333,13.1663888889	48.1766666667,13.3975	48.0,13.6119444444	48.0,13.2305555556	48.0,13.1366666667	48.0833333333,13.1666666667	48.2433333333,13.1663888889
345	365	1504240200	1504241999	5	48.0,13.6119444444	48.0019444444,13.8708333333	47.87,14.0613888889	47.8697222222,13.7697222222	48.0,13.6119444444
345	365	1504240200	1504241999	6	48.1766666667,13.3975	48.1408333333,13.52	48.1152777778,13.6080555556	48.0019444444,13.8708333333	48.0,13.6119444444	48.1766666667,13.3975
345	365	1504240200	1504241999	10	47.58,13.4947222222	47.5255555556,13.5522222222	47.5355555556,13.6216666667	47.5133333333,13.6775	47.4733333333,13.6969444444	47.4277777778,13.6647222222	47.4116666667,13.6847222222	47.4322222222,13.4958333333	47.4538888889,13.4958333333	47.58,13.4947222222
345	365	1504240200	1504241999	20	47.8697222222,13.3316666667	47.8697222222,13.7697222222	47.8486111111,13.7952777778	47.7036111111,14.3008333333	47.4705555556,14.2433333333	47.3827777778,13.9525	47.4116666667,13.6847222222	47.4277777778,13.6647222222	47.4733333333,13.6969444444	47.5133333333,13.6775	47.5355555556,13.6216666667	47.5255555556,13.5522222222	47.58,13.4947222222	47.6636111111,13.405	47.7086111111,13.3547222222	47.75,13.3125	47.7744444444,13.3177777778	47.8038888889,13.3244444444	47.8622222222,13.3375	47.8697222222,13.3316666667
345	365	1504240200	1504241999	5	47.8697222222,13.7697222222	47.87,14.0613888889	47.7036111111,14.3008333333	47.8486111111,13.7952777778	47.8697222222,13.7697222222
345	365	1504240200	1504241999	18	47.8405555556,12.7413888889	47.885,12.9763888889	47.8622222222,13.3375	47.8038888889,13.3244444444	47.7744444444,13.3177777778	47.75,13.3125	47.7086111111,13.3547222222	47.6636111111,13.405	47.58,13.4947222222	47.4538888889,13.4958333333	47.4322222222,13.4958333333	47.4497222222,13.3330555556	47.5958333333,13.08	47.7222222222,12.8680555556	47.7361111111,12.8533333333	47.7722222222,12.8147222222	47.8222222222,12.7608333333	47.8405555556,12.7413888889
345	365	1504240200	1504241999	10	48.0241666667,12.7713888889	48.0069444444,12.8575	48.0,12.8591666667	48.0,13.1366666667	48.0,13.2305555556	47.8697222222,13.3316666667	47.8622222222,13.3375	47.885,12.9763888889	47.8405555556,12.7413888889	48.0241666667,12.7713888889
345	365	1504240200	1504241999	5	48.0,13.2305555556	48.0,13.6119444444	47.8697222222,13.7697222222	47.8697222222,13.3316666667	48.0,13.2305555556
365	385	1504240200	1504241999	10	48.0241666667,12.7713888889	48.0069444444,12.8575	48.0,12.8591666667	48.0,13.1366666667	48.0,13.2305555556	47.8697222222,13.3316666667	47.8622222222,13.3375	47.885,12.9763888889	47.8405555556,12.7413888889	48.0241666667,12.7713888889
365	385	1504240200	1504241999	7	48.2433333333,13.1663888889	48.1766666667,13.3975	48.0,13.6119444444	48.0,13.2305555556	48.0,13.1366666667	48.0833333333,13.1666666667	48.2433333333,13.1663888889
365	385	1504240200	1504241999	5	48.0,13.6119444444	48.0019444444,13.8708333333	47.87,14.0613888889	47.8697222222,13.7697222222	48.0,13.6119444444
365	385	1504240200	1504241999	6	48.1766666667,13.3975	48.1408333333,13.52	48.1152777778,13.6080555556	48.0019444444,13.8708333333	48.0,13.6119444444	48.1766666667,13.3975
365	385	1504240200	1504241999	10	47.58,13.4947222222	47.5255555556,13.5522222222	47.5355555556,13.6216666667	47.5133333333,13.6775	47.4733333333,13.6969444444	47.4277777778,13.6647222222	47.4116666667,13.6847222222	47.4322222222,13.4958333333	47.4538888889,13.4958333333	47.58,13.4947222222
365	385	1504240200	1504241999	20	47.8697222222,13.3316666667	47.8697222222,13.7697222222	47.8486111111,13.7952777778	47.7036111111,14.3008333333	47.4705555556,14.2433333333	47.3827777778,13.9525	47.4116666667,13.6847222222	47.4277777778,13.6647222222	47.4733333333,13.6969444444	47.5133333333,13.6775	47.5355555556,13.6216666667	47.5255555556,13.5522222222	47.58,13.4947222222	47.6636111111,13.405	47.7086111111,13.3547222222	47.75,13.3125	47.7744444444,13.3177777778	47.8038888889,13.3244444444	47.8622222222,13.3375	47.8697222222,13.3316666667
365	385	1504240200	1504241999	5	47.8697222222,13.7697222222	47.87,14.0613888889	47.7036111111,14.3008333333	47.8486111111,13.7952777778	47.8697222222,13.7697222222
365	385	1504240200	1504241999	18	47.8405555556,12.7413888889	47.885,12.9763888889	47.8622222222,13.3375	47.8038888889,13.3244444444	47.7744444444,13.3177777778	47.75,13.3125	47.7086111111,13.3547222222	47.6636111111,13.405	47.58,13.4947222222	47.4538888889,13.4958333333	47.4322222222,13.4958333333	47.4497222222,13.3330555556	47.5958333333,13.08	47.7222222222,12.8680555556	47.7361111111,12.8533333333	47.7722222222,12.8147222222	47.8222222222,12.7608333333	47.8405555556,12.7413888889
365	385	1504240200	1504241999	10	48.2652777778,12.8827777778	48.2636111111,13.0958333333	48.2433333333,13.1663888889	48.0833333333,13.1666666667	48.0,13.1366666667	48.0,12.8591666667	48.0069444444,12.8575	48.0241666667,12.7713888889	48.1644444444,12.8344444444	48.2652777778,12.8827777778
365	385	1504240200	1504241999	5	48.0,13.2305555556	48.0,13.6119444444	47.8697222222,13.7697222222	47.8697222222,13.3316666667	48.0,13.2305555556
305	345	1504240200	1504241999	10	48.0241666667,12.7713888889	48.0069444444,12.8575	48.0,12.8591666667	48.0,13.1366666667	48.0,13.2305555556	47.8697222222,13.3316666667	47.8622222222,13.3375	47.885,12.9763888889	47.8405555556,12.7413888889	48.0241666667,12.7713888889
305	345	1504240200	1504241999	9	48.2663888889,12.6972222222	48.2652777778,12.8827777778	48.1644444444,12.8344444444	48.0241666667,12.7713888889	48.0525,12.5125	48.1472222222,12.7125	48.1952777778,12.695	48.2475,12.6761111111	48.2663888889,12.6972222222
305	345	1504240200	1504241999	7	48.2433333333,13.1663888889	48.1766666667,13.3975	48.0,13.6119444444	48.0,13.2305555556	48.0,13.1366666667	48.0833333333,13.1666666667	48.2433333333,13.1663888889
305	345	1504240200	1504241999	5	48.0,13.6119444444	48.0019444444,13.8708333333	47.87,14.0613888889	47.8697222222,13.7697222222	48.0,13.6119444444
305	345	1504240200	1504241999	6	48.1766666667,13.3975	48.1408333333,13.52	48.1152777778,13.6080555556	48.0019444444,13.8708333333	48.0,13.6119444444	48.1766666667,13.3975
305	345	1504240200	1504241999	10	47.58,13.4947222222	47.5255555556,13.5522222222	47.5355555556,13.6216666667	47.5133333333,13.6775	47.4733333333,13.6969444444	47.4277777778,13.6647222222	47.4116666667,13.6847222222	47.4322222222,13.4958333333	47.4538888889,13.4958333333	47.58,13.4947222222
305	345	1504240200	1504241999	7	48.0241666667,12.7713888889	47.8405555556,12.7413888889	47.9436111111,12.6302777778	48.0472222222,12.4575	48.0519444444,12.5072222222	48.0525,12.5125	48.0241666667,12.7713888889
305	345	1504240200	1504241999	20	47.8697222222,13.3316666667	47.8697222222,13.7697222222	47.8486111111,13.7952777778	47.7036111111,14.3008333333	47.4705555556,14.2433333333	47.3827777778,13.9525	47.4116666667,13.6847222222	47.4277777778,13.6647222222	47.4733333333,13.6969444444	47.5133333333,13.6775	47.5355555556,13.6216666667	47.5255555556,13.5522222222	47.58,13.4947222222	47.6636111111,13.405	47.7086111111,13.3547222222	47.75,13.3125	47.7744444444,13.3177777778	47.8038888889,13.3244444444	47.8622222222,13.3375	47.8697222222,13.3316666667
305	345	1504240200	1504241999	5	47.8697222222,13.7697222222	47.87,14.0613888889	47.7036111111,14.3008333333	47.8486111111,13.7952777778	47.8697222222,13.7697222222
305	345	1504240200	1504241999	18	47.8405555556,12.7413888889	47.885,12.9763888889	47.8622222222,13.3375	47.8038888889,13.3244444444	47.7744444444,13.3177777778	47.75,13.3125	47.7086111111,13.3547222222	47.6636111111,13.405	47.58,13.4947222222	47.4538888889,13.4958333333	47.4322222222,13.4958333333	47.4497222222,13.3330555556	47.5958333333,13.08	47.7222222222,12.8680555556	47.7361111111,12.8533333333	47.7722222222,12.8147222222	47.8222222222,12.7608333333	47.8405555556,12.7413888889
305	345	1504240200	1504241999	10	48.2652777778,12.8827777778	48.2636111111,13.0958333333	48.2433333333,13.1663888889	48.0833333333,13.1666666667	48.0,13.1366666667	48.0,12.8591666667	48.0069444444,12.8575	48.0241666667,12.7713888889	48.1644444444,12.8344444444	48.2652777778,12.8827777778
305	345	1504240200	1504241999	5	48.0,13.2305555556	48.0,13.6119444444	47.8697222222,13.7697222222	47.8697222222,13.3316666667	48.0,13.2305555556
125	305	1504240200	1504241999	10	48.2652777778,12.8827777778	48.2636111111,13.0958333333	48.2433333333,13.1663888889	48.0833333333,13.1666666667	48.0,13.1366666667	48.0,12.8591666667	48.0069444444,12.8575	48.0241666667,12.7713888889	48.1644444444,12.8344444444	48.2652777778,12.8827777778
125	305	1504240200	1504241999	9	48.2663888889,12.6972222222	48.2652777778,12.8827777778	48.1644444444,12.8344444444	48.0241666667,12.7713888889	48.0525,12.5125	48.1472222222,12.7125	48.1952777778,12.695	48.2475,12.6761111111	48.2663888889,12.6972222222
125	305	1504240200	1504241999	7	48.2433333333,13.1663888889	48.1766666667,13.3975	48.0,13.6119444444	48.0,13.2305555556	48.0,13.1366666667	48.0833333333,13.1666666667	48.2433333333,13.1663888889
125	305	1504240200	1504241999	5	48.0,13.6119444444	48.0019444444,13.8708333333	47.87,14.0613888889	47.8697222222,13.7697222222	48.0,13.6119444444
125	305	1504240200	1504241999	6	48.1766666667,13.3975	48.1408333333,13.52	48.1152777778,13.6080555556	48.0019444444,13.8708333333	48.0,13.6119444444	48.1766666667,13.3975
125	305	1504240200	1504241999	10	47.58,13.4947222222	47.5255555556,13.5522222222	47.5355555556,13.6216666667	47.5133333333,13.6775	47.4733333333,13.6969444444	47.4277777778,13.6647222222	47.4116666667,13.6847222222	47.4322222222,13.4958333333	47.4538888889,13.4958333333	47.58,13.4947222222
125	305	1504240200	1504241999	7	48.0241666667,12.7713888889	47.8405555556,12.7413888889	47.9436111111,12.6302777778	48.0472222222,12.4575	48.0519444444,12.5072222222	48.0525,12.5125	48.0241666667,12.7713888889
125	305	1504240200	1504241999	20	47.8697222222,13.3316666667	47.8697222222,13.7697222222	47.8486111111,13.7952777778	47.7036111111,14.3008333333	47.4705555556,14.2433333333	47.3827777778,13.9525	47.4116666667,13.6847222222	47.4277777778,13.6647222222	47.4733333333,13.6969444444	47.5133333333,13.6775	47.5355555556,13.6216666667	47.5255555556,13.5522222222	47.58,13.4947222222	47.6636111111,13.405	47.7086111111,13.3547222222	47.75,13.3125	47.7744444444,13.3177777778	47.8038888889,13.3244444444	47.8622222222,13.3375	47.8697222222,13.3316666667
125	305	1504240200	1504241999	5	47.8697222222,13.7697222222	47.87,14.0613888889	47.7036111111,14.3008333333	47.8486111111,13.7952777778	47.8697222222,13.7697222222
125	305	1504240200	1504241999	18	47.8405555556,12.7413888889	47.885,12.9763888889	47.8622222222,13.3375	47.8038888889,13.3244444444	47.7744444444,13.3177777778	47.75,13.3125	47.7086111111,13.3547222222	47.6636111111,13.405	47.58,13.4947222222	47.4538888889,13.4958333333	47.4322222222,13.4958333333	47.4497222222,13.3330555556	47.5958333333,13.08	47.7222222222,12.8680555556	47.7361111111,12.8533333333	47.7722222222,12.8147222222	47.8222222222,12.7608333333	47.8405555556,12.7413888889
125	305	1504240200	1504241999	10	48.0241666667,12.7713888889	48.0069444444,12.8575	48.0,12.8591666667	48.0,13.1366666667	48.0,13.2305555556	47.8697222222,13.3316666667	47.8622222222,13.3375	47.885,12.9763888889	47.8405555556,12.7413888889	48.0241666667,12.7713888889
125	305	1504240200	1504241999	5	48.0,13.2305555556	48.0,13.6119444444	47.8697222222,13.7697222222	47.8697222222,13.3316666667	48.0,13.2305555556
385	999	1504240200	1504241999	10	48.2652777778,12.8827777778	48.2636111111,13.0958333333	48.2433333333,13.1663888889	48.0833333333,13.1666666667	48.0,13.1366666667	48.0,12.8591666667	48.0069444444,12.8575	48.0241666667,12.7713888889	48.1644444444,12.8344444444	48.2652777778,12.8827777778
385	999	1504240200	1504241999	7	48.2433333333,13.1663888889	48.1766666667,13.3975	48.0,13.6119444444	48.0,13.2305555556	48.0,13.1366666667	48.0833333333,13.1666666667	48.2433333333,13.1663888889
385	999	1504240200	1504241999	5	48.0,13.6119444444	48.0019444444,13.8708333333	47.87,14.0613888889	47.8697222222,13.7697222222	48.0,13.6119444444
385	999	1504240200	1504241999	6	48.1766666667,13.3975	48.1408333333,13.52	48.1152777778,13.6080555556	48.0019444444,13.8708333333	48.0,13.6119444444	48.1766666667,13.3975
385	999	1504240200	1504241999	10	47.58,13.4947222222	47.5255555556,13.5522222222	47.5355555556,13.6216666667	47.5133333333,13.6775	47.4733333333,13.6969444444	47.4277777778,13.6647222222	47.4116666667,13.6847222222	47.4322222222,13.4958333333	47.4538888889,13.4958333333	47.58,13.4947222222
385	999	1504240200	1504241999	20	47.8697222222,13.3316666667	47.8697222222,13.7697222222	47.8486111111,13.7952777778	47.7036111111,14.3008333333	47.4705555556,14.2433333333	47.3827777778,13.9525	47.4116666667,13.6847222222	47.4277777778,13.6647222222	47.4733333333,13.6969444444	47.5133333333,13.6775	47.5355555556,13.6216666667	47.5255555556,13.5522222222	47.58,13.4947222222	47.6636111111,13.405	47.7086111111,13.3547222222	47.75,13.3125	47.7744444444,13.3177777778	47.8038888889,13.3244444444	47.8622222222,13.3375	47.8697222222,13.3316666667
385	999	1504240200	1504241999	5	47.8697222222,13.7697222222	47.87,14.0613888889	47.7036111111,14.3008333333	47.8486111111,13.7952777778	47.8697222222,13.7697222222
385	999	1504240200	1504241999	18	47.8405555556,12.7413888889	47.885,12.9763888889	47.8622222222,13.3375	47.8038888889,13.3244444444	47.7744444444,13.3177777778	47.75,13.3125	47.7086111111,13.3547222222	47.6636111111,13.405	47.58,13.4947222222	47.4538888889,13.4958333333	47.4322222222,13.4958333333	47.4497222222,13.3330555556	47.5958333333,13.08	47.7222222222,12.8680555556	47.7361111111,12.8533333333	47.7722222222,12.8147222222	47.8222222222,12.7608333333	47.8405555556,12.7413888889
385	999	1504240200	1504241999	10	48.0241666667,12.7713888889	48.0069444444,12.8575	48.0,12.8591666667	48.0,13.1366666667	48.0,13.2305555556	47.8697222222,13.3316666667	47.8622222222,13.3375	47.885,12.9763888889	47.8405555556,12.7413888889	48.0241666667,12.7713888889
385	999	1504240200	1504241999	5	48.0,13.2305555556	48.0,13.6119444444	47.8697222222,13.7697222222	47.8697222222,13.3316666667	48.0,13.2305555556
