92
365	385	1504299600	1504303199	15	48.2636111111,13.0958333333	48.2916666667,13.1666666667	48.2963888889,13.1813888889	48.3536111111,13.3219444444	48.1752777778,14.0180555556	48.1441666667,14.7113888889	48.0988888889,14.7147222222	48.0975,14.6666666667	48.0,14.6666666667	48.0019444444,13.8708333333	48.1152777778,13.6080555556	48.1408333333,13.52	48.1766666667,13.3975	48.2433333333,13.1663888889	48.2636111111,13.0958333333
365	385	1504299600	1504303199	7	48.83,13.7863888889	48.6063888889,13.8091666667	48.5283333333,13.7380555556	48.5102777778,13.7202777778	48.5847222222,13.5052777778	48.6533333333,13.5833333333	48.83,13.7863888889
365	385	1504299600	1504303199	9	48.83,13.7863888889	49.0561111111,14.405	49.0347222222,14.4763888889	49.0097222222,14.56	48.8844444444,14.9711111111	48.7816666667,14.8344444444	48.7252777778,14.7755555556	48.7311111111,14.0516666667	48.83,13.7863888889
365	385	1504299600	1504303199	4	48.2963888889,13.1813888889	48.3661111111,13.2597222222	48.3536111111,13.3219444444	48.2963888889,13.1813888889
365	385	1504299600	1504303199	12	47.8333333333,14.6666666667	47.8333333333,14.8333333333	47.8333333333,15.0	47.8333333333,15.1666666667	47.8333333333,15.3333333333	47.8333333333,15.3444444444	47.8161111111,15.3419444444	47.7569444444,15.1638888889	47.6988888889,14.9916666667	47.6575,14.8677777778	47.7833333333,14.7236111111	47.8333333333,14.6666666667
365	385	1504299600	1504303199	8	48.4130555556,13.3102777778	48.4363888889,13.3366666667	48.5847222222,13.5052777778	48.4766666667,13.4552777778	48.3961111111,13.43	48.3536111111,13.3219444444	48.3661111111,13.2597222222	48.4130555556,13.3102777778
365	385	1504299600	1504303199	8	47.87,14.0613888889	47.87,14.2933333333	47.8625,14.3077777778	47.8147222222,14.3994444444	47.7019444444,14.5213888889	47.6361111111,14.5913888889	47.7036111111,14.3008333333	47.87,14.0613888889
365	385	1504299600	1504303199	8	48.6741666667,14.0602777778	48.6430555556,14.4586111111	48.6097222222,14.4447222222	48.5605555556,14.3483333333	48.5675,14.2991666667	48.6025,14.0675	48.6380555556,14.0122222222	48.6741666667,14.0602777778
365	385	1504299600	1504303199	10	48.0,14.6666666667	48.0,15.3691666667	47.9922222222,15.3680555556	47.8333333333,15.3444444444	47.8333333333,15.3333333333	47.8333333333,15.1666666667	47.8333333333,15.0	47.8333333333,14.8333333333	47.8333333333,14.6666666667	48.0,14.6666666667
365	385	1504299600	1504303199	19	48.3536111111,13.3219444444	48.3961111111,13.43	48.4766666667,13.4552777778	48.5847222222,13.5052777778	48.5102777778,13.7202777778	48.5283333333,13.7380555556	48.6063888889,13.8091666667	48.6025,14.0675	48.5675,14.2991666667	48.5605555556,14.3483333333	48.6097222222,14.4447222222	48.6430555556,14.4586111111	48.5819444444,14.6663888889	48.3719444444,14.6666666667	48.3727777778,14.6958333333	48.3002777778,14.7008333333	48.1441666667,14.7113888889	48.1752777778,14.0180555556	48.3536111111,13.3219444444
365	385	1504299600	1504303199	6	48.6063888889,13.8091666667	48.83,13.7863888889	48.6741666667,14.0602777778	48.6380555556,14.0122222222	48.6025,14.0675	48.6063888889,13.8091666667
365	385	1504299600	1504303199	6	47.7019444444,14.5213888889	47.7833333333,14.7236111111	47.6575,14.8677777778	47.6425,14.8227777778	47.6361111111,14.5913888889	47.7019444444,14.5213888889
365	385	1504299600	1504303199	9	48.7252777778,14.7755555556	48.6747222222,14.7233333333	48.5819444444,14.7052777778	48.5819444444,14.6663888889	48.6430555556,14.4586111111	48.6741666667,14.0602777778	48.83,13.7863888889	48.7311111111,14.0516666667	48.7252777778,14.7755555556
365	385	1504299600	1504303199	22	48.5819444444,14.6663888889	48.5819444444,14.7052777778	48.6747222222,14.7233333333	48.7252777778,14.7755555556	48.7816666667,14.8344444444	48.7597222222,14.9575	48.7763888889,14.9783333333	48.7911111111,14.9544444444	48.8844444444,14.9711111111	48.7583333333,15.1833333333	48.6966666667,15.2866666667	48.6519444444,15.3611111111	48.5983333333,15.4502777778	48.4127777778,15.4244444444	48.3275,15.4130555556	48.1558333333,15.39	48.1141666667,15.3844444444	48.1441666667,14.7113888889	48.3002777778,14.7008333333	48.3727777778,14.6958333333	48.3719444444,14.6666666667	48.5819444444,14.6663888889
365	385	1504299600	1504303199	8	48.0,15.3691666667	48.0,14.6666666667	48.0975,14.6666666667	48.0988888889,14.7147222222	48.1441666667,14.7113888889	48.1141666667,15.3844444444	48.0725,15.3788888889	48.0,15.3691666667
365	385	1504299600	1504303199	10	48.0019444444,13.8708333333	48.0,14.6666666667	47.8333333333,14.6666666667	47.7833333333,14.7236111111	47.7019444444,14.5213888889	47.8147222222,14.3994444444	47.8625,14.3077777778	47.87,14.2933333333	47.87,14.0613888889	48.0019444444,13.8708333333
365	385	1504299600	1504303199	6	48.8844444444,14.9711111111	48.7911111111,14.9544444444	48.7763888889,14.9783333333	48.7597222222,14.9575	48.7816666667,14.8344444444	48.8844444444,14.9711111111
165	305	1504299600	1504303199	15	48.2636111111,13.0958333333	48.2916666667,13.1666666667	48.2963888889,13.1813888889	48.3536111111,13.3219444444	48.1752777778,14.0180555556	48.1441666667,14.7113888889	48.0988888889,14.7147222222	48.0975,14.6666666667	48.0,14.6666666667	48.0019444444,13.8708333333	48.1152777778,13.6080555556	48.1408333333,13.52	48.1766666667,13.3975	48.2433333333,13.1663888889	48.2636111111,13.0958333333
165	305	1504299600	1504303199	7	48.83,13.7863888889	48.6063888889,13.8091666667	48.5283333333,13.7380555556	48.5102777778,13.7202777778	48.5847222222,13.5052777778	48.6533333333,13.5833333333	48.83,13.7863888889
165	305	1504299600	1504303199	9	48.83,13.7863888889	49.0561111111,14.405	49.0347222222,14.4763888889	49.0097222222,14.56	48.8844444444,14.9711111111	48.7816666667,14.8344444444	48.7252777778,14.7755555556	48.7311111111,14.0516666667	48.83,13.7863888889
165	305	1504299600	1504303199	12	47.8333333333,14.6666666667	47.8333333333,14.8333333333	47.8333333333,15.0	47.8333333333,15.1666666667	47.8333333333,15.3333333333	47.8333333333,15.3444444444	47.8161111111,15.3419444444	47.7569444444,15.1638888889	47.6988888889,14.9916666667	47.6575,14.8677777778	47.7833333333,14.7236111111	47.8333333333,14.6666666667
165	305	1504299600	1504303199	8	48.4130555556,13.3102777778	48.4363888889,13.3366666667	48.5847222222,13.5052777778	48.4766666667,13.4552777778	48.3961111111,13.43	48.3536111111,13.3219444444	48.3661111111,13.2597222222	48.4130555556,13.3102777778
165	305	1504299600	1504303199	8	47.87,14.0613888889	47.87,14.2933333333	47.8625,14.3077777778	47.8147222222,14.3994444444	47.7019444444,14.5213888889	47.6361111111,14.5913888889	47.7036111111,14.3008333333	47.87,14.0613888889
165	305	1504299600	1504303199	8	48.6741666667,14.0602777778	48.6430555556,14.4586111111	48.6097222222,14.4447222222	48.5605555556,14.3483333333	48.5675,14.2991666667	48.6025,14.0675	48.6380555556,14.0122222222	48.6741666667,14.0602777778
165	305	1504299600	1504303199	10	48.0,14.6666666667	48.0,15.3691666667	47.9922222222,15.3680555556	47.8333333333,15.3444444444	47.8333333333,15.3333333333	47.8333333333,15.1666666667	47.8333333333,15.0	47.8333333333,14.8333333333	47.8333333333,14.6666666667	48.0,14.6666666667
165	305	1504299600	1504303199	19	48.3536111111,13.3219444444	48.3961111111,13.43	48.4766666667,13.4552777778	48.5847222222,13.5052777778	48.5102777778,13.7202777778	48.5283333333,13.7380555556	48.6063888889,13.8091666667	48.6025,14.0675	48.5675,14.2991666667	48.5605555556,14.3483333333	48.6097222222,14.4447222222	48.6430555556,14.4586111111	48.5819444444,14.6663888889	48.3719444444,14.6666666667	48.3727777778,14.6958333333	48.3002777778,14.7008333333	48.1441666667,14.7113888889	48.1752777778,14.0180555556	48.3536111111,13.3219444444
165	305	1504299600	1504303199	6	48.6063888889,13.8091666667	48.83,13.7863888889	48.6741666667,14.0602777778	48.6380555556,14.0122222222	48.6025,14.0675	48.6063888889,13.8091666667
165	305	1504299600	1504303199	6	47.7019444444,14.5213888889	47.7833333333,14.7236111111	47.6575,14.8677777778	47.6425,14.8227777778	47.6361111111,14.5913888889	47.7019444444,14.5213888889
165	305	1504299600	1504303199	9	48.7252777778,14.7755555556	48.6747222222,14.7233333333	48.5819444444,14.7052777778	48.5819444444,14.6663888889	48.6430555556,14.4586111111	48.6741666667,14.0602777778	48.83,13.7863888889	48.7311111111,14.0516666667	48.7252777778,14.7755555556
165	305	1504299600	1504303199	22	48.5819444444,14.6663888889	48.5819444444,14.7052777778	48.6747222222,14.7233333333	48.7252777778,14.7755555556	48.7816666667,14.8344444444	48.7597222222,14.9575	48.7763888889,14.9783333333	48.7911111111,14.9544444444	48.8844444444,14.9711111111	48.7583333333,15.1833333333	48.6966666667,15.2866666667	48.6519444444,15.3611111111	48.5983333333,15.4502777778	48.4127777778,15.4244444444	48.3275,15.4130555556	48.1558333333,15.39	48.1141666667,15.3844444444	48.1441666667,14.7113888889	48.3002777778,14.7008333333	48.3727777778,14.6958333333	48.3719444444,14.6666666667	48.5819444444,14.6663888889
165	305	1504299600	1504303199	8	48.0,15.3691666667	48.0,14.6666666667	48.0975,14.6666666667	48.0988888889,14.7147222222	48.1441666667,14.7113888889	48.1141666667,15.3844444444	48.0725,15.3788888889	48.0,15.3691666667
165	305	1504299600	1504303199	4	48.2963888889,13.1813888889	48.3661111111,13.2597222222	48.3536111111,13.3219444444	48.2963888889,13.1813888889
165	305	1504299600	1504303199	10	48.0019444444,13.8708333333	48.0,14.6666666667	47.8333333333,14.6666666667	47.7833333333,14.7236111111	47.7019444444,14.5213888889	47.8147222222,14.3994444444	47.8625,14.3077777778	47.87,14.2933333333	47.87,14.0613888889	48.0019444444,13.8708333333
165	305	1504299600	1504303199	6	48.8844444444,14.9711111111	48.7911111111,14.9544444444	48.7763888889,14.9783333333	48.7597222222,14.9575	48.7816666667,14.8344444444	48.8844444444,14.9711111111
345	365	1504299600	1504303199	15	48.2636111111,13.0958333333	48.2916666667,13.1666666667	48.2963888889,13.1813888889	48.3536111111,13.3219444444	48.1752777778,14.0180555556	48.1441666667,14.7113888889	48.0988888889,14.7147222222	48.0975,14.6666666667	48.0,14.6666666667	48.0019444444,13.8708333333	48.1152777778,13.6080555556	48.1408333333,13.52	48.1766666667,13.3975	48.2433333333,13.1663888889	48.2636111111,13.0958333333
345	365	1504299600	1504303199	7	48.83,13.7863888889	48.6063888889,13.8091666667	48.5283333333,13.7380555556	48.5102777778,13.7202777778	48.5847222222,13.5052777778	48.6533333333,13.5833333333	48.83,13.7863888889
345	365	1504299600	1504303199	9	48.83,13.7863888889	49.0561111111,14.405	49.0347222222,14.4763888889	49.0097222222,14.56	48.8844444444,14.9711111111	48.7816666667,14.8344444444	48.7252777778,14.7755555556	48.7311111111,14.0516666667	48.83,13.7863888889
345	365	1504299600	1504303199	4	48.2963888889,13.1813888889	48.3661111111,13.2597222222	48.3536111111,13.3219444444	48.2963888889,13.1813888889
345	365	1504299600	1504303199	12	47.8333333333,14.6666666667	47.8333333333,14.8333333333	47.8333333333,15.0	47.8333333333,15.1666666667	47.8333333333,15.3333333333	47.8333333333,15.3444444444	47.8161111111,15.3419444444	47.7569444444,15.1638888889	47.6988888889,14.9916666667	47.6575,14.8677777778	47.7833333333,14.7236111111	47.8333333333,14.6666666667
345	365	1504299600	1504303199	8	48.4130555556,13.3102777778	48.4363888889,13.3366666667	48.5847222222,13.5052777778	48.4766666667,13.4552777778	48.3961111111,13.43	48.3536111111,13.3219444444	48.3661111111,13.2597222222	48.4130555556,13.3102777778
345	365	1504299600	1504303199	8	47.87,14.0613888889	47.87,14.2933333333	47.8625,14.3077777778	47.8147222222,14.3994444444	47.7019444444,14.5213888889	47.6361111111,14.5913888889	47.7036111111,14.3008333333	47.87,14.0613888889
345	365	1504299600	1504303199	8	48.6741666667,14.0602777778	48.6430555556,14.4586111111	48.6097222222,14.4447222222	48.5605555556,14.3483333333	48.5675,14.2991666667	48.6025,14.0675	48.6380555556,14.0122222222	48.6741666667,14.0602777778
345	365	1504299600	1504303199	10	48.0,14.6666666667	48.0,15.3691666667	47.9922222222,15.3680555556	47.8333333333,15.3444444444	47.8333333333,15.3333333333	47.8333333333,15.1666666667	47.8333333333,15.0	47.8333333333,14.8333333333	47.8333333333,14.6666666667	48.0,14.6666666667
345	365	1504299600	1504303199	19	48.3536111111,13.3219444444	48.3961111111,13.43	48.4766666667,13.4552777778	48.5847222222,13.5052777778	48.5102777778,13.7202777778	48.5283333333,13.7380555556	48.6063888889,13.8091666667	48.6025,14.0675	48.5675,14.2991666667	48.5605555556,14.3483333333	48.6097222222,14.4447222222	48.6430555556,14.4586111111	48.5819444444,14.6663888889	48.3719444444,14.6666666667	48.3727777778,14.6958333333	48.3002777778,14.7008333333	48.1441666667,14.7113888889	48.1752777778,14.0180555556	48.3536111111,13.3219444444
345	365	1504299600	1504303199	6	48.6063888889,13.8091666667	48.83,13.7863888889	48.6741666667,14.0602777778	48.6380555556,14.0122222222	48.6025,14.0675	48.6063888889,13.8091666667
345	365	1504299600	1504303199	6	47.7019444444,14.5213888889	47.7833333333,14.7236111111	47.6575,14.8677777778	47.6425,14.8227777778	47.6361111111,14.5913888889	47.7019444444,14.5213888889
345	365	1504299600	1504303199	8	48.0,15.3691666667	48.0,14.6666666667	48.0975,14.6666666667	48.0988888889,14.7147222222	48.1441666667,14.7113888889	48.1141666667,15.3844444444	48.0725,15.3788888889	48.0,15.3691666667
345	365	1504299600	1504303199	22	48.5819444444,14.6663888889	48.5819444444,14.7052777778	48.6747222222,14.7233333333	48.7252777778,14.7755555556	48.7816666667,14.8344444444	48.7597222222,14.9575	48.7763888889,14.9783333333	48.7911111111,14.9544444444	48.8844444444,14.9711111111	48.7583333333,15.1833333333	48.6966666667,15.2866666667	48.6519444444,15.3611111111	48.5983333333,15.4502777778	48.4127777778,15.4244444444	48.3275,15.4130555556	48.1558333333,15.39	48.1141666667,15.3844444444	48.1441666667,14.7113888889	48.3002777778,14.7008333333	48.3727777778,14.6958333333	48.3719444444,14.6666666667	48.5819444444,14.6663888889
345	365	1504299600	1504303199	9	48.7252777778,14.7755555556	48.6747222222,14.7233333333	48.5819444444,14.7052777778	48.5819444444,14.6663888889	48.6430555556,14.4586111111	48.6741666667,14.0602777778	48.83,13.7863888889	48.7311111111,14.0516666667	48.7252777778,14.7755555556
345	365	1504299600	1504303199	10	48.0019444444,13.8708333333	48.0,14.6666666667	47.8333333333,14.6666666667	47.7833333333,14.7236111111	47.7019444444,14.5213888889	47.8147222222,14.3994444444	47.8625,14.3077777778	47.87,14.2933333333	47.87,14.0613888889	48.0019444444,13.8708333333
345	365	1504299600	1504303199	6	48.8844444444,14.9711111111	48.7911111111,14.9544444444	48.7763888889,14.9783333333	48.7597222222,14.9575	48.7816666667,14.8344444444	48.8844444444,14.9711111111
305	345	1504299600	1504303199	15	48.2636111111,13.0958333333	48.2916666667,13.1666666667	48.2963888889,13.1813888889	48.3536111111,13.3219444444	48.1752777778,14.0180555556	48.1441666667,14.7113888889	48.0988888889,14.7147222222	48.0975,14.6666666667	48.0,14.6666666667	48.0019444444,13.8708333333	48.1152777778,13.6080555556	48.1408333333,13.52	48.1766666667,13.3975	48.2433333333,13.1663888889	48.2636111111,13.0958333333
305	345	1504299600	1504303199	7	48.83,13.7863888889	48.6063888889,13.8091666667	48.5283333333,13.7380555556	48.5102777778,13.7202777778	48.5847222222,13.5052777778	48.6533333333,13.5833333333	48.83,13.7863888889
305	345	1504299600	1504303199	8	48.6741666667,14.0602777778	48.6430555556,14.4586111111	48.6097222222,14.4447222222	48.5605555556,14.3483333333	48.5675,14.2991666667	48.6025,14.0675	48.6380555556,14.0122222222	48.6741666667,14.0602777778
305	345	1504299600	1504303199	9	48.83,13.7863888889	49.0561111111,14.405	49.0347222222,14.4763888889	49.0097222222,14.56	48.8844444444,14.9711111111	48.7816666667,14.8344444444	48.7252777778,14.7755555556	48.7311111111,14.0516666667	48.83,13.7863888889
305	345	1504299600	1504303199	12	47.8333333333,14.6666666667	47.8333333333,14.8333333333	47.8333333333,15.0	47.8333333333,15.1666666667	47.8333333333,15.3333333333	47.8333333333,15.3444444444	47.8161111111,15.3419444444	47.7569444444,15.1638888889	47.6988888889,14.9916666667	47.6575,14.8677777778	47.7833333333,14.7236111111	47.8333333333,14.6666666667
305	345	1504299600	1504303199	8	48.4130555556,13.3102777778	48.4363888889,13.3366666667	48.5847222222,13.5052777778	48.4766666667,13.4552777778	48.3961111111,13.43	48.3536111111,13.3219444444	48.3661111111,13.2597222222	48.4130555556,13.3102777778
305	345	1504299600	1504303199	8	47.87,14.0613888889	47.87,14.2933333333	47.8625,14.3077777778	47.8147222222,14.3994444444	47.7019444444,14.5213888889	47.6361111111,14.5913888889	47.7036111111,14.3008333333	47.87,14.0613888889
305	345	1504299600	1504303199	4	48.2963888889,13.1813888889	48.3661111111,13.2597222222	48.3536111111,13.3219444444	48.2963888889,13.1813888889
305	345	1504299600	1504303199	10	48.0,14.6666666667	48.0,15.3691666667	47.9922222222,15.3680555556	47.8333333333,15.3444444444	47.8333333333,15.3333333333	47.8333333333,15.1666666667	47.8333333333,15.0	47.8333333333,14.8333333333	47.8333333333,14.6666666667	48.0,14.6666666667
305	345	1504299600	1504303199	19	48.3536111111,13.3219444444	48.3961111111,13.43	48.4766666667,13.4552777778	48.5847222222,13.5052777778	48.5102777778,13.7202777778	48.5283333333,13.7380555556	48.6063888889,13.8091666667	48.6025,14.0675	48.5675,14.2991666667	48.5605555556,14.3483333333	48.6097222222,14.4447222222	48.6430555556,14.4586111111	48.5819444444,14.6663888889	48.3719444444,14.6666666667	48.3727777778,14.6958333333	48.3002777778,14.7008333333	48.1441666667,14.7113888889	48.1752777778,14.0180555556	48.3536111111,13.3219444444
305	345	1504299600	1504303199	6	48.6063888889,13.8091666667	48.83,13.7863888889	48.6741666667,14.0602777778	48.6380555556,14.0122222222	48.6025,14.0675	48.6063888889,13.8091666667
305	345	1504299600	1504303199	6	47.7019444444,14.5213888889	47.7833333333,14.7236111111	47.6575,14.8677777778	47.6425,14.8227777778	47.6361111111,14.5913888889	47.7019444444,14.5213888889
305	345	1504299600	1504303199	8	48.0,15.3691666667	48.0,14.6666666667	48.0975,14.6666666667	48.0988888889,14.7147222222	48.1441666667,14.7113888889	48.1141666667,15.3844444444	48.0725,15.3788888889	48.0,15.3691666667
305	345	1504299600	1504303199	22	48.5819444444,14.6663888889	48.5819444444,14.7052777778	48.6747222222,14.7233333333	48.7252777778,14.7755555556	48.7816666667,14.8344444444	48.7597222222,14.9575	48.7763888889,14.9783333333	48.7911111111,14.9544444444	48.8844444444,14.9711111111	48.7583333333,15.1833333333	48.6966666667,15.2866666667	48.6519444444,15.3611111111	48.5983333333,15.4502777778	48.4127777778,15.4244444444	48.3275,15.4130555556	48.1558333333,15.39	48.1141666667,15.3844444444	48.1441666667,14.7113888889	48.3002777778,14.7008333333	48.3727777778,14.6958333333	48.3719444444,14.6666666667	48.5819444444,14.6663888889
305	345	1504299600	1504303199	9	48.7252777778,14.7755555556	48.6747222222,14.7233333333	48.5819444444,14.7052777778	48.5819444444,14.6663888889	48.6430555556,14.4586111111	48.6741666667,14.0602777778	48.83,13.7863888889	48.7311111111,14.0516666667	48.7252777778,14.7755555556
305	345	1504299600	1504303199	10	48.0019444444,13.8708333333	48.0,14.6666666667	47.8333333333,14.6666666667	47.7833333333,14.7236111111	47.7019444444,14.5213888889	47.8147222222,14.3994444444	47.8625,14.3077777778	47.87,14.2933333333	47.87,14.0613888889	48.0019444444,13.8708333333
305	345	1504299600	1504303199	6	48.8844444444,14.9711111111	48.7911111111,14.9544444444	48.7763888889,14.9783333333	48.7597222222,14.9575	48.7816666667,14.8344444444	48.8844444444,14.9711111111
385	999	1504299600	1504303199	15	48.2636111111,13.0958333333	48.2916666667,13.1666666667	48.2963888889,13.1813888889	48.3536111111,13.3219444444	48.1752777778,14.0180555556	48.1441666667,14.7113888889	48.0988888889,14.7147222222	48.0975,14.6666666667	48.0,14.6666666667	48.0019444444,13.8708333333	48.1152777778,13.6080555556	48.1408333333,13.52	48.1766666667,13.3975	48.2433333333,13.1663888889	48.2636111111,13.0958333333
385	999	1504299600	1504303199	7	48.83,13.7863888889	48.6063888889,13.8091666667	48.5283333333,13.7380555556	48.5102777778,13.7202777778	48.5847222222,13.5052777778	48.6533333333,13.5833333333	48.83,13.7863888889
385	999	1504299600	1504303199	9	48.83,13.7863888889	49.0561111111,14.405	49.0347222222,14.4763888889	49.0097222222,14.56	48.8844444444,14.9711111111	48.7816666667,14.8344444444	48.7252777778,14.7755555556	48.7311111111,14.0516666667	48.83,13.7863888889
385	999	1504299600	1504303199	12	47.8333333333,14.6666666667	47.8333333333,14.8333333333	47.8333333333,15.0	47.8333333333,15.1666666667	47.8333333333,15.3333333333	47.8333333333,15.3444444444	47.8161111111,15.3419444444	47.7569444444,15.1638888889	47.6988888889,14.9916666667	47.6575,14.8677777778	47.7833333333,14.7236111111	47.8333333333,14.6666666667
385	999	1504299600	1504303199	8	48.4130555556,13.3102777778	48.4363888889,13.3366666667	48.5847222222,13.5052777778	48.4766666667,13.4552777778	48.3961111111,13.43	48.3536111111,13.3219444444	48.3661111111,13.2597222222	48.4130555556,13.3102777778
385	999	1504299600	1504303199	8	47.87,14.0613888889	47.87,14.2933333333	47.8625,14.3077777778	47.8147222222,14.3994444444	47.7019444444,14.5213888889	47.6361111111,14.5913888889	47.7036111111,14.3008333333	47.87,14.0613888889
385	999	1504299600	1504303199	8	48.6741666667,14.0602777778	48.6430555556,14.4586111111	48.6097222222,14.4447222222	48.5605555556,14.3483333333	48.5675,14.2991666667	48.6025,14.0675	48.6380555556,14.0122222222	48.6741666667,14.0602777778
385	999	1504299600	1504303199	10	48.0,14.6666666667	48.0,15.3691666667	47.9922222222,15.3680555556	47.8333333333,15.3444444444	47.8333333333,15.3333333333	47.8333333333,15.1666666667	47.8333333333,15.0	47.8333333333,14.8333333333	47.8333333333,14.6666666667	48.0,14.6666666667
385	999	1504299600	1504303199	19	48.3536111111,13.3219444444	48.3961111111,13.43	48.4766666667,13.4552777778	48.5847222222,13.5052777778	48.5102777778,13.7202777778	48.5283333333,13.7380555556	48.6063888889,13.8091666667	48.6025,14.0675	48.5675,14.2991666667	48.5605555556,14.3483333333	48.6097222222,14.4447222222	48.6430555556,14.4586111111	48.5819444444,14.6663888889	48.3719444444,14.6666666667	48.3727777778,14.6958333333	48.3002777778,14.7008333333	48.1441666667,14.7113888889	48.1752777778,14.0180555556	48.3536111111,13.3219444444
385	999	1504299600	1504303199	6	48.6063888889,13.8091666667	48.83,13.7863888889	48.6741666667,14.0602777778	48.6380555556,14.0122222222	48.6025,14.0675	48.6063888889,13.8091666667
385	999	1504299600	1504303199	6	47.7019444444,14.5213888889	47.7833333333,14.7236111111	47.6575,14.8677777778	47.6425,14.8227777778	47.6361111111,14.5913888889	47.7019444444,14.5213888889
385	999	1504299600	1504303199	8	48.0,15.3691666667	48.0,14.6666666667	48.0975,14.6666666667	48.0988888889,14.7147222222	48.1441666667,14.7113888889	48.1141666667,15.3844444444	48.0725,15.3788888889	48.0,15.3691666667
385	999	1504299600	1504303199	22	48.5819444444,14.6663888889	48.5819444444,14.7052777778	48.6747222222,14.7233333333	48.7252777778,14.7755555556	48.7816666667,14.8344444444	48.7597222222,14.9575	48.7763888889,14.9783333333	48.7911111111,14.9544444444	48.8844444444,14.9711111111	48.7583333333,15.1833333333	48.6966666667,15.2866666667	48.6519444444,15.3611111111	48.5983333333,15.4502777778	48.4127777778,15.4244444444	48.3275,15.4130555556	48.1558333333,15.39	48.1141666667,15.3844444444	48.1441666667,14.7113888889	48.3002777778,14.7008333333	48.3727777778,14.6958333333	48.3719444444,14.6666666667	48.5819444444,14.6663888889
385	999	1504299600	1504303199	9	48.7252777778,14.7755555556	48.6747222222,14.7233333333	48.5819444444,14.7052777778	48.5819444444,14.6663888889	48.6430555556,14.4586111111	48.6741666667,14.0602777778	48.83,13.7863888889	48.7311111111,14.0516666667	48.7252777778,14.7755555556
385	999	1504299600	1504303199	4	48.2963888889,13.1813888889	48.3661111111,13.2597222222	48.3536111111,13.3219444444	48.2963888889,13.1813888889
385	999	1504299600	1504303199	10	48.0019444444,13.8708333333	48.0,14.6666666667	47.8333333333,14.6666666667	47.7833333333,14.7236111111	47.7019444444,14.5213888889	47.8147222222,14.3994444444	47.8625,14.3077777778	47.87,14.2933333333	47.87,14.0613888889	48.0019444444,13.8708333333
385	999	1504299600	1504303199	6	48.8844444444,14.9711111111	48.7911111111,14.9544444444	48.7763888889,14.9783333333	48.7597222222,14.9575	48.7816666667,14.8344444444	48.8844444444,14.9711111111
245	305	1504299600	1504303199	5	48.4127777778,15.4244444444	48.3611111111,15.6536111111	48.3188888889,15.6244444444	48.3275,15.4130555556	48.4127777778,15.4244444444
245	305	1504299600	1504303199	4	48.3611111111,15.6536111111	48.3083333333,15.8836111111	48.3188888889,15.6244444444	48.3611111111,15.6536111111
245	305	1504299600	1504303199	5	48.1611111111,15.6636111111	48.1505555556,15.8325	48.1025,15.8161111111	48.105,15.7216666667	48.1611111111,15.6636111111
245	305	1504299600	1504303199	6	48.3275,15.4130555556	48.3188888889,15.6244444444	48.2447222222,15.5736111111	48.1611111111,15.6636111111	48.1558333333,15.39	48.3275,15.4130555556
245	305	1504299600	1504303199	5	48.1611111111,15.6636111111	48.105,15.7216666667	48.1141666667,15.3844444444	48.1558333333,15.39	48.1611111111,15.6636111111
245	305	1504299600	1504303199	10	48.1025,15.8161111111	48.0475,15.785	47.9811111111,15.7555555556	47.9858333333,15.6263888889	47.9922222222,15.3680555556	48.0,15.3691666667	48.0725,15.3788888889	48.1141666667,15.3844444444	48.105,15.7216666667	48.1025,15.8161111111
245	305	1504299600	1504303199	6	48.3188888889,15.6244444444	48.3083333333,15.8836111111	48.1505555556,15.8325	48.1611111111,15.6636111111	48.2447222222,15.5736111111	48.3188888889,15.6244444444
