98
365	385	1504234800	1504238399	9	47.4463888889,15.7888888889	47.5502777778,15.4630555556	47.5633333333,15.4219444444	47.6494444444,15.1516666667	47.6988888889,14.9916666667	47.7569444444,15.1638888889	47.8161111111,15.3419444444	47.6455555556,15.9258333333	47.4463888889,15.7888888889
365	385	1504234800	1504238399	13	48.0855555556,16.6475	48.1791666667,16.9722222222	48.1722222222,16.9747222222	48.1269444444,17.0077777778	48.1077777778,17.0858333333	48.0675,17.0877777778	48.0252777778,17.0813888889	48.0063888889,17.1605555556	47.98,17.1536111111	47.9344444444,17.1416666667	47.9213888889,17.1394444444	48.0341666667,16.8019444444	48.0855555556,16.6475
365	385	1504234800	1504238399	7	47.7447222222,16.7341666667	47.9233333333,16.6611111111	48.0341666667,16.8019444444	47.9213888889,17.1394444444	47.8308333333,17.1144444444	47.7694444444,17.0994444444	47.7447222222,16.7341666667
365	385	1504234800	1504238399	6	47.7019444444,14.5213888889	47.7833333333,14.7236111111	47.6575,14.8677777778	47.6425,14.8227777778	47.6361111111,14.5913888889	47.7019444444,14.5213888889
365	385	1504234800	1504238399	4	48.3611111111,15.6536111111	48.3083333333,15.8836111111	48.3188888889,15.6244444444	48.3611111111,15.6536111111
365	385	1504234800	1504238399	4	47.9905555556,15.9994444444	47.9680555556,16.0	47.9811111111,15.7555555556	47.9905555556,15.9994444444
365	385	1504234800	1504238399	8	47.87,14.0613888889	47.87,14.2933333333	47.8625,14.3077777778	47.8147222222,14.3994444444	47.7019444444,14.5213888889	47.6361111111,14.5913888889	47.7036111111,14.3008333333	47.87,14.0613888889
365	385	1504234800	1504238399	5	48.0855555556,16.6475	48.0341666667,16.8019444444	47.9233333333,16.6611111111	48.1063888889,16.5833333333	48.0855555556,16.6475
365	385	1504234800	1504238399	8	48.2425,16.9438888889	48.2161111111,16.9583333333	48.1905555556,16.9691666667	48.1791666667,16.9722222222	48.0855555556,16.6475	48.1063888889,16.5833333333	48.1888888889,16.6816666667	48.2425,16.9438888889
365	385	1504234800	1504238399	13	48.0897222222,16.4783333333	47.9813888889,16.4641666667	47.9733333333,16.4472222222	47.9555555556,16.3327777778	47.9516666667,16.3075	47.9597222222,16.1569444444	47.9958333333,16.1469444444	48.0013888889,16.2886111111	48.0177777778,16.3533333333	48.0352777778,16.3808333333	48.0411111111,16.3911111111	48.0863888889,16.4625	48.0897222222,16.4783333333
365	385	1504234800	1504238399	7	48.83,13.7863888889	48.6063888889,13.8091666667	48.5283333333,13.7380555556	48.5102777778,13.7202777778	48.5847222222,13.5052777778	48.6533333333,13.5833333333	48.83,13.7863888889
365	385	1504234800	1504238399	15	48.2636111111,13.0958333333	48.2916666667,13.1666666667	48.2963888889,13.1813888889	48.3536111111,13.3219444444	48.1752777778,14.0180555556	48.1441666667,14.7113888889	48.0988888889,14.7147222222	48.0975,14.6666666667	48.0,14.6666666667	48.0019444444,13.8708333333	48.1152777778,13.6080555556	48.1408333333,13.52	48.1766666667,13.3975	48.2433333333,13.1663888889	48.2636111111,13.0958333333
365	385	1504234800	1504238399	12	47.8333333333,14.6666666667	47.8333333333,14.8333333333	47.8333333333,15.0	47.8333333333,15.1666666667	47.8333333333,15.3333333333	47.8333333333,15.3444444444	47.8161111111,15.3419444444	47.7569444444,15.1638888889	47.6988888889,14.9916666667	47.6575,14.8677777778	47.7833333333,14.7236111111	47.8333333333,14.6666666667
365	385	1504234800	1504238399	4	48.2963888889,13.1813888889	48.3661111111,13.2597222222	48.3536111111,13.3219444444	48.2963888889,13.1813888889
365	385	1504234800	1504238399	17	48.8844444444,14.9711111111	48.8980555556,15.1163888889	48.8955555556,15.2425	48.8927777778,15.3872222222	48.8880555556,15.6158333333	48.8747222222,15.835	48.7636111111,16.0477777778	48.7472222222,16.1	48.7697222222,16.205	48.67,15.8763888889	48.3611111111,15.6536111111	48.4127777778,15.4244444444	48.5983333333,15.4502777778	48.6519444444,15.3611111111	48.6966666667,15.2866666667	48.7583333333,15.1833333333	48.8844444444,14.9711111111
365	385	1504234800	1504238399	10	48.0,14.6666666667	48.0,15.3691666667	47.9922222222,15.3680555556	47.8333333333,15.3444444444	47.8333333333,15.3333333333	47.8333333333,15.1666666667	47.8333333333,15.0	47.8333333333,14.8333333333	47.8333333333,14.6666666667	48.0,14.6666666667
365	385	1504234800	1504238399	8	48.4130555556,13.3102777778	48.4363888889,13.3366666667	48.5847222222,13.5052777778	48.4766666667,13.4552777778	48.3961111111,13.43	48.3536111111,13.3219444444	48.3661111111,13.2597222222	48.4130555556,13.3102777778
365	385	1504234800	1504238399	9	48.83,13.7863888889	49.0561111111,14.405	49.0347222222,14.4763888889	49.0097222222,14.56	48.8844444444,14.9711111111	48.7816666667,14.8344444444	48.7252777778,14.7755555556	48.7311111111,14.0516666667	48.83,13.7863888889
365	385	1504234800	1504238399	6	48.3275,15.4130555556	48.3188888889,15.6244444444	48.2447222222,15.5736111111	48.1611111111,15.6636111111	48.1558333333,15.39	48.3275,15.4130555556
365	385	1504234800	1504238399	12	47.3566666667,16.5375	47.3130555556,16.5005555556	47.2847222222,16.4744444444	47.2394444444,16.4347222222	47.4463888889,15.7888888889	47.6455555556,15.9258333333	47.7513888889,16.0	47.7322222222,16.0966666667	47.6169444444,16.0733333333	47.5952777778,16.1833333333	47.4875,16.0902777778	47.3566666667,16.5375
365	385	1504234800	1504238399	6	48.6063888889,13.8091666667	48.83,13.7863888889	48.6741666667,14.0602777778	48.6380555556,14.0122222222	48.6025,14.0675	48.6063888889,13.8091666667
365	385	1504234800	1504238399	5	48.1611111111,15.6636111111	48.105,15.7216666667	48.1141666667,15.3844444444	48.1558333333,15.39	48.1611111111,15.6636111111
365	385	1504234800	1504238399	22	48.5819444444,14.6663888889	48.5819444444,14.7052777778	48.6747222222,14.7233333333	48.7252777778,14.7755555556	48.7816666667,14.8344444444	48.7597222222,14.9575	48.7763888889,14.9783333333	48.7911111111,14.9544444444	48.8844444444,14.9711111111	48.7583333333,15.1833333333	48.6966666667,15.2866666667	48.6519444444,15.3611111111	48.5983333333,15.4502777778	48.4127777778,15.4244444444	48.3275,15.4130555556	48.1558333333,15.39	48.1141666667,15.3844444444	48.1441666667,14.7113888889	48.3002777778,14.7008333333	48.3727777778,14.6958333333	48.3719444444,14.6666666667	48.5819444444,14.6663888889
365	385	1504234800	1504238399	6	48.3188888889,15.6244444444	48.3083333333,15.8836111111	48.1505555556,15.8325	48.1611111111,15.6636111111	48.2447222222,15.5736111111	48.3188888889,15.6244444444
365	385	1504234800	1504238399	14	47.7205555556,16.1541666667	47.6663888889,16.4230555556	47.5455555556,16.7038888889	47.4711111111,16.6380555556	47.4708333333,16.6377777778	47.4469444444,16.6169444444	47.4275,16.5997222222	47.3566666667,16.5375	47.4875,16.0902777778	47.5952777778,16.1833333333	47.6169444444,16.0733333333	47.7322222222,16.0966666667	47.7266666667,16.125	47.7205555556,16.1541666667
365	385	1504234800	1504238399	16	48.7697222222,16.205	48.7722222222,16.2936111111	48.5525,16.3933333333	48.3925,16.4622222222	48.3741666667,16.3652777778	48.3288888889,16.3722222222	48.3238888889,16.3727777778	48.2836111111,16.4255555556	48.2833333333,16.4383333333	48.1861111111,16.3541666667	48.25,16.1666666667	48.3044444444,15.9727777778	48.3083333333,15.8836111111	48.3611111111,15.6536111111	48.67,15.8763888889	48.7697222222,16.205
365	385	1504234800	1504238399	5	48.4127777778,15.4244444444	48.3611111111,15.6536111111	48.3188888889,15.6244444444	48.3275,15.4130555556	48.4127777778,15.4244444444
365	385	1504234800	1504238399	9	48.7722222222,16.2936111111	48.7847222222,16.6211111111	48.7288888889,16.7891666667	48.7169444444,16.9027777778	48.6155555556,16.9408333333	48.5419444444,16.9002777778	48.5844444444,16.5625	48.5525,16.3933333333	48.7722222222,16.2936111111
365	385	1504234800	1504238399	13	47.9516666667,16.3075	47.9555555556,16.3327777778	47.8744444444,16.2402777778	47.8644444444,16.2377777778	47.8113888889,16.3069444444	47.7844444444,16.4383333333	47.6663888889,16.4230555556	47.7205555556,16.1541666667	47.7266666667,16.125	47.75,16.1002777778	47.8305555556,16.1905555556	47.9597222222,16.1569444444	47.9516666667,16.3075
365	385	1504234800	1504238399	8	47.9555555556,16.3327777778	47.9733333333,16.4472222222	47.9813888889,16.4641666667	47.7844444444,16.4383333333	47.8113888889,16.3069444444	47.8644444444,16.2377777778	47.8744444444,16.2402777778	47.9555555556,16.3327777778
365	385	1504234800	1504238399	7	47.9858333333,15.6263888889	47.7513888889,16.0	47.6455555556,15.9258333333	47.8161111111,15.3419444444	47.8333333333,15.3444444444	47.9922222222,15.3680555556	47.9858333333,15.6263888889
365	385	1504234800	1504238399	7	48.1063888889,16.5833333333	48.1052777778,16.5822222222	48.0677777778,16.5680555556	48.0238888889,16.5533333333	47.9813888889,16.4641666667	48.0897222222,16.4783333333	48.1063888889,16.5833333333
365	385	1504234800	1504238399	10	48.1861111111,16.3541666667	48.1063888889,16.5833333333	48.0897222222,16.4783333333	48.0863888889,16.4625	48.0411111111,16.3911111111	48.0352777778,16.3808333333	48.0958333333,16.3658333333	48.0833333333,16.3341666667	48.1430555556,16.3175	48.1861111111,16.3541666667
365	385	1504234800	1504238399	5	48.1611111111,15.6636111111	48.1505555556,15.8325	48.1025,15.8161111111	48.105,15.7216666667	48.1611111111,15.6636111111
365	385	1504234800	1504238399	8	47.7447222222,16.7341666667	47.7694444444,17.0994444444	47.7561111111,17.095	47.7075,17.0833333333	47.6777777778,17.0127777778	47.5991666667,16.8291666667	47.5863888889,16.7994444444	47.7447222222,16.7341666667
365	385	1504234800	1504238399	10	48.1025,15.8161111111	48.0475,15.785	47.9811111111,15.7555555556	47.9858333333,15.6263888889	47.9922222222,15.3680555556	48.0,15.3691666667	48.0725,15.3788888889	48.1141666667,15.3844444444	48.105,15.7216666667	48.1025,15.8161111111
365	385	1504234800	1504238399	19	48.3536111111,13.3219444444	48.3961111111,13.43	48.4766666667,13.4552777778	48.5847222222,13.5052777778	48.5102777778,13.7202777778	48.5283333333,13.7380555556	48.6063888889,13.8091666667	48.6025,14.0675	48.5675,14.2991666667	48.5605555556,14.3483333333	48.6097222222,14.4447222222	48.6430555556,14.4586111111	48.5819444444,14.6663888889	48.3719444444,14.6666666667	48.3727777778,14.6958333333	48.3002777778,14.7008333333	48.1441666667,14.7113888889	48.1752777778,14.0180555556	48.3536111111,13.3219444444
365	385	1504234800	1504238399	9	48.7252777778,14.7755555556	48.6747222222,14.7233333333	48.5819444444,14.7052777778	48.5819444444,14.6663888889	48.6430555556,14.4586111111	48.6741666667,14.0602777778	48.83,13.7863888889	48.7311111111,14.0516666667	48.7252777778,14.7755555556
365	385	1504234800	1504238399	6	48.8844444444,14.9711111111	48.7911111111,14.9544444444	48.7763888889,14.9783333333	48.7597222222,14.9575	48.7816666667,14.8344444444	48.8844444444,14.9711111111
365	385	1504234800	1504238399	12	47.9233333333,16.6611111111	47.7447222222,16.7341666667	47.5863888889,16.7994444444	47.5455555556,16.7038888889	47.6663888889,16.4230555556	47.7844444444,16.4383333333	47.9813888889,16.4641666667	48.0238888889,16.5533333333	48.0677777778,16.5680555556	48.1052777778,16.5822222222	48.1063888889,16.5833333333	47.9233333333,16.6611111111
365	385	1504234800	1504238399	10	47.9811111111,15.7555555556	47.9680555556,16.0	47.9111111111,15.9997222222	47.8305555556,16.1905555556	47.75,16.1002777778	47.7266666667,16.125	47.7322222222,16.0966666667	47.7513888889,16.0	47.9858333333,15.6263888889	47.9811111111,15.7555555556
365	385	1504234800	1504238399	17	48.3083333333,15.8836111111	48.3044444444,15.9727777778	48.25,16.1666666667	48.1861111111,16.3541666667	48.1430555556,16.3175	48.0833333333,16.3341666667	48.0958333333,16.3658333333	48.0352777778,16.3808333333	48.0177777778,16.3533333333	48.0013888889,16.2886111111	47.9958333333,16.1469444444	48.07,16.1272222222	48.1133333333,16.1155555556	48.1541666667,16.0177777778	48.1469444444,15.9205555556	48.1505555556,15.8325	48.3083333333,15.8836111111
365	385	1504234800	1504238399	8	48.6741666667,14.0602777778	48.6430555556,14.4586111111	48.6097222222,14.4447222222	48.5605555556,14.3483333333	48.5675,14.2991666667	48.6025,14.0675	48.6380555556,14.0122222222	48.6741666667,14.0602777778
365	385	1504234800	1504238399	15	48.45,16.8508333333	48.4275,16.8561111111	48.3827777778,16.8341666667	48.3744444444,16.8413888889	48.3058333333,16.9080555556	48.2702777778,16.9263888889	48.2425,16.9438888889	48.1888888889,16.6816666667	48.1063888889,16.5833333333	48.3677777778,16.4736111111	48.3925,16.4622222222	48.5525,16.3933333333	48.5844444444,16.5625	48.5419444444,16.9002777778	48.45,16.8508333333
365	385	1504234800	1504238399	10	48.3925,16.4622222222	48.3677777778,16.4736111111	48.1063888889,16.5833333333	48.1861111111,16.3541666667	48.2833333333,16.4383333333	48.2836111111,16.4255555556	48.3238888889,16.3727777778	48.3288888889,16.3722222222	48.3741666667,16.3652777778	48.3925,16.4622222222
365	385	1504234800	1504238399	5	47.9811111111,15.7555555556	48.0475,15.785	48.0,15.9997222222	47.9905555556,15.9994444444	47.9811111111,15.7555555556
365	385	1504234800	1504238399	15	48.1025,15.8161111111	48.1505555556,15.8325	48.1469444444,15.9205555556	48.1541666667,16.0177777778	48.1133333333,16.1155555556	48.07,16.1272222222	47.9958333333,16.1469444444	47.9597222222,16.1569444444	47.8305555556,16.1905555556	47.9111111111,15.9997222222	47.9680555556,16.0	47.9905555556,15.9994444444	48.0,15.9997222222	48.0475,15.785	48.1025,15.8161111111
365	385	1504234800	1504238399	8	48.0,15.3691666667	48.0,14.6666666667	48.0975,14.6666666667	48.0988888889,14.7147222222	48.1441666667,14.7113888889	48.1141666667,15.3844444444	48.0725,15.3788888889	48.0,15.3691666667
365	385	1504234800	1504238399	10	48.0019444444,13.8708333333	48.0,14.6666666667	47.8333333333,14.6666666667	47.7833333333,14.7236111111	47.7019444444,14.5213888889	47.8147222222,14.3994444444	47.8625,14.3077777778	47.87,14.2933333333	47.87,14.0613888889	48.0019444444,13.8708333333
385	999	1504234800	1504238399	9	47.4463888889,15.7888888889	47.5502777778,15.4630555556	47.5633333333,15.4219444444	47.6494444444,15.1516666667	47.6988888889,14.9916666667	47.7569444444,15.1638888889	47.8161111111,15.3419444444	47.6455555556,15.9258333333	47.4463888889,15.7888888889
385	999	1504234800	1504238399	13	48.0855555556,16.6475	48.1791666667,16.9722222222	48.1722222222,16.9747222222	48.1269444444,17.0077777778	48.1077777778,17.0858333333	48.0675,17.0877777778	48.0252777778,17.0813888889	48.0063888889,17.1605555556	47.98,17.1536111111	47.9344444444,17.1416666667	47.9213888889,17.1394444444	48.0341666667,16.8019444444	48.0855555556,16.6475
385	999	1504234800	1504238399	9	48.83,13.7863888889	49.0561111111,14.405	49.0347222222,14.4763888889	49.0097222222,14.56	48.8844444444,14.9711111111	48.7816666667,14.8344444444	48.7252777778,14.7755555556	48.7311111111,14.0516666667	48.83,13.7863888889
385	999	1504234800	1504238399	4	48.3611111111,15.6536111111	48.3083333333,15.8836111111	48.3188888889,15.6244444444	48.3611111111,15.6536111111
385	999	1504234800	1504238399	4	47.9905555556,15.9994444444	47.9680555556,16.0	47.9811111111,15.7555555556	47.9905555556,15.9994444444
385	999	1504234800	1504238399	8	47.87,14.0613888889	47.87,14.2933333333	47.8625,14.3077777778	47.8147222222,14.3994444444	47.7019444444,14.5213888889	47.6361111111,14.5913888889	47.7036111111,14.3008333333	47.87,14.0613888889
385	999	1504234800	1504238399	5	48.0855555556,16.6475	48.0341666667,16.8019444444	47.9233333333,16.6611111111	48.1063888889,16.5833333333	48.0855555556,16.6475
385	999	1504234800	1504238399	8	48.2425,16.9438888889	48.2161111111,16.9583333333	48.1905555556,16.9691666667	48.1791666667,16.9722222222	48.0855555556,16.6475	48.1063888889,16.5833333333	48.1888888889,16.6816666667	48.2425,16.9438888889
385	999	1504234800	1504238399	15	48.2636111111,13.0958333333	48.2916666667,13.1666666667	48.2963888889,13.1813888889	48.3536111111,13.3219444444	48.1752777778,14.0180555556	48.1441666667,14.7113888889	48.0988888889,14.7147222222	48.0975,14.6666666667	48.0,14.6666666667	48.0019444444,13.8708333333	48.1152777778,13.6080555556	48.1408333333,13.52	48.1766666667,13.3975	48.2433333333,13.1663888889	48.2636111111,13.0958333333
385	999	1504234800	1504238399	12	47.8333333333,14.6666666667	47.8333333333,14.8333333333	47.8333333333,15.0	47.8333333333,15.1666666667	47.8333333333,15.3333333333	47.8333333333,15.3444444444	47.8161111111,15.3419444444	47.7569444444,15.1638888889	47.6988888889,14.9916666667	47.6575,14.8677777778	47.7833333333,14.7236111111	47.8333333333,14.6666666667
385	999	1504234800	1504238399	4	48.2963888889,13.1813888889	48.3661111111,13.2597222222	48.3536111111,13.3219444444	48.2963888889,13.1813888889
385	999	1504234800	1504238399	17	48.8844444444,14.9711111111	48.8980555556,15.1163888889	48.8955555556,15.2425	48.8927777778,15.3872222222	48.8880555556,15.6158333333	48.8747222222,15.835	48.7636111111,16.0477777778	48.7472222222,16.1	48.7697222222,16.205	48.67,15.8763888889	48.3611111111,15.6536111111	48.4127777778,15.4244444444	48.5983333333,15.4502777778	48.6519444444,15.3611111111	48.6966666667,15.2866666667	48.7583333333,15.1833333333	48.8844444444,14.9711111111
385	999	1504234800	1504238399	10	48.0,14.6666666667	48.0,15.3691666667	47.9922222222,15.3680555556	47.8333333333,15.3444444444	47.8333333333,15.3333333333	47.8333333333,15.1666666667	47.8333333333,15.0	47.8333333333,14.8333333333	47.8333333333,14.6666666667	48.0,14.6666666667
385	999	1504234800	1504238399	8	48.4130555556,13.3102777778	48.4363888889,13.3366666667	48.5847222222,13.5052777778	48.4766666667,13.4552777778	48.3961111111,13.43	48.3536111111,13.3219444444	48.3661111111,13.2597222222	48.4130555556,13.3102777778
385	999	1504234800	1504238399	7	47.7447222222,16.7341666667	47.9233333333,16.6611111111	48.0341666667,16.8019444444	47.9213888889,17.1394444444	47.8308333333,17.1144444444	47.7694444444,17.0994444444	47.7447222222,16.7341666667
385	999	1504234800	1504238399	6	48.3275,15.4130555556	48.3188888889,15.6244444444	48.2447222222,15.5736111111	48.1611111111,15.6636111111	48.1558333333,15.39	48.3275,15.4130555556
385	999	1504234800	1504238399	12	47.3566666667,16.5375	47.3130555556,16.5005555556	47.2847222222,16.4744444444	47.2394444444,16.4347222222	47.4463888889,15.7888888889	47.6455555556,15.9258333333	47.7513888889,16.0	47.7322222222,16.0966666667	47.6169444444,16.0733333333	47.5952777778,16.1833333333	47.4875,16.0902777778	47.3566666667,16.5375
385	999	1504234800	1504238399	6	48.6063888889,13.8091666667	48.83,13.7863888889	48.6741666667,14.0602777778	48.6380555556,14.0122222222	48.6025,14.0675	48.6063888889,13.8091666667
385	999	1504234800	1504238399	5	48.1611111111,15.6636111111	48.105,15.7216666667	48.1141666667,15.3844444444	48.1558333333,15.39	48.1611111111,15.6636111111
385	999	1504234800	1504238399	10	48.1025,15.8161111111	48.0475,15.785	47.9811111111,15.7555555556	47.9858333333,15.6263888889	47.9922222222,15.3680555556	48.0,15.3691666667	48.0725,15.3788888889	48.1141666667,15.3844444444	48.105,15.7216666667	48.1025,15.8161111111
385	999	1504234800	1504238399	6	48.3188888889,15.6244444444	48.3083333333,15.8836111111	48.1505555556,15.8325	48.1611111111,15.6636111111	48.2447222222,15.5736111111	48.3188888889,15.6244444444
385	999	1504234800	1504238399	14	47.7205555556,16.1541666667	47.6663888889,16.4230555556	47.5455555556,16.7038888889	47.4711111111,16.6380555556	47.4708333333,16.6377777778	47.4469444444,16.6169444444	47.4275,16.5997222222	47.3566666667,16.5375	47.4875,16.0902777778	47.5952777778,16.1833333333	47.6169444444,16.0733333333	47.7322222222,16.0966666667	47.7266666667,16.125	47.7205555556,16.1541666667
385	999	1504234800	1504238399	16	48.7697222222,16.205	48.7722222222,16.2936111111	48.5525,16.3933333333	48.3925,16.4622222222	48.3741666667,16.3652777778	48.3288888889,16.3722222222	48.3238888889,16.3727777778	48.2836111111,16.4255555556	48.2833333333,16.4383333333	48.1861111111,16.3541666667	48.25,16.1666666667	48.3044444444,15.9727777778	48.3083333333,15.8836111111	48.3611111111,15.6536111111	48.67,15.8763888889	48.7697222222,16.205
385	999	1504234800	1504238399	5	47.9811111111,15.7555555556	48.0475,15.785	48.0,15.9997222222	47.9905555556,15.9994444444	47.9811111111,15.7555555556
385	999	1504234800	1504238399	5	48.4127777778,15.4244444444	48.3611111111,15.6536111111	48.3188888889,15.6244444444	48.3275,15.4130555556	48.4127777778,15.4244444444
385	999	1504234800	1504238399	7	48.83,13.7863888889	48.6063888889,13.8091666667	48.5283333333,13.7380555556	48.5102777778,13.7202777778	48.5847222222,13.5052777778	48.6533333333,13.5833333333	48.83,13.7863888889
385	999	1504234800	1504238399	13	47.9516666667,16.3075	47.9555555556,16.3327777778	47.8744444444,16.2402777778	47.8644444444,16.2377777778	47.8113888889,16.3069444444	47.7844444444,16.4383333333	47.6663888889,16.4230555556	47.7205555556,16.1541666667	47.7266666667,16.125	47.75,16.1002777778	47.8305555556,16.1905555556	47.9597222222,16.1569444444	47.9516666667,16.3075
385	999	1504234800	1504238399	8	47.9555555556,16.3327777778	47.9733333333,16.4472222222	47.9813888889,16.4641666667	47.7844444444,16.4383333333	47.8113888889,16.3069444444	47.8644444444,16.2377777778	47.8744444444,16.2402777778	47.9555555556,16.3327777778
385	999	1504234800	1504238399	7	47.9858333333,15.6263888889	47.7513888889,16.0	47.6455555556,15.9258333333	47.8161111111,15.3419444444	47.8333333333,15.3444444444	47.9922222222,15.3680555556	47.9858333333,15.6263888889
385	999	1504234800	1504238399	7	48.1063888889,16.5833333333	48.1052777778,16.5822222222	48.0677777778,16.5680555556	48.0238888889,16.5533333333	47.9813888889,16.4641666667	48.0897222222,16.4783333333	48.1063888889,16.5833333333
385	999	1504234800	1504238399	10	48.1861111111,16.3541666667	48.1063888889,16.5833333333	48.0897222222,16.4783333333	48.0863888889,16.4625	48.0411111111,16.3911111111	48.0352777778,16.3808333333	48.0958333333,16.3658333333	48.0833333333,16.3341666667	48.1430555556,16.3175	48.1861111111,16.3541666667
385	999	1504234800	1504238399	5	48.1611111111,15.6636111111	48.1505555556,15.8325	48.1025,15.8161111111	48.105,15.7216666667	48.1611111111,15.6636111111
385	999	1504234800	1504238399	8	47.7447222222,16.7341666667	47.7694444444,17.0994444444	47.7561111111,17.095	47.7075,17.0833333333	47.6777777778,17.0127777778	47.5991666667,16.8291666667	47.5863888889,16.7994444444	47.7447222222,16.7341666667
385	999	1504234800	1504238399	8	48.6741666667,14.0602777778	48.6430555556,14.4586111111	48.6097222222,14.4447222222	48.5605555556,14.3483333333	48.5675,14.2991666667	48.6025,14.0675	48.6380555556,14.0122222222	48.6741666667,14.0602777778
385	999	1504234800	1504238399	19	48.3536111111,13.3219444444	48.3961111111,13.43	48.4766666667,13.4552777778	48.5847222222,13.5052777778	48.5102777778,13.7202777778	48.5283333333,13.7380555556	48.6063888889,13.8091666667	48.6025,14.0675	48.5675,14.2991666667	48.5605555556,14.3483333333	48.6097222222,14.4447222222	48.6430555556,14.4586111111	48.5819444444,14.6663888889	48.3719444444,14.6666666667	48.3727777778,14.6958333333	48.3002777778,14.7008333333	48.1441666667,14.7113888889	48.1752777778,14.0180555556	48.3536111111,13.3219444444
385	999	1504234800	1504238399	9	48.7722222222,16.2936111111	48.7847222222,16.6211111111	48.7288888889,16.7891666667	48.7169444444,16.9027777778	48.6155555556,16.9408333333	48.5419444444,16.9002777778	48.5844444444,16.5625	48.5525,16.3933333333	48.7722222222,16.2936111111
385	999	1504234800	1504238399	9	48.7252777778,14.7755555556	48.6747222222,14.7233333333	48.5819444444,14.7052777778	48.5819444444,14.6663888889	48.6430555556,14.4586111111	48.6741666667,14.0602777778	48.83,13.7863888889	48.7311111111,14.0516666667	48.7252777778,14.7755555556
385	999	1504234800	1504238399	6	48.8844444444,14.9711111111	48.7911111111,14.9544444444	48.7763888889,14.9783333333	48.7597222222,14.9575	48.7816666667,14.8344444444	48.8844444444,14.9711111111
385	999	1504234800	1504238399	12	47.9233333333,16.6611111111	47.7447222222,16.7341666667	47.5863888889,16.7994444444	47.5455555556,16.7038888889	47.6663888889,16.4230555556	47.7844444444,16.4383333333	47.9813888889,16.4641666667	48.0238888889,16.5533333333	48.0677777778,16.5680555556	48.1052777778,16.5822222222	48.1063888889,16.5833333333	47.9233333333,16.6611111111
385	999	1504234800	1504238399	10	47.9811111111,15.7555555556	47.9680555556,16.0	47.9111111111,15.9997222222	47.8305555556,16.1905555556	47.75,16.1002777778	47.7266666667,16.125	47.7322222222,16.0966666667	47.7513888889,16.0	47.9858333333,15.6263888889	47.9811111111,15.7555555556
385	999	1504234800	1504238399	17	48.3083333333,15.8836111111	48.3044444444,15.9727777778	48.25,16.1666666667	48.1861111111,16.3541666667	48.1430555556,16.3175	48.0833333333,16.3341666667	48.0958333333,16.3658333333	48.0352777778,16.3808333333	48.0177777778,16.3533333333	48.0013888889,16.2886111111	47.9958333333,16.1469444444	48.07,16.1272222222	48.1133333333,16.1155555556	48.1541666667,16.0177777778	48.1469444444,15.9205555556	48.1505555556,15.8325	48.3083333333,15.8836111111
385	999	1504234800	1504238399	13	48.0897222222,16.4783333333	47.9813888889,16.4641666667	47.9733333333,16.4472222222	47.9555555556,16.3327777778	47.9516666667,16.3075	47.9597222222,16.1569444444	47.9958333333,16.1469444444	48.0013888889,16.2886111111	48.0177777778,16.3533333333	48.0352777778,16.3808333333	48.0411111111,16.3911111111	48.0863888889,16.4625	48.0897222222,16.4783333333
385	999	1504234800	1504238399	15	48.45,16.8508333333	48.4275,16.8561111111	48.3827777778,16.8341666667	48.3744444444,16.8413888889	48.3058333333,16.9080555556	48.2702777778,16.9263888889	48.2425,16.9438888889	48.1888888889,16.6816666667	48.1063888889,16.5833333333	48.3677777778,16.4736111111	48.3925,16.4622222222	48.5525,16.3933333333	48.5844444444,16.5625	48.5419444444,16.9002777778	48.45,16.8508333333
385	999	1504234800	1504238399	10	48.3925,16.4622222222	48.3677777778,16.4736111111	48.1063888889,16.5833333333	48.1861111111,16.3541666667	48.2833333333,16.4383333333	48.2836111111,16.4255555556	48.3238888889,16.3727777778	48.3288888889,16.3722222222	48.3741666667,16.3652777778	48.3925,16.4622222222
385	999	1504234800	1504238399	22	48.5819444444,14.6663888889	48.5819444444,14.7052777778	48.6747222222,14.7233333333	48.7252777778,14.7755555556	48.7816666667,14.8344444444	48.7597222222,14.9575	48.7763888889,14.9783333333	48.7911111111,14.9544444444	48.8844444444,14.9711111111	48.7583333333,15.1833333333	48.6966666667,15.2866666667	48.6519444444,15.3611111111	48.5983333333,15.4502777778	48.4127777778,15.4244444444	48.3275,15.4130555556	48.1558333333,15.39	48.1141666667,15.3844444444	48.1441666667,14.7113888889	48.3002777778,14.7008333333	48.3727777778,14.6958333333	48.3719444444,14.6666666667	48.5819444444,14.6663888889
385	999	1504234800	1504238399	6	47.7019444444,14.5213888889	47.7833333333,14.7236111111	47.6575,14.8677777778	47.6425,14.8227777778	47.6361111111,14.5913888889	47.7019444444,14.5213888889
385	999	1504234800	1504238399	15	48.1025,15.8161111111	48.1505555556,15.8325	48.1469444444,15.9205555556	48.1541666667,16.0177777778	48.1133333333,16.1155555556	48.07,16.1272222222	47.9958333333,16.1469444444	47.9597222222,16.1569444444	47.8305555556,16.1905555556	47.9111111111,15.9997222222	47.9680555556,16.0	47.9905555556,15.9994444444	48.0,15.9997222222	48.0475,15.785	48.1025,15.8161111111
385	999	1504234800	1504238399	8	48.0,15.3691666667	48.0,14.6666666667	48.0975,14.6666666667	48.0988888889,14.7147222222	48.1441666667,14.7113888889	48.1141666667,15.3844444444	48.0725,15.3788888889	48.0,15.3691666667
385	999	1504234800	1504238399	10	48.0019444444,13.8708333333	48.0,14.6666666667	47.8333333333,14.6666666667	47.7833333333,14.7236111111	47.7019444444,14.5213888889	47.8147222222,14.3994444444	47.8625,14.3077777778	47.87,14.2933333333	47.87,14.0613888889	48.0019444444,13.8708333333
