45
365	385	1504267200	1504270799	12	47.4416666667,14.7972222222	47.3191666667,14.9369444444	47.2833333333,14.9777777778	47.2622222222,14.9977777778	47.1722222222,15.0833333333	47.0833333333,15.1666666667	46.9666666667,15.1416666667	46.8725,14.8586111111	46.9891666667,14.7430555556	47.1136111111,14.4955555556	47.1494444444,14.4236111111	47.4416666667,14.7972222222
365	385	1504267200	1504270799	9	47.7036111111,14.3008333333	47.6361111111,14.5913888889	47.5,14.7333333333	47.4597222222,14.7772222222	47.4416666667,14.7972222222	47.4416666667,14.4055555556	47.425,14.3786111111	47.4705555556,14.2433333333	47.7036111111,14.3008333333
365	385	1504267200	1504270799	34	46.6580555556,15.4208333333	46.6155555556,15.4644444444	46.6163888889,15.5102777778	46.6483333333,15.5491666667	46.6663888889,15.5491666667	46.6830555556,15.5805555556	46.6858333333,15.5991666667	46.6788888889,15.6294444444	46.7088888889,15.6525	46.7108333333,15.7919444444	46.7066666667,15.8080555556	46.7219444444,15.8655555556	46.6825,15.9919444444	46.6591666667,16.0394444444	46.7163888889,16.0080555556	46.8041666667,15.9955555556	46.8291666667,15.9891666667	46.8691666667,16.1138888889	46.85,16.3666666667	46.6836111111,16.4227777778	46.64,16.4166666667	46.5,16.5305555556	46.57,16.3683333333	46.5033333333,16.2391666667	46.3983333333,16.2816666667	46.3783333333,16.2741666667	46.3791666667,16.1963888889	46.4080555556,16.0566666667	46.3688888889,16.0413888889	46.4313888889,15.9194444444	46.5697222222,15.8069444444	46.63,15.7441666667	46.5355555556,15.5205555556	46.6580555556,15.4208333333
365	385	1504267200	1504270799	6	47.4463888889,15.7888888889	47.2394444444,16.4347222222	47.1419444444,16.3497222222	46.9977777778,16.2247222222	47.1494444444,15.5855555556	47.4463888889,15.7888888889
365	385	1504267200	1504270799	7	46.3680555556,15.7925	46.4313888889,15.9194444444	46.3688888889,16.0413888889	46.3244444444,16.0233333333	46.3097222222,15.9761111111	46.2869444444,15.9261111111	46.3680555556,15.7925
365	385	1504267200	1504270799	8	47.4416666667,14.4055555556	47.4416666667,14.7972222222	47.1494444444,14.4236111111	47.2783333333,14.1633333333	47.2897222222,14.1613888889	47.4113888889,14.3566666667	47.425,14.3786111111	47.4416666667,14.4055555556
365	385	1504267200	1504270799	25	47.1494444444,15.5855555556	46.9977777778,16.2247222222	46.9625,16.275	46.85,16.3666666667	46.8691666667,16.1138888889	46.8291666667,15.9891666667	46.8041666667,15.9955555556	46.7163888889,16.0080555556	46.6591666667,16.0394444444	46.6825,15.9919444444	46.7219444444,15.8655555556	46.7066666667,15.8080555556	46.7108333333,15.7919444444	46.7088888889,15.6525	46.6788888889,15.6294444444	46.6858333333,15.5991666667	46.6830555556,15.5805555556	46.6663888889,15.5491666667	46.6483333333,15.5491666667	46.6163888889,15.5102777778	46.6155555556,15.4644444444	46.6580555556,15.4208333333	46.6852777778,15.2391666667	46.9558333333,15.4505555556	47.1494444444,15.5855555556
365	385	1504267200	1504270799	12	47.5416666667,15.0	47.5,15.4416666667	47.3302777778,15.3766666667	47.2166666667,15.3333333333	47.2666666667,15.2805555556	47.1722222222,15.0833333333	47.2622222222,14.9977777778	47.2833333333,14.9777777778	47.3191666667,14.9369444444	47.4416666667,14.7972222222	47.53,14.9761111111	47.5416666667,15.0
365	385	1504267200	1504270799	7	46.5355555556,15.5205555556	46.63,15.7441666667	46.5697222222,15.8069444444	46.4313888889,15.9194444444	46.3680555556,15.7925	46.4225,15.6941666667	46.5355555556,15.5205555556
365	385	1504267200	1504270799	10	47.6575,14.8677777778	47.6438888889,14.8836111111	47.5416666667,15.0	47.53,14.9761111111	47.4416666667,14.7972222222	47.4597222222,14.7772222222	47.5,14.7333333333	47.6361111111,14.5913888889	47.6425,14.8227777778	47.6575,14.8677777778
365	385	1504267200	1504270799	9	47.6988888889,14.9916666667	47.6494444444,15.1516666667	47.5633333333,15.4219444444	47.5502777778,15.4630555556	47.5,15.4416666667	47.5416666667,15.0	47.6438888889,14.8836111111	47.6575,14.8677777778	47.6988888889,14.9916666667
365	385	1504267200	1504270799	13	47.3302777778,15.3766666667	47.28,15.5222222222	47.1572222222,15.5563888889	47.1494444444,15.5855555556	46.9558333333,15.4505555556	46.6852777778,15.2391666667	46.7072222222,15.0944444444	46.9666666667,15.1416666667	47.0833333333,15.1666666667	47.1722222222,15.0833333333	47.2666666667,15.2805555556	47.2166666667,15.3333333333	47.3302777778,15.3766666667
365	385	1504267200	1504270799	5	46.9666666667,15.1416666667	46.7072222222,15.0944444444	46.72,15.0091666667	46.8725,14.8586111111	46.9666666667,15.1416666667
365	385	1504267200	1504270799	8	47.4705555556,14.2433333333	47.425,14.3786111111	47.4113888889,14.3566666667	47.2897222222,14.1613888889	47.2783333333,14.1633333333	47.3391666667,14.0405555556	47.3827777778,13.9525	47.4705555556,14.2433333333
365	385	1504267200	1504270799	8	47.5502777778,15.4630555556	47.4463888889,15.7888888889	47.1494444444,15.5855555556	47.1572222222,15.5563888889	47.28,15.5222222222	47.3302777778,15.3766666667	47.5,15.4416666667	47.5502777778,15.4630555556
385	999	1504267200	1504270799	12	47.4416666667,14.7972222222	47.3191666667,14.9369444444	47.2833333333,14.9777777778	47.2622222222,14.9977777778	47.1722222222,15.0833333333	47.0833333333,15.1666666667	46.9666666667,15.1416666667	46.8725,14.8586111111	46.9891666667,14.7430555556	47.1136111111,14.4955555556	47.1494444444,14.4236111111	47.4416666667,14.7972222222
385	999	1504267200	1504270799	9	47.7036111111,14.3008333333	47.6361111111,14.5913888889	47.5,14.7333333333	47.4597222222,14.7772222222	47.4416666667,14.7972222222	47.4416666667,14.4055555556	47.425,14.3786111111	47.4705555556,14.2433333333	47.7036111111,14.3008333333
385	999	1504267200	1504270799	34	46.6580555556,15.4208333333	46.6155555556,15.4644444444	46.6163888889,15.5102777778	46.6483333333,15.5491666667	46.6663888889,15.5491666667	46.6830555556,15.5805555556	46.6858333333,15.5991666667	46.6788888889,15.6294444444	46.7088888889,15.6525	46.7108333333,15.7919444444	46.7066666667,15.8080555556	46.7219444444,15.8655555556	46.6825,15.9919444444	46.6591666667,16.0394444444	46.7163888889,16.0080555556	46.8041666667,15.9955555556	46.8291666667,15.9891666667	46.8691666667,16.1138888889	46.85,16.3666666667	46.6836111111,16.4227777778	46.64,16.4166666667	46.5,16.5305555556	46.57,16.3683333333	46.5033333333,16.2391666667	46.3983333333,16.2816666667	46.3783333333,16.2741666667	46.3791666667,16.1963888889	46.4080555556,16.0566666667	46.3688888889,16.0413888889	46.4313888889,15.9194444444	46.5697222222,15.8069444444	46.63,15.7441666667	46.5355555556,15.5205555556	46.6580555556,15.4208333333
385	999	1504267200	1504270799	6	47.4463888889,15.7888888889	47.2394444444,16.4347222222	47.1419444444,16.3497222222	46.9977777778,16.2247222222	47.1494444444,15.5855555556	47.4463888889,15.7888888889
385	999	1504267200	1504270799	8	47.4416666667,14.4055555556	47.4416666667,14.7972222222	47.1494444444,14.4236111111	47.2783333333,14.1633333333	47.2897222222,14.1613888889	47.4113888889,14.3566666667	47.425,14.3786111111	47.4416666667,14.4055555556
385	999	1504267200	1504270799	7	46.3680555556,15.7925	46.4313888889,15.9194444444	46.3688888889,16.0413888889	46.3244444444,16.0233333333	46.3097222222,15.9761111111	46.2869444444,15.9261111111	46.3680555556,15.7925
385	999	1504267200	1504270799	25	47.1494444444,15.5855555556	46.9977777778,16.2247222222	46.9625,16.275	46.85,16.3666666667	46.8691666667,16.1138888889	46.8291666667,15.9891666667	46.8041666667,15.9955555556	46.7163888889,16.0080555556	46.6591666667,16.0394444444	46.6825,15.9919444444	46.7219444444,15.8655555556	46.7066666667,15.8080555556	46.7108333333,15.7919444444	46.7088888889,15.6525	46.6788888889,15.6294444444	46.6858333333,15.5991666667	46.6830555556,15.5805555556	46.6663888889,15.5491666667	46.6483333333,15.5491666667	46.6163888889,15.5102777778	46.6155555556,15.4644444444	46.6580555556,15.4208333333	46.6852777778,15.2391666667	46.9558333333,15.4505555556	47.1494444444,15.5855555556
385	999	1504267200	1504270799	12	47.5416666667,15.0	47.5,15.4416666667	47.3302777778,15.3766666667	47.2166666667,15.3333333333	47.2666666667,15.2805555556	47.1722222222,15.0833333333	47.2622222222,14.9977777778	47.2833333333,14.9777777778	47.3191666667,14.9369444444	47.4416666667,14.7972222222	47.53,14.9761111111	47.5416666667,15.0
385	999	1504267200	1504270799	7	46.5355555556,15.5205555556	46.63,15.7441666667	46.5697222222,15.8069444444	46.4313888889,15.9194444444	46.3680555556,15.7925	46.4225,15.6941666667	46.5355555556,15.5205555556
385	999	1504267200	1504270799	10	47.6575,14.8677777778	47.6438888889,14.8836111111	47.5416666667,15.0	47.53,14.9761111111	47.4416666667,14.7972222222	47.4597222222,14.7772222222	47.5,14.7333333333	47.6361111111,14.5913888889	47.6425,14.8227777778	47.6575,14.8677777778
385	999	1504267200	1504270799	9	47.6988888889,14.9916666667	47.6494444444,15.1516666667	47.5633333333,15.4219444444	47.5502777778,15.4630555556	47.5,15.4416666667	47.5416666667,15.0	47.6438888889,14.8836111111	47.6575,14.8677777778	47.6988888889,14.9916666667
385	999	1504267200	1504270799	13	47.3302777778,15.3766666667	47.28,15.5222222222	47.1572222222,15.5563888889	47.1494444444,15.5855555556	46.9558333333,15.4505555556	46.6852777778,15.2391666667	46.7072222222,15.0944444444	46.9666666667,15.1416666667	47.0833333333,15.1666666667	47.1722222222,15.0833333333	47.2666666667,15.2805555556	47.2166666667,15.3333333333	47.3302777778,15.3766666667
385	999	1504267200	1504270799	5	46.9666666667,15.1416666667	46.7072222222,15.0944444444	46.72,15.0091666667	46.8725,14.8586111111	46.9666666667,15.1416666667
385	999	1504267200	1504270799	8	47.4705555556,14.2433333333	47.425,14.3786111111	47.4113888889,14.3566666667	47.2897222222,14.1613888889	47.2783333333,14.1633333333	47.3391666667,14.0405555556	47.3827777778,13.9525	47.4705555556,14.2433333333
385	999	1504267200	1504270799	8	47.5502777778,15.4630555556	47.4463888889,15.7888888889	47.1494444444,15.5855555556	47.1572222222,15.5563888889	47.28,15.5222222222	47.3302777778,15.3766666667	47.5,15.4416666667	47.5502777778,15.4630555556
345	365	1504267200	1504270799	12	47.4416666667,14.7972222222	47.3191666667,14.9369444444	47.2833333333,14.9777777778	47.2622222222,14.9977777778	47.1722222222,15.0833333333	47.0833333333,15.1666666667	46.9666666667,15.1416666667	46.8725,14.8586111111	46.9891666667,14.7430555556	47.1136111111,14.4955555556	47.1494444444,14.4236111111	47.4416666667,14.7972222222
345	365	1504267200	1504270799	9	47.7036111111,14.3008333333	47.6361111111,14.5913888889	47.5,14.7333333333	47.4597222222,14.7772222222	47.4416666667,14.7972222222	47.4416666667,14.4055555556	47.425,14.3786111111	47.4705555556,14.2433333333	47.7036111111,14.3008333333
345	365	1504267200	1504270799	34	46.6580555556,15.4208333333	46.6155555556,15.4644444444	46.6163888889,15.5102777778	46.6483333333,15.5491666667	46.6663888889,15.5491666667	46.6830555556,15.5805555556	46.6858333333,15.5991666667	46.6788888889,15.6294444444	46.7088888889,15.6525	46.7108333333,15.7919444444	46.7066666667,15.8080555556	46.7219444444,15.8655555556	46.6825,15.9919444444	46.6591666667,16.0394444444	46.7163888889,16.0080555556	46.8041666667,15.9955555556	46.8291666667,15.9891666667	46.8691666667,16.1138888889	46.85,16.3666666667	46.6836111111,16.4227777778	46.64,16.4166666667	46.5,16.5305555556	46.57,16.3683333333	46.5033333333,16.2391666667	46.3983333333,16.2816666667	46.3783333333,16.2741666667	46.3791666667,16.1963888889	46.4080555556,16.0566666667	46.3688888889,16.0413888889	46.4313888889,15.9194444444	46.5697222222,15.8069444444	46.63,15.7441666667	46.5355555556,15.5205555556	46.6580555556,15.4208333333
345	365	1504267200	1504270799	6	47.4463888889,15.7888888889	47.2394444444,16.4347222222	47.1419444444,16.3497222222	46.9977777778,16.2247222222	47.1494444444,15.5855555556	47.4463888889,15.7888888889
345	365	1504267200	1504270799	7	46.3680555556,15.7925	46.4313888889,15.9194444444	46.3688888889,16.0413888889	46.3244444444,16.0233333333	46.3097222222,15.9761111111	46.2869444444,15.9261111111	46.3680555556,15.7925
345	365	1504267200	1504270799	8	47.4416666667,14.4055555556	47.4416666667,14.7972222222	47.1494444444,14.4236111111	47.2783333333,14.1633333333	47.2897222222,14.1613888889	47.4113888889,14.3566666667	47.425,14.3786111111	47.4416666667,14.4055555556
345	365	1504267200	1504270799	25	47.1494444444,15.5855555556	46.9977777778,16.2247222222	46.9625,16.275	46.85,16.3666666667	46.8691666667,16.1138888889	46.8291666667,15.9891666667	46.8041666667,15.9955555556	46.7163888889,16.0080555556	46.6591666667,16.0394444444	46.6825,15.9919444444	46.7219444444,15.8655555556	46.7066666667,15.8080555556	46.7108333333,15.7919444444	46.7088888889,15.6525	46.6788888889,15.6294444444	46.6858333333,15.5991666667	46.6830555556,15.5805555556	46.6663888889,15.5491666667	46.6483333333,15.5491666667	46.6163888889,15.5102777778	46.6155555556,15.4644444444	46.6580555556,15.4208333333	46.6852777778,15.2391666667	46.9558333333,15.4505555556	47.1494444444,15.5855555556
345	365	1504267200	1504270799	12	47.5416666667,15.0	47.5,15.4416666667	47.3302777778,15.3766666667	47.2166666667,15.3333333333	47.2666666667,15.2805555556	47.1722222222,15.0833333333	47.2622222222,14.9977777778	47.2833333333,14.9777777778	47.3191666667,14.9369444444	47.4416666667,14.7972222222	47.53,14.9761111111	47.5416666667,15.0
345	365	1504267200	1504270799	7	46.5355555556,15.5205555556	46.63,15.7441666667	46.5697222222,15.8069444444	46.4313888889,15.9194444444	46.3680555556,15.7925	46.4225,15.6941666667	46.5355555556,15.5205555556
345	365	1504267200	1504270799	10	47.6575,14.8677777778	47.6438888889,14.8836111111	47.5416666667,15.0	47.53,14.9761111111	47.4416666667,14.7972222222	47.4597222222,14.7772222222	47.5,14.7333333333	47.6361111111,14.5913888889	47.6425,14.8227777778	47.6575,14.8677777778
345	365	1504267200	1504270799	9	47.6988888889,14.9916666667	47.6494444444,15.1516666667	47.5633333333,15.4219444444	47.5502777778,15.4630555556	47.5,15.4416666667	47.5416666667,15.0	47.6438888889,14.8836111111	47.6575,14.8677777778	47.6988888889,14.9916666667
345	365	1504267200	1504270799	13	47.3302777778,15.3766666667	47.28,15.5222222222	47.1572222222,15.5563888889	47.1494444444,15.5855555556	46.9558333333,15.4505555556	46.6852777778,15.2391666667	46.7072222222,15.0944444444	46.9666666667,15.1416666667	47.0833333333,15.1666666667	47.1722222222,15.0833333333	47.2666666667,15.2805555556	47.2166666667,15.3333333333	47.3302777778,15.3766666667
345	365	1504267200	1504270799	5	46.9666666667,15.1416666667	46.7072222222,15.0944444444	46.72,15.0091666667	46.8725,14.8586111111	46.9666666667,15.1416666667
345	365	1504267200	1504270799	8	47.4705555556,14.2433333333	47.425,14.3786111111	47.4113888889,14.3566666667	47.2897222222,14.1613888889	47.2783333333,14.1633333333	47.3391666667,14.0405555556	47.3827777778,13.9525	47.4705555556,14.2433333333
345	365	1504267200	1504270799	8	47.5502777778,15.4630555556	47.4463888889,15.7888888889	47.1494444444,15.5855555556	47.1572222222,15.5563888889	47.28,15.5222222222	47.3302777778,15.3766666667	47.5,15.4416666667	47.5502777778,15.4630555556
