201
365	385	1504299600	1504310399	9	47.7036111111,14.3008333333	47.6361111111,14.5913888889	47.5,14.7333333333	47.4597222222,14.7772222222	47.4416666667,14.7972222222	47.4416666667,14.4055555556	47.425,14.3786111111	47.4705555556,14.2433333333	47.7036111111,14.3008333333
365	385	1504299600	1504310399	14	47.0161111111,11.8575	47.0472222222,11.9888888889	47.0869444444,12.1888888889	47.0666666667,12.2333333333	47.025,12.1916666667	47.0,12.1277777778	46.9063888889,12.1583333333	46.8772222222,12.2166666667	46.8708333333,12.2863888889	46.825,12.3077777778	46.8025,12.2811111111	46.9344444444,11.8416666667	47.0027777778,11.855	47.0161111111,11.8575
365	385	1504299600	1504310399	6	47.4463888889,15.7888888889	47.2394444444,16.4347222222	47.1419444444,16.3497222222	46.9977777778,16.2247222222	47.1494444444,15.5855555556	47.4463888889,15.7888888889
365	385	1504299600	1504310399	7	46.3680555556,15.7925	46.4313888889,15.9194444444	46.3688888889,16.0413888889	46.3244444444,16.0233333333	46.3097222222,15.9761111111	46.2869444444,15.9261111111	46.3680555556,15.7925
365	385	1504299600	1504310399	12	47.5416666667,15.0	47.5,15.4416666667	47.3302777778,15.3766666667	47.2166666667,15.3333333333	47.2666666667,15.2805555556	47.1722222222,15.0833333333	47.2622222222,14.9977777778	47.2833333333,14.9777777778	47.3191666667,14.9369444444	47.4416666667,14.7972222222	47.53,14.9761111111	47.5416666667,15.0
365	385	1504299600	1504310399	10	47.6575,14.8677777778	47.6438888889,14.8836111111	47.5416666667,15.0	47.53,14.9761111111	47.4416666667,14.7972222222	47.4597222222,14.7772222222	47.5,14.7333333333	47.6361111111,14.5913888889	47.6425,14.8227777778	47.6575,14.8677777778
365	385	1504299600	1504310399	9	47.6988888889,14.9916666667	47.6494444444,15.1516666667	47.5633333333,15.4219444444	47.5502777778,15.4630555556	47.5,15.4416666667	47.5416666667,15.0	47.6438888889,14.8836111111	47.6575,14.8677777778	47.6988888889,14.9916666667
365	385	1504299600	1504310399	9	46.5611111111,13.3333333333	46.5636111111,13.3794444444	46.4980555556,13.2672222222	46.5197222222,13.1980555556	46.6075,12.9152777778	46.5888888889,13.1686111111	46.5583333333,13.2363888889	46.5563888889,13.3161111111	46.5611111111,13.3333333333
365	385	1504299600	1504310399	10	48.0241666667,12.7713888889	48.0069444444,12.8575	48.0,12.8591666667	48.0,13.1366666667	48.0,13.2305555556	47.8697222222,13.3316666667	47.8622222222,13.3375	47.885,12.9763888889	47.8405555556,12.7413888889	48.0241666667,12.7713888889
365	385	1504299600	1504310399	8	47.5502777778,15.4630555556	47.4463888889,15.7888888889	47.1494444444,15.5855555556	47.1572222222,15.5563888889	47.28,15.5222222222	47.3302777778,15.3766666667	47.5,15.4416666667	47.5502777778,15.4630555556
365	385	1504299600	1504310399	14	47.3147222222,12.72	47.2772222222,13.1286111111	47.2333333333,13.5	47.0458333333,13.6833333333	46.8333333333,13.3333333333	46.5611111111,13.3333333333	46.5563888889,13.3161111111	46.5583333333,13.2363888889	46.5888888889,13.1686111111	46.6075,12.9152777778	46.7061111111,12.5975	46.8025,12.2811111111	46.825,12.3077777778	47.3147222222,12.72
365	385	1504299600	1504310399	34	46.6580555556,15.4208333333	46.6155555556,15.4644444444	46.6163888889,15.5102777778	46.6483333333,15.5491666667	46.6663888889,15.5491666667	46.6830555556,15.5805555556	46.6858333333,15.5991666667	46.6788888889,15.6294444444	46.7088888889,15.6525	46.7108333333,15.7919444444	46.7066666667,15.8080555556	46.7219444444,15.8655555556	46.6825,15.9919444444	46.6591666667,16.0394444444	46.7163888889,16.0080555556	46.8041666667,15.9955555556	46.8291666667,15.9891666667	46.8691666667,16.1138888889	46.85,16.3666666667	46.6836111111,16.4227777778	46.64,16.4166666667	46.5,16.5305555556	46.57,16.3683333333	46.5033333333,16.2391666667	46.3983333333,16.2816666667	46.3783333333,16.2741666667	46.3791666667,16.1963888889	46.4080555556,16.0566666667	46.3688888889,16.0413888889	46.4313888889,15.9194444444	46.5697222222,15.8069444444	46.63,15.7441666667	46.5355555556,15.5205555556	46.6580555556,15.4208333333
365	385	1504299600	1504310399	9	47.4497222222,13.3330555556	47.4322222222,13.4958333333	47.4116666667,13.6847222222	47.3944444444,13.7063888889	47.2,13.9472222222	47.0458333333,13.6833333333	47.2333333333,13.5	47.2772222222,13.1286111111	47.4497222222,13.3330555556
365	385	1504299600	1504310399	8	47.4416666667,14.4055555556	47.4416666667,14.7972222222	47.1494444444,14.4236111111	47.2783333333,14.1633333333	47.2897222222,14.1613888889	47.4113888889,14.3566666667	47.425,14.3786111111	47.4416666667,14.4055555556
365	385	1504299600	1504310399	6	46.8725,14.8586111111	46.72,15.0091666667	46.6616666667,14.7966666667	46.7205555556,14.7447222222	46.8083333333,14.6666666667	46.8725,14.8586111111
365	385	1504299600	1504310399	6	48.1766666667,13.3975	48.1408333333,13.52	48.1152777778,13.6080555556	48.0019444444,13.8708333333	48.0,13.6119444444	48.1766666667,13.3975
365	385	1504299600	1504310399	10	47.2,13.9472222222	47.1819444444,13.9694444444	47.1313888889,14.0283333333	46.9988888889,14.1933333333	46.9833333333,14.2125	46.5841666667,13.8875	46.5830555556,13.8333333333	46.7666666667,13.8333333333	47.0458333333,13.6833333333	47.2,13.9472222222
365	385	1504299600	1504310399	20	47.8697222222,13.3316666667	47.8697222222,13.7697222222	47.8486111111,13.7952777778	47.7036111111,14.3008333333	47.4705555556,14.2433333333	47.3827777778,13.9525	47.4116666667,13.6847222222	47.4277777778,13.6647222222	47.4733333333,13.6969444444	47.5133333333,13.6775	47.5355555556,13.6216666667	47.5255555556,13.5522222222	47.58,13.4947222222	47.6636111111,13.405	47.7086111111,13.3547222222	47.75,13.3125	47.7744444444,13.3177777778	47.8038888889,13.3244444444	47.8622222222,13.3375	47.8697222222,13.3316666667
365	385	1504299600	1504310399	13	47.6191666667,12.0613888889	47.6327777778,12.1647222222	47.6372222222,12.2005555556	47.6416666667,12.2322222222	47.6713888889,12.4636111111	47.6775,12.5119444444	47.3352777778,12.4875	47.2916666667,12.0972222222	47.3002777778,11.9144444444	47.3477777778,11.9238888889	47.4308333333,11.94	47.5377777778,12.0088888889	47.6191666667,12.0613888889
365	385	1504299600	1504310399	15	47.3147222222,12.72	46.825,12.3077777778	46.8708333333,12.2863888889	46.8772222222,12.2166666667	46.9063888889,12.1583333333	47.0,12.1277777778	47.025,12.1916666667	47.0666666667,12.2333333333	47.0869444444,12.1888888889	47.0472222222,11.9888888889	47.0161111111,11.8575	47.3002777778,11.9144444444	47.2916666667,12.0972222222	47.3352777778,12.4875	47.3147222222,12.72
365	385	1504299600	1504310399	5	48.0,13.6119444444	48.0019444444,13.8708333333	47.87,14.0613888889	47.8697222222,13.7697222222	48.0,13.6119444444
365	385	1504299600	1504310399	11	47.6775,12.5119444444	47.6997222222,12.5825	47.7722222222,12.8147222222	47.7361111111,12.8533333333	47.7222222222,12.8680555556	47.5958333333,13.08	47.4497222222,13.3330555556	47.2772222222,13.1286111111	47.3147222222,12.72	47.3352777778,12.4875	47.6775,12.5119444444
365	385	1504299600	1504310399	11	47.1494444444,14.4236111111	47.1136111111,14.4955555556	46.9891666667,14.7430555556	46.8725,14.8586111111	46.8083333333,14.6666666667	46.7919444444,14.6197222222	46.75,14.5	46.7822222222,14.4605555556	46.7955555556,14.4441666667	46.9833333333,14.2125	47.1494444444,14.4236111111
365	385	1504299600	1504310399	12	47.4416666667,14.7972222222	47.3191666667,14.9369444444	47.2833333333,14.9777777778	47.2622222222,14.9977777778	47.1722222222,15.0833333333	47.0833333333,15.1666666667	46.9666666667,15.1416666667	46.8725,14.8586111111	46.9891666667,14.7430555556	47.1136111111,14.4955555556	47.1494444444,14.4236111111	47.4416666667,14.7972222222
365	385	1504299600	1504310399	4	47.2783333333,14.1633333333	47.1494444444,14.4236111111	46.9833333333,14.2125	47.2783333333,14.1633333333
365	385	1504299600	1504310399	10	48.2652777778,12.8827777778	48.2636111111,13.0958333333	48.2433333333,13.1663888889	48.0833333333,13.1666666667	48.0,13.1366666667	48.0,12.8591666667	48.0069444444,12.8575	48.0241666667,12.7713888889	48.1644444444,12.8344444444	48.2652777778,12.8827777778
365	385	1504299600	1504310399	11	47.4116666667,13.6847222222	47.3827777778,13.9525	47.3391666667,14.0405555556	47.2783333333,14.1633333333	46.9833333333,14.2125	46.9988888889,14.1933333333	47.1313888889,14.0283333333	47.1819444444,13.9694444444	47.2,13.9472222222	47.3944444444,13.7063888889	47.4116666667,13.6847222222
365	385	1504299600	1504310399	7	48.2433333333,13.1663888889	48.1766666667,13.3975	48.0,13.6119444444	48.0,13.2305555556	48.0,13.1366666667	48.0833333333,13.1666666667	48.2433333333,13.1663888889
365	385	1504299600	1504310399	18	47.8405555556,12.7413888889	47.885,12.9763888889	47.8622222222,13.3375	47.8038888889,13.3244444444	47.7744444444,13.3177777778	47.75,13.3125	47.7086111111,13.3547222222	47.6636111111,13.405	47.58,13.4947222222	47.4538888889,13.4958333333	47.4322222222,13.4958333333	47.4497222222,13.3330555556	47.5958333333,13.08	47.7222222222,12.8680555556	47.7361111111,12.8533333333	47.7722222222,12.8147222222	47.8222222222,12.7608333333	47.8405555556,12.7413888889
365	385	1504299600	1504310399	13	47.3302777778,15.3766666667	47.28,15.5222222222	47.1572222222,15.5563888889	47.1494444444,15.5855555556	46.9558333333,15.4505555556	46.6852777778,15.2391666667	46.7072222222,15.0944444444	46.9666666667,15.1416666667	47.0833333333,15.1666666667	47.1722222222,15.0833333333	47.2666666667,15.2805555556	47.2166666667,15.3333333333	47.3302777778,15.3766666667
365	385	1504299600	1504310399	8	47.4705555556,14.2433333333	47.425,14.3786111111	47.4113888889,14.3566666667	47.2897222222,14.1613888889	47.2783333333,14.1633333333	47.3391666667,14.0405555556	47.3827777778,13.9525	47.4705555556,14.2433333333
365	385	1504299600	1504310399	10	47.0458333333,13.6833333333	46.7666666667,13.8333333333	46.5830555556,13.8333333333	46.5230555556,13.7141666667	46.5413888889,13.5694444444	46.5738888889,13.3966666667	46.5636111111,13.3794444444	46.5611111111,13.3333333333	46.8333333333,13.3333333333	47.0458333333,13.6833333333
365	385	1504299600	1504310399	25	47.1494444444,15.5855555556	46.9977777778,16.2247222222	46.9625,16.275	46.85,16.3666666667	46.8691666667,16.1138888889	46.8291666667,15.9891666667	46.8041666667,15.9955555556	46.7163888889,16.0080555556	46.6591666667,16.0394444444	46.6825,15.9919444444	46.7219444444,15.8655555556	46.7066666667,15.8080555556	46.7108333333,15.7919444444	46.7088888889,15.6525	46.6788888889,15.6294444444	46.6858333333,15.5991666667	46.6830555556,15.5805555556	46.6663888889,15.5491666667	46.6483333333,15.5491666667	46.6163888889,15.5102777778	46.6155555556,15.4644444444	46.6580555556,15.4208333333	46.6852777778,15.2391666667	46.9558333333,15.4505555556	47.1494444444,15.5855555556
365	385	1504299600	1504310399	7	46.5355555556,15.5205555556	46.63,15.7441666667	46.5697222222,15.8069444444	46.4313888889,15.9194444444	46.3680555556,15.7925	46.4225,15.6941666667	46.5355555556,15.5205555556
365	385	1504299600	1504310399	10	47.58,13.4947222222	47.5255555556,13.5522222222	47.5355555556,13.6216666667	47.5133333333,13.6775	47.4733333333,13.6969444444	47.4277777778,13.6647222222	47.4116666667,13.6847222222	47.4322222222,13.4958333333	47.4538888889,13.4958333333	47.58,13.4947222222
365	385	1504299600	1504310399	12	46.9833333333,14.2125	46.7955555556,14.4441666667	46.7822222222,14.4605555556	46.75,14.5	46.7919444444,14.6197222222	46.8083333333,14.6666666667	46.7205555556,14.7447222222	46.6616666667,14.7966666667	46.5977777778,14.5622222222	46.5869444444,14.0030555556	46.5841666667,13.8875	46.9833333333,14.2125
365	385	1504299600	1504310399	5	47.8697222222,13.7697222222	47.87,14.0613888889	47.7036111111,14.3008333333	47.8486111111,13.7952777778	47.8697222222,13.7697222222
365	385	1504299600	1504310399	5	46.9666666667,15.1416666667	46.7072222222,15.0944444444	46.72,15.0091666667	46.8725,14.8586111111	46.9666666667,15.1416666667
365	385	1504299600	1504310399	5	48.0,13.2305555556	48.0,13.6119444444	47.8697222222,13.7697222222	47.8697222222,13.3316666667	48.0,13.2305555556
125	305	1504299600	1504310399	34	46.6580555556,15.4208333333	46.6155555556,15.4644444444	46.6163888889,15.5102777778	46.6483333333,15.5491666667	46.6663888889,15.5491666667	46.6830555556,15.5805555556	46.6858333333,15.5991666667	46.6788888889,15.6294444444	46.7088888889,15.6525	46.7108333333,15.7919444444	46.7066666667,15.8080555556	46.7219444444,15.8655555556	46.6825,15.9919444444	46.6591666667,16.0394444444	46.7163888889,16.0080555556	46.8041666667,15.9955555556	46.8291666667,15.9891666667	46.8691666667,16.1138888889	46.85,16.3666666667	46.6836111111,16.4227777778	46.64,16.4166666667	46.5,16.5305555556	46.57,16.3683333333	46.5033333333,16.2391666667	46.3983333333,16.2816666667	46.3783333333,16.2741666667	46.3791666667,16.1963888889	46.4080555556,16.0566666667	46.3688888889,16.0413888889	46.4313888889,15.9194444444	46.5697222222,15.8069444444	46.63,15.7441666667	46.5355555556,15.5205555556	46.6580555556,15.4208333333
125	305	1504299600	1504310399	10	48.2652777778,12.8827777778	48.2636111111,13.0958333333	48.2433333333,13.1663888889	48.0833333333,13.1666666667	48.0,13.1366666667	48.0,12.8591666667	48.0069444444,12.8575	48.0241666667,12.7713888889	48.1644444444,12.8344444444	48.2652777778,12.8827777778
125	305	1504299600	1504310399	9	48.2663888889,12.6972222222	48.2652777778,12.8827777778	48.1644444444,12.8344444444	48.0241666667,12.7713888889	48.0525,12.5125	48.1472222222,12.7125	48.1952777778,12.695	48.2475,12.6761111111	48.2663888889,12.6972222222
125	305	1504299600	1504310399	7	46.3680555556,15.7925	46.4313888889,15.9194444444	46.3688888889,16.0413888889	46.3244444444,16.0233333333	46.3097222222,15.9761111111	46.2869444444,15.9261111111	46.3680555556,15.7925
125	305	1504299600	1504310399	7	46.5355555556,15.5205555556	46.63,15.7441666667	46.5697222222,15.8069444444	46.4313888889,15.9194444444	46.3680555556,15.7925	46.4225,15.6941666667	46.5355555556,15.5205555556
125	305	1504299600	1504310399	7	48.2433333333,13.1663888889	48.1766666667,13.3975	48.0,13.6119444444	48.0,13.2305555556	48.0,13.1366666667	48.0833333333,13.1666666667	48.2433333333,13.1663888889
125	305	1504299600	1504310399	5	48.0,13.6119444444	48.0019444444,13.8708333333	47.87,14.0613888889	47.8697222222,13.7697222222	48.0,13.6119444444
125	305	1504299600	1504310399	6	48.1766666667,13.3975	48.1408333333,13.52	48.1152777778,13.6080555556	48.0019444444,13.8708333333	48.0,13.6119444444	48.1766666667,13.3975
125	305	1504299600	1504310399	10	47.58,13.4947222222	47.5255555556,13.5522222222	47.5355555556,13.6216666667	47.5133333333,13.6775	47.4733333333,13.6969444444	47.4277777778,13.6647222222	47.4116666667,13.6847222222	47.4322222222,13.4958333333	47.4538888889,13.4958333333	47.58,13.4947222222
125	305	1504299600	1504310399	7	48.0241666667,12.7713888889	47.8405555556,12.7413888889	47.9436111111,12.6302777778	48.0472222222,12.4575	48.0519444444,12.5072222222	48.0525,12.5125	48.0241666667,12.7713888889
125	305	1504299600	1504310399	20	47.8697222222,13.3316666667	47.8697222222,13.7697222222	47.8486111111,13.7952777778	47.7036111111,14.3008333333	47.4705555556,14.2433333333	47.3827777778,13.9525	47.4116666667,13.6847222222	47.4277777778,13.6647222222	47.4733333333,13.6969444444	47.5133333333,13.6775	47.5355555556,13.6216666667	47.5255555556,13.5522222222	47.58,13.4947222222	47.6636111111,13.405	47.7086111111,13.3547222222	47.75,13.3125	47.7744444444,13.3177777778	47.8038888889,13.3244444444	47.8622222222,13.3375	47.8697222222,13.3316666667
125	305	1504299600	1504310399	5	47.8697222222,13.7697222222	47.87,14.0613888889	47.7036111111,14.3008333333	47.8486111111,13.7952777778	47.8697222222,13.7697222222
125	305	1504299600	1504310399	18	47.8405555556,12.7413888889	47.885,12.9763888889	47.8622222222,13.3375	47.8038888889,13.3244444444	47.7744444444,13.3177777778	47.75,13.3125	47.7086111111,13.3547222222	47.6636111111,13.405	47.58,13.4947222222	47.4538888889,13.4958333333	47.4322222222,13.4958333333	47.4497222222,13.3330555556	47.5958333333,13.08	47.7222222222,12.8680555556	47.7361111111,12.8533333333	47.7722222222,12.8147222222	47.8222222222,12.7608333333	47.8405555556,12.7413888889
125	305	1504299600	1504310399	10	48.0241666667,12.7713888889	48.0069444444,12.8575	48.0,12.8591666667	48.0,13.1366666667	48.0,13.2305555556	47.8697222222,13.3316666667	47.8622222222,13.3375	47.885,12.9763888889	47.8405555556,12.7413888889	48.0241666667,12.7713888889
125	305	1504299600	1504310399	5	48.0,13.2305555556	48.0,13.6119444444	47.8697222222,13.7697222222	47.8697222222,13.3316666667	48.0,13.2305555556
165	305	1504299600	1504310399	9	47.7036111111,14.3008333333	47.6361111111,14.5913888889	47.5,14.7333333333	47.4597222222,14.7772222222	47.4416666667,14.7972222222	47.4416666667,14.4055555556	47.425,14.3786111111	47.4705555556,14.2433333333	47.7036111111,14.3008333333
165	305	1504299600	1504310399	14	47.0161111111,11.8575	47.0472222222,11.9888888889	47.0869444444,12.1888888889	47.0666666667,12.2333333333	47.025,12.1916666667	47.0,12.1277777778	46.9063888889,12.1583333333	46.8772222222,12.2166666667	46.8708333333,12.2863888889	46.825,12.3077777778	46.8025,12.2811111111	46.9344444444,11.8416666667	47.0027777778,11.855	47.0161111111,11.8575
165	305	1504299600	1504310399	6	47.4463888889,15.7888888889	47.2394444444,16.4347222222	47.1419444444,16.3497222222	46.9977777778,16.2247222222	47.1494444444,15.5855555556	47.4463888889,15.7888888889
165	305	1504299600	1504310399	9	47.4497222222,13.3330555556	47.4322222222,13.4958333333	47.4116666667,13.6847222222	47.3944444444,13.7063888889	47.2,13.9472222222	47.0458333333,13.6833333333	47.2333333333,13.5	47.2772222222,13.1286111111	47.4497222222,13.3330555556
165	305	1504299600	1504310399	12	47.5416666667,15.0	47.5,15.4416666667	47.3302777778,15.3766666667	47.2166666667,15.3333333333	47.2666666667,15.2805555556	47.1722222222,15.0833333333	47.2622222222,14.9977777778	47.2833333333,14.9777777778	47.3191666667,14.9369444444	47.4416666667,14.7972222222	47.53,14.9761111111	47.5416666667,15.0
165	305	1504299600	1504310399	10	47.6575,14.8677777778	47.6438888889,14.8836111111	47.5416666667,15.0	47.53,14.9761111111	47.4416666667,14.7972222222	47.4597222222,14.7772222222	47.5,14.7333333333	47.6361111111,14.5913888889	47.6425,14.8227777778	47.6575,14.8677777778
165	305	1504299600	1504310399	9	47.6988888889,14.9916666667	47.6494444444,15.1516666667	47.5633333333,15.4219444444	47.5502777778,15.4630555556	47.5,15.4416666667	47.5416666667,15.0	47.6438888889,14.8836111111	47.6575,14.8677777778	47.6988888889,14.9916666667
165	305	1504299600	1504310399	9	46.5611111111,13.3333333333	46.5636111111,13.3794444444	46.4980555556,13.2672222222	46.5197222222,13.1980555556	46.6075,12.9152777778	46.5888888889,13.1686111111	46.5583333333,13.2363888889	46.5563888889,13.3161111111	46.5611111111,13.3333333333
165	305	1504299600	1504310399	8	47.5502777778,15.4630555556	47.4463888889,15.7888888889	47.1494444444,15.5855555556	47.1572222222,15.5563888889	47.28,15.5222222222	47.3302777778,15.3766666667	47.5,15.4416666667	47.5502777778,15.4630555556
165	305	1504299600	1504310399	15	47.3147222222,12.72	46.825,12.3077777778	46.8708333333,12.2863888889	46.8772222222,12.2166666667	46.9063888889,12.1583333333	47.0,12.1277777778	47.025,12.1916666667	47.0666666667,12.2333333333	47.0869444444,12.1888888889	47.0472222222,11.9888888889	47.0161111111,11.8575	47.3002777778,11.9144444444	47.2916666667,12.0972222222	47.3352777778,12.4875	47.3147222222,12.72
165	305	1504299600	1504310399	8	47.4416666667,14.4055555556	47.4416666667,14.7972222222	47.1494444444,14.4236111111	47.2783333333,14.1633333333	47.2897222222,14.1613888889	47.4113888889,14.3566666667	47.425,14.3786111111	47.4416666667,14.4055555556
165	305	1504299600	1504310399	6	46.8725,14.8586111111	46.72,15.0091666667	46.6616666667,14.7966666667	46.7205555556,14.7447222222	46.8083333333,14.6666666667	46.8725,14.8586111111
165	305	1504299600	1504310399	13	47.6191666667,12.0613888889	47.6327777778,12.1647222222	47.6372222222,12.2005555556	47.6416666667,12.2322222222	47.6713888889,12.4636111111	47.6775,12.5119444444	47.3352777778,12.4875	47.2916666667,12.0972222222	47.3002777778,11.9144444444	47.3477777778,11.9238888889	47.4308333333,11.94	47.5377777778,12.0088888889	47.6191666667,12.0613888889
165	305	1504299600	1504310399	14	47.3147222222,12.72	47.2772222222,13.1286111111	47.2333333333,13.5	47.0458333333,13.6833333333	46.8333333333,13.3333333333	46.5611111111,13.3333333333	46.5563888889,13.3161111111	46.5583333333,13.2363888889	46.5888888889,13.1686111111	46.6075,12.9152777778	46.7061111111,12.5975	46.8025,12.2811111111	46.825,12.3077777778	47.3147222222,12.72
165	305	1504299600	1504310399	11	47.6775,12.5119444444	47.6997222222,12.5825	47.7722222222,12.8147222222	47.7361111111,12.8533333333	47.7222222222,12.8680555556	47.5958333333,13.08	47.4497222222,13.3330555556	47.2772222222,13.1286111111	47.3147222222,12.72	47.3352777778,12.4875	47.6775,12.5119444444
165	305	1504299600	1504310399	11	47.1494444444,14.4236111111	47.1136111111,14.4955555556	46.9891666667,14.7430555556	46.8725,14.8586111111	46.8083333333,14.6666666667	46.7919444444,14.6197222222	46.75,14.5	46.7822222222,14.4605555556	46.7955555556,14.4441666667	46.9833333333,14.2125	47.1494444444,14.4236111111
165	305	1504299600	1504310399	12	47.4416666667,14.7972222222	47.3191666667,14.9369444444	47.2833333333,14.9777777778	47.2622222222,14.9977777778	47.1722222222,15.0833333333	47.0833333333,15.1666666667	46.9666666667,15.1416666667	46.8725,14.8586111111	46.9891666667,14.7430555556	47.1136111111,14.4955555556	47.1494444444,14.4236111111	47.4416666667,14.7972222222
165	305	1504299600	1504310399	4	47.2783333333,14.1633333333	47.1494444444,14.4236111111	46.9833333333,14.2125	47.2783333333,14.1633333333
165	305	1504299600	1504310399	11	47.4116666667,13.6847222222	47.3827777778,13.9525	47.3391666667,14.0405555556	47.2783333333,14.1633333333	46.9833333333,14.2125	46.9988888889,14.1933333333	47.1313888889,14.0283333333	47.1819444444,13.9694444444	47.2,13.9472222222	47.3944444444,13.7063888889	47.4116666667,13.6847222222
165	305	1504299600	1504310399	13	47.3302777778,15.3766666667	47.28,15.5222222222	47.1572222222,15.5563888889	47.1494444444,15.5855555556	46.9558333333,15.4505555556	46.6852777778,15.2391666667	46.7072222222,15.0944444444	46.9666666667,15.1416666667	47.0833333333,15.1666666667	47.1722222222,15.0833333333	47.2666666667,15.2805555556	47.2166666667,15.3333333333	47.3302777778,15.3766666667
165	305	1504299600	1504310399	8	47.4705555556,14.2433333333	47.425,14.3786111111	47.4113888889,14.3566666667	47.2897222222,14.1613888889	47.2783333333,14.1633333333	47.3391666667,14.0405555556	47.3827777778,13.9525	47.4705555556,14.2433333333
165	305	1504299600	1504310399	5	46.9666666667,15.1416666667	46.7072222222,15.0944444444	46.72,15.0091666667	46.8725,14.8586111111	46.9666666667,15.1416666667
165	305	1504299600	1504310399	25	47.1494444444,15.5855555556	46.9977777778,16.2247222222	46.9625,16.275	46.85,16.3666666667	46.8691666667,16.1138888889	46.8291666667,15.9891666667	46.8041666667,15.9955555556	46.7163888889,16.0080555556	46.6591666667,16.0394444444	46.6825,15.9919444444	46.7219444444,15.8655555556	46.7066666667,15.8080555556	46.7108333333,15.7919444444	46.7088888889,15.6525	46.6788888889,15.6294444444	46.6858333333,15.5991666667	46.6830555556,15.5805555556	46.6663888889,15.5491666667	46.6483333333,15.5491666667	46.6163888889,15.5102777778	46.6155555556,15.4644444444	46.6580555556,15.4208333333	46.6852777778,15.2391666667	46.9558333333,15.4505555556	47.1494444444,15.5855555556
165	305	1504299600	1504310399	10	47.2,13.9472222222	47.1819444444,13.9694444444	47.1313888889,14.0283333333	46.9988888889,14.1933333333	46.9833333333,14.2125	46.5841666667,13.8875	46.5830555556,13.8333333333	46.7666666667,13.8333333333	47.0458333333,13.6833333333	47.2,13.9472222222
165	305	1504299600	1504310399	12	46.9833333333,14.2125	46.7955555556,14.4441666667	46.7822222222,14.4605555556	46.75,14.5	46.7919444444,14.6197222222	46.8083333333,14.6666666667	46.7205555556,14.7447222222	46.6616666667,14.7966666667	46.5977777778,14.5622222222	46.5869444444,14.0030555556	46.5841666667,13.8875	46.9833333333,14.2125
165	305	1504299600	1504310399	10	47.0458333333,13.6833333333	46.7666666667,13.8333333333	46.5830555556,13.8333333333	46.5230555556,13.7141666667	46.5413888889,13.5694444444	46.5738888889,13.3966666667	46.5636111111,13.3794444444	46.5611111111,13.3333333333	46.8333333333,13.3333333333	47.0458333333,13.6833333333
345	365	1504299600	1504310399	9	47.7036111111,14.3008333333	47.6361111111,14.5913888889	47.5,14.7333333333	47.4597222222,14.7772222222	47.4416666667,14.7972222222	47.4416666667,14.4055555556	47.425,14.3786111111	47.4705555556,14.2433333333	47.7036111111,14.3008333333
345	365	1504299600	1504310399	14	47.0161111111,11.8575	47.0472222222,11.9888888889	47.0869444444,12.1888888889	47.0666666667,12.2333333333	47.025,12.1916666667	47.0,12.1277777778	46.9063888889,12.1583333333	46.8772222222,12.2166666667	46.8708333333,12.2863888889	46.825,12.3077777778	46.8025,12.2811111111	46.9344444444,11.8416666667	47.0027777778,11.855	47.0161111111,11.8575
345	365	1504299600	1504310399	6	47.4463888889,15.7888888889	47.2394444444,16.4347222222	47.1419444444,16.3497222222	46.9977777778,16.2247222222	47.1494444444,15.5855555556	47.4463888889,15.7888888889
345	365	1504299600	1504310399	7	46.3680555556,15.7925	46.4313888889,15.9194444444	46.3688888889,16.0413888889	46.3244444444,16.0233333333	46.3097222222,15.9761111111	46.2869444444,15.9261111111	46.3680555556,15.7925
345	365	1504299600	1504310399	12	47.5416666667,15.0	47.5,15.4416666667	47.3302777778,15.3766666667	47.2166666667,15.3333333333	47.2666666667,15.2805555556	47.1722222222,15.0833333333	47.2622222222,14.9977777778	47.2833333333,14.9777777778	47.3191666667,14.9369444444	47.4416666667,14.7972222222	47.53,14.9761111111	47.5416666667,15.0
345	365	1504299600	1504310399	10	47.6575,14.8677777778	47.6438888889,14.8836111111	47.5416666667,15.0	47.53,14.9761111111	47.4416666667,14.7972222222	47.4597222222,14.7772222222	47.5,14.7333333333	47.6361111111,14.5913888889	47.6425,14.8227777778	47.6575,14.8677777778
345	365	1504299600	1504310399	9	47.6988888889,14.9916666667	47.6494444444,15.1516666667	47.5633333333,15.4219444444	47.5502777778,15.4630555556	47.5,15.4416666667	47.5416666667,15.0	47.6438888889,14.8836111111	47.6575,14.8677777778	47.6988888889,14.9916666667
345	365	1504299600	1504310399	9	46.5611111111,13.3333333333	46.5636111111,13.3794444444	46.4980555556,13.2672222222	46.5197222222,13.1980555556	46.6075,12.9152777778	46.5888888889,13.1686111111	46.5583333333,13.2363888889	46.5563888889,13.3161111111	46.5611111111,13.3333333333
345	365	1504299600	1504310399	10	48.2652777778,12.8827777778	48.2636111111,13.0958333333	48.2433333333,13.1663888889	48.0833333333,13.1666666667	48.0,13.1366666667	48.0,12.8591666667	48.0069444444,12.8575	48.0241666667,12.7713888889	48.1644444444,12.8344444444	48.2652777778,12.8827777778
345	365	1504299600	1504310399	8	47.5502777778,15.4630555556	47.4463888889,15.7888888889	47.1494444444,15.5855555556	47.1572222222,15.5563888889	47.28,15.5222222222	47.3302777778,15.3766666667	47.5,15.4416666667	47.5502777778,15.4630555556
345	365	1504299600	1504310399	14	47.3147222222,12.72	47.2772222222,13.1286111111	47.2333333333,13.5	47.0458333333,13.6833333333	46.8333333333,13.3333333333	46.5611111111,13.3333333333	46.5563888889,13.3161111111	46.5583333333,13.2363888889	46.5888888889,13.1686111111	46.6075,12.9152777778	46.7061111111,12.5975	46.8025,12.2811111111	46.825,12.3077777778	47.3147222222,12.72
345	365	1504299600	1504310399	34	46.6580555556,15.4208333333	46.6155555556,15.4644444444	46.6163888889,15.5102777778	46.6483333333,15.5491666667	46.6663888889,15.5491666667	46.6830555556,15.5805555556	46.6858333333,15.5991666667	46.6788888889,15.6294444444	46.7088888889,15.6525	46.7108333333,15.7919444444	46.7066666667,15.8080555556	46.7219444444,15.8655555556	46.6825,15.9919444444	46.6591666667,16.0394444444	46.7163888889,16.0080555556	46.8041666667,15.9955555556	46.8291666667,15.9891666667	46.8691666667,16.1138888889	46.85,16.3666666667	46.6836111111,16.4227777778	46.64,16.4166666667	46.5,16.5305555556	46.57,16.3683333333	46.5033333333,16.2391666667	46.3983333333,16.2816666667	46.3783333333,16.2741666667	46.3791666667,16.1963888889	46.4080555556,16.0566666667	46.3688888889,16.0413888889	46.4313888889,15.9194444444	46.5697222222,15.8069444444	46.63,15.7441666667	46.5355555556,15.5205555556	46.6580555556,15.4208333333
345	365	1504299600	1504310399	9	47.4497222222,13.3330555556	47.4322222222,13.4958333333	47.4116666667,13.6847222222	47.3944444444,13.7063888889	47.2,13.9472222222	47.0458333333,13.6833333333	47.2333333333,13.5	47.2772222222,13.1286111111	47.4497222222,13.3330555556
345	365	1504299600	1504310399	8	47.4416666667,14.4055555556	47.4416666667,14.7972222222	47.1494444444,14.4236111111	47.2783333333,14.1633333333	47.2897222222,14.1613888889	47.4113888889,14.3566666667	47.425,14.3786111111	47.4416666667,14.4055555556
345	365	1504299600	1504310399	6	46.8725,14.8586111111	46.72,15.0091666667	46.6616666667,14.7966666667	46.7205555556,14.7447222222	46.8083333333,14.6666666667	46.8725,14.8586111111
345	365	1504299600	1504310399	6	48.1766666667,13.3975	48.1408333333,13.52	48.1152777778,13.6080555556	48.0019444444,13.8708333333	48.0,13.6119444444	48.1766666667,13.3975
345	365	1504299600	1504310399	10	47.58,13.4947222222	47.5255555556,13.5522222222	47.5355555556,13.6216666667	47.5133333333,13.6775	47.4733333333,13.6969444444	47.4277777778,13.6647222222	47.4116666667,13.6847222222	47.4322222222,13.4958333333	47.4538888889,13.4958333333	47.58,13.4947222222
345	365	1504299600	1504310399	20	47.8697222222,13.3316666667	47.8697222222,13.7697222222	47.8486111111,13.7952777778	47.7036111111,14.3008333333	47.4705555556,14.2433333333	47.3827777778,13.9525	47.4116666667,13.6847222222	47.4277777778,13.6647222222	47.4733333333,13.6969444444	47.5133333333,13.6775	47.5355555556,13.6216666667	47.5255555556,13.5522222222	47.58,13.4947222222	47.6636111111,13.405	47.7086111111,13.3547222222	47.75,13.3125	47.7744444444,13.3177777778	47.8038888889,13.3244444444	47.8622222222,13.3375	47.8697222222,13.3316666667
345	365	1504299600	1504310399	13	47.6191666667,12.0613888889	47.6327777778,12.1647222222	47.6372222222,12.2005555556	47.6416666667,12.2322222222	47.6713888889,12.4636111111	47.6775,12.5119444444	47.3352777778,12.4875	47.2916666667,12.0972222222	47.3002777778,11.9144444444	47.3477777778,11.9238888889	47.4308333333,11.94	47.5377777778,12.0088888889	47.6191666667,12.0613888889
345	365	1504299600	1504310399	15	47.3147222222,12.72	46.825,12.3077777778	46.8708333333,12.2863888889	46.8772222222,12.2166666667	46.9063888889,12.1583333333	47.0,12.1277777778	47.025,12.1916666667	47.0666666667,12.2333333333	47.0869444444,12.1888888889	47.0472222222,11.9888888889	47.0161111111,11.8575	47.3002777778,11.9144444444	47.2916666667,12.0972222222	47.3352777778,12.4875	47.3147222222,12.72
345	365	1504299600	1504310399	5	48.0,13.6119444444	48.0019444444,13.8708333333	47.87,14.0613888889	47.8697222222,13.7697222222	48.0,13.6119444444
345	365	1504299600	1504310399	11	47.6775,12.5119444444	47.6997222222,12.5825	47.7722222222,12.8147222222	47.7361111111,12.8533333333	47.7222222222,12.8680555556	47.5958333333,13.08	47.4497222222,13.3330555556	47.2772222222,13.1286111111	47.3147222222,12.72	47.3352777778,12.4875	47.6775,12.5119444444
345	365	1504299600	1504310399	11	47.1494444444,14.4236111111	47.1136111111,14.4955555556	46.9891666667,14.7430555556	46.8725,14.8586111111	46.8083333333,14.6666666667	46.7919444444,14.6197222222	46.75,14.5	46.7822222222,14.4605555556	46.7955555556,14.4441666667	46.9833333333,14.2125	47.1494444444,14.4236111111
345	365	1504299600	1504310399	12	47.4416666667,14.7972222222	47.3191666667,14.9369444444	47.2833333333,14.9777777778	47.2622222222,14.9977777778	47.1722222222,15.0833333333	47.0833333333,15.1666666667	46.9666666667,15.1416666667	46.8725,14.8586111111	46.9891666667,14.7430555556	47.1136111111,14.4955555556	47.1494444444,14.4236111111	47.4416666667,14.7972222222
345	365	1504299600	1504310399	4	47.2783333333,14.1633333333	47.1494444444,14.4236111111	46.9833333333,14.2125	47.2783333333,14.1633333333
345	365	1504299600	1504310399	10	48.0241666667,12.7713888889	48.0069444444,12.8575	48.0,12.8591666667	48.0,13.1366666667	48.0,13.2305555556	47.8697222222,13.3316666667	47.8622222222,13.3375	47.885,12.9763888889	47.8405555556,12.7413888889	48.0241666667,12.7713888889
345	365	1504299600	1504310399	11	47.4116666667,13.6847222222	47.3827777778,13.9525	47.3391666667,14.0405555556	47.2783333333,14.1633333333	46.9833333333,14.2125	46.9988888889,14.1933333333	47.1313888889,14.0283333333	47.1819444444,13.9694444444	47.2,13.9472222222	47.3944444444,13.7063888889	47.4116666667,13.6847222222
345	365	1504299600	1504310399	7	48.2433333333,13.1663888889	48.1766666667,13.3975	48.0,13.6119444444	48.0,13.2305555556	48.0,13.1366666667	48.0833333333,13.1666666667	48.2433333333,13.1663888889
345	365	1504299600	1504310399	18	47.8405555556,12.7413888889	47.885,12.9763888889	47.8622222222,13.3375	47.8038888889,13.3244444444	47.7744444444,13.3177777778	47.75,13.3125	47.7086111111,13.3547222222	47.6636111111,13.405	47.58,13.4947222222	47.4538888889,13.4958333333	47.4322222222,13.4958333333	47.4497222222,13.3330555556	47.5958333333,13.08	47.7222222222,12.8680555556	47.7361111111,12.8533333333	47.7722222222,12.8147222222	47.8222222222,12.7608333333	47.8405555556,12.7413888889
345	365	1504299600	1504310399	13	47.3302777778,15.3766666667	47.28,15.5222222222	47.1572222222,15.5563888889	47.1494444444,15.5855555556	46.9558333333,15.4505555556	46.6852777778,15.2391666667	46.7072222222,15.0944444444	46.9666666667,15.1416666667	47.0833333333,15.1666666667	47.1722222222,15.0833333333	47.2666666667,15.2805555556	47.2166666667,15.3333333333	47.3302777778,15.3766666667
345	365	1504299600	1504310399	8	47.4705555556,14.2433333333	47.425,14.3786111111	47.4113888889,14.3566666667	47.2897222222,14.1613888889	47.2783333333,14.1633333333	47.3391666667,14.0405555556	47.3827777778,13.9525	47.4705555556,14.2433333333
345	365	1504299600	1504310399	5	46.9666666667,15.1416666667	46.7072222222,15.0944444444	46.72,15.0091666667	46.8725,14.8586111111	46.9666666667,15.1416666667
345	365	1504299600	1504310399	25	47.1494444444,15.5855555556	46.9977777778,16.2247222222	46.9625,16.275	46.85,16.3666666667	46.8691666667,16.1138888889	46.8291666667,15.9891666667	46.8041666667,15.9955555556	46.7163888889,16.0080555556	46.6591666667,16.0394444444	46.6825,15.9919444444	46.7219444444,15.8655555556	46.7066666667,15.8080555556	46.7108333333,15.7919444444	46.7088888889,15.6525	46.6788888889,15.6294444444	46.6858333333,15.5991666667	46.6830555556,15.5805555556	46.6663888889,15.5491666667	46.6483333333,15.5491666667	46.6163888889,15.5102777778	46.6155555556,15.4644444444	46.6580555556,15.4208333333	46.6852777778,15.2391666667	46.9558333333,15.4505555556	47.1494444444,15.5855555556
345	365	1504299600	1504310399	7	46.5355555556,15.5205555556	46.63,15.7441666667	46.5697222222,15.8069444444	46.4313888889,15.9194444444	46.3680555556,15.7925	46.4225,15.6941666667	46.5355555556,15.5205555556
345	365	1504299600	1504310399	10	47.2,13.9472222222	47.1819444444,13.9694444444	47.1313888889,14.0283333333	46.9988888889,14.1933333333	46.9833333333,14.2125	46.5841666667,13.8875	46.5830555556,13.8333333333	46.7666666667,13.8333333333	47.0458333333,13.6833333333	47.2,13.9472222222
345	365	1504299600	1504310399	12	46.9833333333,14.2125	46.7955555556,14.4441666667	46.7822222222,14.4605555556	46.75,14.5	46.7919444444,14.6197222222	46.8083333333,14.6666666667	46.7205555556,14.7447222222	46.6616666667,14.7966666667	46.5977777778,14.5622222222	46.5869444444,14.0030555556	46.5841666667,13.8875	46.9833333333,14.2125
345	365	1504299600	1504310399	5	47.8697222222,13.7697222222	47.87,14.0613888889	47.7036111111,14.3008333333	47.8486111111,13.7952777778	47.8697222222,13.7697222222
345	365	1504299600	1504310399	10	47.0458333333,13.6833333333	46.7666666667,13.8333333333	46.5830555556,13.8333333333	46.5230555556,13.7141666667	46.5413888889,13.5694444444	46.5738888889,13.3966666667	46.5636111111,13.3794444444	46.5611111111,13.3333333333	46.8333333333,13.3333333333	47.0458333333,13.6833333333
345	365	1504299600	1504310399	5	48.0,13.2305555556	48.0,13.6119444444	47.8697222222,13.7697222222	47.8697222222,13.3316666667	48.0,13.2305555556
305	345	1504299600	1504310399	9	47.7036111111,14.3008333333	47.6361111111,14.5913888889	47.5,14.7333333333	47.4597222222,14.7772222222	47.4416666667,14.7972222222	47.4416666667,14.4055555556	47.425,14.3786111111	47.4705555556,14.2433333333	47.7036111111,14.3008333333
305	345	1504299600	1504310399	14	47.0161111111,11.8575	47.0472222222,11.9888888889	47.0869444444,12.1888888889	47.0666666667,12.2333333333	47.025,12.1916666667	47.0,12.1277777778	46.9063888889,12.1583333333	46.8772222222,12.2166666667	46.8708333333,12.2863888889	46.825,12.3077777778	46.8025,12.2811111111	46.9344444444,11.8416666667	47.0027777778,11.855	47.0161111111,11.8575
305	345	1504299600	1504310399	6	47.4463888889,15.7888888889	47.2394444444,16.4347222222	47.1419444444,16.3497222222	46.9977777778,16.2247222222	47.1494444444,15.5855555556	47.4463888889,15.7888888889
305	345	1504299600	1504310399	9	47.4497222222,13.3330555556	47.4322222222,13.4958333333	47.4116666667,13.6847222222	47.3944444444,13.7063888889	47.2,13.9472222222	47.0458333333,13.6833333333	47.2333333333,13.5	47.2772222222,13.1286111111	47.4497222222,13.3330555556
305	345	1504299600	1504310399	9	47.6988888889,14.9916666667	47.6494444444,15.1516666667	47.5633333333,15.4219444444	47.5502777778,15.4630555556	47.5,15.4416666667	47.5416666667,15.0	47.6438888889,14.8836111111	47.6575,14.8677777778	47.6988888889,14.9916666667
305	345	1504299600	1504310399	10	47.6575,14.8677777778	47.6438888889,14.8836111111	47.5416666667,15.0	47.53,14.9761111111	47.4416666667,14.7972222222	47.4597222222,14.7772222222	47.5,14.7333333333	47.6361111111,14.5913888889	47.6425,14.8227777778	47.6575,14.8677777778
305	345	1504299600	1504310399	7	48.0241666667,12.7713888889	47.8405555556,12.7413888889	47.9436111111,12.6302777778	48.0472222222,12.4575	48.0519444444,12.5072222222	48.0525,12.5125	48.0241666667,12.7713888889
305	345	1504299600	1504310399	12	47.5416666667,15.0	47.5,15.4416666667	47.3302777778,15.3766666667	47.2166666667,15.3333333333	47.2666666667,15.2805555556	47.1722222222,15.0833333333	47.2622222222,14.9977777778	47.2833333333,14.9777777778	47.3191666667,14.9369444444	47.4416666667,14.7972222222	47.53,14.9761111111	47.5416666667,15.0
305	345	1504299600	1504310399	9	46.5611111111,13.3333333333	46.5636111111,13.3794444444	46.4980555556,13.2672222222	46.5197222222,13.1980555556	46.6075,12.9152777778	46.5888888889,13.1686111111	46.5583333333,13.2363888889	46.5563888889,13.3161111111	46.5611111111,13.3333333333
305	345	1504299600	1504310399	10	48.2652777778,12.8827777778	48.2636111111,13.0958333333	48.2433333333,13.1663888889	48.0833333333,13.1666666667	48.0,13.1366666667	48.0,12.8591666667	48.0069444444,12.8575	48.0241666667,12.7713888889	48.1644444444,12.8344444444	48.2652777778,12.8827777778
305	345	1504299600	1504310399	8	47.5502777778,15.4630555556	47.4463888889,15.7888888889	47.1494444444,15.5855555556	47.1572222222,15.5563888889	47.28,15.5222222222	47.3302777778,15.3766666667	47.5,15.4416666667	47.5502777778,15.4630555556
305	345	1504299600	1504310399	15	47.3147222222,12.72	46.825,12.3077777778	46.8708333333,12.2863888889	46.8772222222,12.2166666667	46.9063888889,12.1583333333	47.0,12.1277777778	47.025,12.1916666667	47.0666666667,12.2333333333	47.0869444444,12.1888888889	47.0472222222,11.9888888889	47.0161111111,11.8575	47.3002777778,11.9144444444	47.2916666667,12.0972222222	47.3352777778,12.4875	47.3147222222,12.72
305	345	1504299600	1504310399	34	46.6580555556,15.4208333333	46.6155555556,15.4644444444	46.6163888889,15.5102777778	46.6483333333,15.5491666667	46.6663888889,15.5491666667	46.6830555556,15.5805555556	46.6858333333,15.5991666667	46.6788888889,15.6294444444	46.7088888889,15.6525	46.7108333333,15.7919444444	46.7066666667,15.8080555556	46.7219444444,15.8655555556	46.6825,15.9919444444	46.6591666667,16.0394444444	46.7163888889,16.0080555556	46.8041666667,15.9955555556	46.8291666667,15.9891666667	46.8691666667,16.1138888889	46.85,16.3666666667	46.6836111111,16.4227777778	46.64,16.4166666667	46.5,16.5305555556	46.57,16.3683333333	46.5033333333,16.2391666667	46.3983333333,16.2816666667	46.3783333333,16.2741666667	46.3791666667,16.1963888889	46.4080555556,16.0566666667	46.3688888889,16.0413888889	46.4313888889,15.9194444444	46.5697222222,15.8069444444	46.63,15.7441666667	46.5355555556,15.5205555556	46.6580555556,15.4208333333
305	345	1504299600	1504310399	8	47.4705555556,14.2433333333	47.425,14.3786111111	47.4113888889,14.3566666667	47.2897222222,14.1613888889	47.2783333333,14.1633333333	47.3391666667,14.0405555556	47.3827777778,13.9525	47.4705555556,14.2433333333
305	345	1504299600	1504310399	7	46.3680555556,15.7925	46.4313888889,15.9194444444	46.3688888889,16.0413888889	46.3244444444,16.0233333333	46.3097222222,15.9761111111	46.2869444444,15.9261111111	46.3680555556,15.7925
305	345	1504299600	1504310399	8	47.4416666667,14.4055555556	47.4416666667,14.7972222222	47.1494444444,14.4236111111	47.2783333333,14.1633333333	47.2897222222,14.1613888889	47.4113888889,14.3566666667	47.425,14.3786111111	47.4416666667,14.4055555556
305	345	1504299600	1504310399	6	46.8725,14.8586111111	46.72,15.0091666667	46.6616666667,14.7966666667	46.7205555556,14.7447222222	46.8083333333,14.6666666667	46.8725,14.8586111111
305	345	1504299600	1504310399	6	48.1766666667,13.3975	48.1408333333,13.52	48.1152777778,13.6080555556	48.0019444444,13.8708333333	48.0,13.6119444444	48.1766666667,13.3975
305	345	1504299600	1504310399	10	47.58,13.4947222222	47.5255555556,13.5522222222	47.5355555556,13.6216666667	47.5133333333,13.6775	47.4733333333,13.6969444444	47.4277777778,13.6647222222	47.4116666667,13.6847222222	47.4322222222,13.4958333333	47.4538888889,13.4958333333	47.58,13.4947222222
305	345	1504299600	1504310399	20	47.8697222222,13.3316666667	47.8697222222,13.7697222222	47.8486111111,13.7952777778	47.7036111111,14.3008333333	47.4705555556,14.2433333333	47.3827777778,13.9525	47.4116666667,13.6847222222	47.4277777778,13.6647222222	47.4733333333,13.6969444444	47.5133333333,13.6775	47.5355555556,13.6216666667	47.5255555556,13.5522222222	47.58,13.4947222222	47.6636111111,13.405	47.7086111111,13.3547222222	47.75,13.3125	47.7744444444,13.3177777778	47.8038888889,13.3244444444	47.8622222222,13.3375	47.8697222222,13.3316666667
305	345	1504299600	1504310399	13	47.6191666667,12.0613888889	47.6327777778,12.1647222222	47.6372222222,12.2005555556	47.6416666667,12.2322222222	47.6713888889,12.4636111111	47.6775,12.5119444444	47.3352777778,12.4875	47.2916666667,12.0972222222	47.3002777778,11.9144444444	47.3477777778,11.9238888889	47.4308333333,11.94	47.5377777778,12.0088888889	47.6191666667,12.0613888889
305	345	1504299600	1504310399	14	47.3147222222,12.72	47.2772222222,13.1286111111	47.2333333333,13.5	47.0458333333,13.6833333333	46.8333333333,13.3333333333	46.5611111111,13.3333333333	46.5563888889,13.3161111111	46.5583333333,13.2363888889	46.5888888889,13.1686111111	46.6075,12.9152777778	46.7061111111,12.5975	46.8025,12.2811111111	46.825,12.3077777778	47.3147222222,12.72
305	345	1504299600	1504310399	11	47.6775,12.5119444444	47.6997222222,12.5825	47.7722222222,12.8147222222	47.7361111111,12.8533333333	47.7222222222,12.8680555556	47.5958333333,13.08	47.4497222222,13.3330555556	47.2772222222,13.1286111111	47.3147222222,12.72	47.3352777778,12.4875	47.6775,12.5119444444
305	345	1504299600	1504310399	11	47.1494444444,14.4236111111	47.1136111111,14.4955555556	46.9891666667,14.7430555556	46.8725,14.8586111111	46.8083333333,14.6666666667	46.7919444444,14.6197222222	46.75,14.5	46.7822222222,14.4605555556	46.7955555556,14.4441666667	46.9833333333,14.2125	47.1494444444,14.4236111111
305	345	1504299600	1504310399	12	47.4416666667,14.7972222222	47.3191666667,14.9369444444	47.2833333333,14.9777777778	47.2622222222,14.9977777778	47.1722222222,15.0833333333	47.0833333333,15.1666666667	46.9666666667,15.1416666667	46.8725,14.8586111111	46.9891666667,14.7430555556	47.1136111111,14.4955555556	47.1494444444,14.4236111111	47.4416666667,14.7972222222
305	345	1504299600	1504310399	4	47.2783333333,14.1633333333	47.1494444444,14.4236111111	46.9833333333,14.2125	47.2783333333,14.1633333333
305	345	1504299600	1504310399	10	48.0241666667,12.7713888889	48.0069444444,12.8575	48.0,12.8591666667	48.0,13.1366666667	48.0,13.2305555556	47.8697222222,13.3316666667	47.8622222222,13.3375	47.885,12.9763888889	47.8405555556,12.7413888889	48.0241666667,12.7713888889
305	345	1504299600	1504310399	9	48.2663888889,12.6972222222	48.2652777778,12.8827777778	48.1644444444,12.8344444444	48.0241666667,12.7713888889	48.0525,12.5125	48.1472222222,12.7125	48.1952777778,12.695	48.2475,12.6761111111	48.2663888889,12.6972222222
305	345	1504299600	1504310399	11	47.4116666667,13.6847222222	47.3827777778,13.9525	47.3391666667,14.0405555556	47.2783333333,14.1633333333	46.9833333333,14.2125	46.9988888889,14.1933333333	47.1313888889,14.0283333333	47.1819444444,13.9694444444	47.2,13.9472222222	47.3944444444,13.7063888889	47.4116666667,13.6847222222
305	345	1504299600	1504310399	7	48.2433333333,13.1663888889	48.1766666667,13.3975	48.0,13.6119444444	48.0,13.2305555556	48.0,13.1366666667	48.0833333333,13.1666666667	48.2433333333,13.1663888889
305	345	1504299600	1504310399	18	47.8405555556,12.7413888889	47.885,12.9763888889	47.8622222222,13.3375	47.8038888889,13.3244444444	47.7744444444,13.3177777778	47.75,13.3125	47.7086111111,13.3547222222	47.6636111111,13.405	47.58,13.4947222222	47.4538888889,13.4958333333	47.4322222222,13.4958333333	47.4497222222,13.3330555556	47.5958333333,13.08	47.7222222222,12.8680555556	47.7361111111,12.8533333333	47.7722222222,12.8147222222	47.8222222222,12.7608333333	47.8405555556,12.7413888889
305	345	1504299600	1504310399	13	47.3302777778,15.3766666667	47.28,15.5222222222	47.1572222222,15.5563888889	47.1494444444,15.5855555556	46.9558333333,15.4505555556	46.6852777778,15.2391666667	46.7072222222,15.0944444444	46.9666666667,15.1416666667	47.0833333333,15.1666666667	47.1722222222,15.0833333333	47.2666666667,15.2805555556	47.2166666667,15.3333333333	47.3302777778,15.3766666667
305	345	1504299600	1504310399	5	48.0,13.6119444444	48.0019444444,13.8708333333	47.87,14.0613888889	47.8697222222,13.7697222222	48.0,13.6119444444
305	345	1504299600	1504310399	10	47.0458333333,13.6833333333	46.7666666667,13.8333333333	46.5830555556,13.8333333333	46.5230555556,13.7141666667	46.5413888889,13.5694444444	46.5738888889,13.3966666667	46.5636111111,13.3794444444	46.5611111111,13.3333333333	46.8333333333,13.3333333333	47.0458333333,13.6833333333
305	345	1504299600	1504310399	25	47.1494444444,15.5855555556	46.9977777778,16.2247222222	46.9625,16.275	46.85,16.3666666667	46.8691666667,16.1138888889	46.8291666667,15.9891666667	46.8041666667,15.9955555556	46.7163888889,16.0080555556	46.6591666667,16.0394444444	46.6825,15.9919444444	46.7219444444,15.8655555556	46.7066666667,15.8080555556	46.7108333333,15.7919444444	46.7088888889,15.6525	46.6788888889,15.6294444444	46.6858333333,15.5991666667	46.6830555556,15.5805555556	46.6663888889,15.5491666667	46.6483333333,15.5491666667	46.6163888889,15.5102777778	46.6155555556,15.4644444444	46.6580555556,15.4208333333	46.6852777778,15.2391666667	46.9558333333,15.4505555556	47.1494444444,15.5855555556
305	345	1504299600	1504310399	7	46.5355555556,15.5205555556	46.63,15.7441666667	46.5697222222,15.8069444444	46.4313888889,15.9194444444	46.3680555556,15.7925	46.4225,15.6941666667	46.5355555556,15.5205555556
305	345	1504299600	1504310399	10	47.2,13.9472222222	47.1819444444,13.9694444444	47.1313888889,14.0283333333	46.9988888889,14.1933333333	46.9833333333,14.2125	46.5841666667,13.8875	46.5830555556,13.8333333333	46.7666666667,13.8333333333	47.0458333333,13.6833333333	47.2,13.9472222222
305	345	1504299600	1504310399	12	46.9833333333,14.2125	46.7955555556,14.4441666667	46.7822222222,14.4605555556	46.75,14.5	46.7919444444,14.6197222222	46.8083333333,14.6666666667	46.7205555556,14.7447222222	46.6616666667,14.7966666667	46.5977777778,14.5622222222	46.5869444444,14.0030555556	46.5841666667,13.8875	46.9833333333,14.2125
305	345	1504299600	1504310399	5	47.8697222222,13.7697222222	47.87,14.0613888889	47.7036111111,14.3008333333	47.8486111111,13.7952777778	47.8697222222,13.7697222222
305	345	1504299600	1504310399	5	46.9666666667,15.1416666667	46.7072222222,15.0944444444	46.72,15.0091666667	46.8725,14.8586111111	46.9666666667,15.1416666667
305	345	1504299600	1504310399	5	48.0,13.2305555556	48.0,13.6119444444	47.8697222222,13.7697222222	47.8697222222,13.3316666667	48.0,13.2305555556
385	999	1504299600	1504310399	9	47.7036111111,14.3008333333	47.6361111111,14.5913888889	47.5,14.7333333333	47.4597222222,14.7772222222	47.4416666667,14.7972222222	47.4416666667,14.4055555556	47.425,14.3786111111	47.4705555556,14.2433333333	47.7036111111,14.3008333333
385	999	1504299600	1504310399	14	47.0161111111,11.8575	47.0472222222,11.9888888889	47.0869444444,12.1888888889	47.0666666667,12.2333333333	47.025,12.1916666667	47.0,12.1277777778	46.9063888889,12.1583333333	46.8772222222,12.2166666667	46.8708333333,12.2863888889	46.825,12.3077777778	46.8025,12.2811111111	46.9344444444,11.8416666667	47.0027777778,11.855	47.0161111111,11.8575
385	999	1504299600	1504310399	6	47.4463888889,15.7888888889	47.2394444444,16.4347222222	47.1419444444,16.3497222222	46.9977777778,16.2247222222	47.1494444444,15.5855555556	47.4463888889,15.7888888889
385	999	1504299600	1504310399	7	46.3680555556,15.7925	46.4313888889,15.9194444444	46.3688888889,16.0413888889	46.3244444444,16.0233333333	46.3097222222,15.9761111111	46.2869444444,15.9261111111	46.3680555556,15.7925
385	999	1504299600	1504310399	9	47.6988888889,14.9916666667	47.6494444444,15.1516666667	47.5633333333,15.4219444444	47.5502777778,15.4630555556	47.5,15.4416666667	47.5416666667,15.0	47.6438888889,14.8836111111	47.6575,14.8677777778	47.6988888889,14.9916666667
385	999	1504299600	1504310399	10	47.6575,14.8677777778	47.6438888889,14.8836111111	47.5416666667,15.0	47.53,14.9761111111	47.4416666667,14.7972222222	47.4597222222,14.7772222222	47.5,14.7333333333	47.6361111111,14.5913888889	47.6425,14.8227777778	47.6575,14.8677777778
385	999	1504299600	1504310399	12	47.5416666667,15.0	47.5,15.4416666667	47.3302777778,15.3766666667	47.2166666667,15.3333333333	47.2666666667,15.2805555556	47.1722222222,15.0833333333	47.2622222222,14.9977777778	47.2833333333,14.9777777778	47.3191666667,14.9369444444	47.4416666667,14.7972222222	47.53,14.9761111111	47.5416666667,15.0
385	999	1504299600	1504310399	9	46.5611111111,13.3333333333	46.5636111111,13.3794444444	46.4980555556,13.2672222222	46.5197222222,13.1980555556	46.6075,12.9152777778	46.5888888889,13.1686111111	46.5583333333,13.2363888889	46.5563888889,13.3161111111	46.5611111111,13.3333333333
385	999	1504299600	1504310399	10	48.2652777778,12.8827777778	48.2636111111,13.0958333333	48.2433333333,13.1663888889	48.0833333333,13.1666666667	48.0,13.1366666667	48.0,12.8591666667	48.0069444444,12.8575	48.0241666667,12.7713888889	48.1644444444,12.8344444444	48.2652777778,12.8827777778
385	999	1504299600	1504310399	8	47.5502777778,15.4630555556	47.4463888889,15.7888888889	47.1494444444,15.5855555556	47.1572222222,15.5563888889	47.28,15.5222222222	47.3302777778,15.3766666667	47.5,15.4416666667	47.5502777778,15.4630555556
385	999	1504299600	1504310399	15	47.3147222222,12.72	46.825,12.3077777778	46.8708333333,12.2863888889	46.8772222222,12.2166666667	46.9063888889,12.1583333333	47.0,12.1277777778	47.025,12.1916666667	47.0666666667,12.2333333333	47.0869444444,12.1888888889	47.0472222222,11.9888888889	47.0161111111,11.8575	47.3002777778,11.9144444444	47.2916666667,12.0972222222	47.3352777778,12.4875	47.3147222222,12.72
385	999	1504299600	1504310399	34	46.6580555556,15.4208333333	46.6155555556,15.4644444444	46.6163888889,15.5102777778	46.6483333333,15.5491666667	46.6663888889,15.5491666667	46.6830555556,15.5805555556	46.6858333333,15.5991666667	46.6788888889,15.6294444444	46.7088888889,15.6525	46.7108333333,15.7919444444	46.7066666667,15.8080555556	46.7219444444,15.8655555556	46.6825,15.9919444444	46.6591666667,16.0394444444	46.7163888889,16.0080555556	46.8041666667,15.9955555556	46.8291666667,15.9891666667	46.8691666667,16.1138888889	46.85,16.3666666667	46.6836111111,16.4227777778	46.64,16.4166666667	46.5,16.5305555556	46.57,16.3683333333	46.5033333333,16.2391666667	46.3983333333,16.2816666667	46.3783333333,16.2741666667	46.3791666667,16.1963888889	46.4080555556,16.0566666667	46.3688888889,16.0413888889	46.4313888889,15.9194444444	46.5697222222,15.8069444444	46.63,15.7441666667	46.5355555556,15.5205555556	46.6580555556,15.4208333333
385	999	1504299600	1504310399	9	47.4497222222,13.3330555556	47.4322222222,13.4958333333	47.4116666667,13.6847222222	47.3944444444,13.7063888889	47.2,13.9472222222	47.0458333333,13.6833333333	47.2333333333,13.5	47.2772222222,13.1286111111	47.4497222222,13.3330555556
385	999	1504299600	1504310399	8	47.4416666667,14.4055555556	47.4416666667,14.7972222222	47.1494444444,14.4236111111	47.2783333333,14.1633333333	47.2897222222,14.1613888889	47.4113888889,14.3566666667	47.425,14.3786111111	47.4416666667,14.4055555556
385	999	1504299600	1504310399	6	46.8725,14.8586111111	46.72,15.0091666667	46.6616666667,14.7966666667	46.7205555556,14.7447222222	46.8083333333,14.6666666667	46.8725,14.8586111111
385	999	1504299600	1504310399	6	48.1766666667,13.3975	48.1408333333,13.52	48.1152777778,13.6080555556	48.0019444444,13.8708333333	48.0,13.6119444444	48.1766666667,13.3975
385	999	1504299600	1504310399	10	47.2,13.9472222222	47.1819444444,13.9694444444	47.1313888889,14.0283333333	46.9988888889,14.1933333333	46.9833333333,14.2125	46.5841666667,13.8875	46.5830555556,13.8333333333	46.7666666667,13.8333333333	47.0458333333,13.6833333333	47.2,13.9472222222
385	999	1504299600	1504310399	20	47.8697222222,13.3316666667	47.8697222222,13.7697222222	47.8486111111,13.7952777778	47.7036111111,14.3008333333	47.4705555556,14.2433333333	47.3827777778,13.9525	47.4116666667,13.6847222222	47.4277777778,13.6647222222	47.4733333333,13.6969444444	47.5133333333,13.6775	47.5355555556,13.6216666667	47.5255555556,13.5522222222	47.58,13.4947222222	47.6636111111,13.405	47.7086111111,13.3547222222	47.75,13.3125	47.7744444444,13.3177777778	47.8038888889,13.3244444444	47.8622222222,13.3375	47.8697222222,13.3316666667
385	999	1504299600	1504310399	13	47.6191666667,12.0613888889	47.6327777778,12.1647222222	47.6372222222,12.2005555556	47.6416666667,12.2322222222	47.6713888889,12.4636111111	47.6775,12.5119444444	47.3352777778,12.4875	47.2916666667,12.0972222222	47.3002777778,11.9144444444	47.3477777778,11.9238888889	47.4308333333,11.94	47.5377777778,12.0088888889	47.6191666667,12.0613888889
385	999	1504299600	1504310399	14	47.3147222222,12.72	47.2772222222,13.1286111111	47.2333333333,13.5	47.0458333333,13.6833333333	46.8333333333,13.3333333333	46.5611111111,13.3333333333	46.5563888889,13.3161111111	46.5583333333,13.2363888889	46.5888888889,13.1686111111	46.6075,12.9152777778	46.7061111111,12.5975	46.8025,12.2811111111	46.825,12.3077777778	47.3147222222,12.72
385	999	1504299600	1504310399	5	48.0,13.6119444444	48.0019444444,13.8708333333	47.87,14.0613888889	47.8697222222,13.7697222222	48.0,13.6119444444
385	999	1504299600	1504310399	11	47.6775,12.5119444444	47.6997222222,12.5825	47.7722222222,12.8147222222	47.7361111111,12.8533333333	47.7222222222,12.8680555556	47.5958333333,13.08	47.4497222222,13.3330555556	47.2772222222,13.1286111111	47.3147222222,12.72	47.3352777778,12.4875	47.6775,12.5119444444
385	999	1504299600	1504310399	11	47.1494444444,14.4236111111	47.1136111111,14.4955555556	46.9891666667,14.7430555556	46.8725,14.8586111111	46.8083333333,14.6666666667	46.7919444444,14.6197222222	46.75,14.5	46.7822222222,14.4605555556	46.7955555556,14.4441666667	46.9833333333,14.2125	47.1494444444,14.4236111111
385	999	1504299600	1504310399	12	47.4416666667,14.7972222222	47.3191666667,14.9369444444	47.2833333333,14.9777777778	47.2622222222,14.9977777778	47.1722222222,15.0833333333	47.0833333333,15.1666666667	46.9666666667,15.1416666667	46.8725,14.8586111111	46.9891666667,14.7430555556	47.1136111111,14.4955555556	47.1494444444,14.4236111111	47.4416666667,14.7972222222
385	999	1504299600	1504310399	4	47.2783333333,14.1633333333	47.1494444444,14.4236111111	46.9833333333,14.2125	47.2783333333,14.1633333333
385	999	1504299600	1504310399	10	48.0241666667,12.7713888889	48.0069444444,12.8575	48.0,12.8591666667	48.0,13.1366666667	48.0,13.2305555556	47.8697222222,13.3316666667	47.8622222222,13.3375	47.885,12.9763888889	47.8405555556,12.7413888889	48.0241666667,12.7713888889
385	999	1504299600	1504310399	11	47.4116666667,13.6847222222	47.3827777778,13.9525	47.3391666667,14.0405555556	47.2783333333,14.1633333333	46.9833333333,14.2125	46.9988888889,14.1933333333	47.1313888889,14.0283333333	47.1819444444,13.9694444444	47.2,13.9472222222	47.3944444444,13.7063888889	47.4116666667,13.6847222222
385	999	1504299600	1504310399	7	48.2433333333,13.1663888889	48.1766666667,13.3975	48.0,13.6119444444	48.0,13.2305555556	48.0,13.1366666667	48.0833333333,13.1666666667	48.2433333333,13.1663888889
385	999	1504299600	1504310399	18	47.8405555556,12.7413888889	47.885,12.9763888889	47.8622222222,13.3375	47.8038888889,13.3244444444	47.7744444444,13.3177777778	47.75,13.3125	47.7086111111,13.3547222222	47.6636111111,13.405	47.58,13.4947222222	47.4538888889,13.4958333333	47.4322222222,13.4958333333	47.4497222222,13.3330555556	47.5958333333,13.08	47.7222222222,12.8680555556	47.7361111111,12.8533333333	47.7722222222,12.8147222222	47.8222222222,12.7608333333	47.8405555556,12.7413888889
385	999	1504299600	1504310399	13	47.3302777778,15.3766666667	47.28,15.5222222222	47.1572222222,15.5563888889	47.1494444444,15.5855555556	46.9558333333,15.4505555556	46.6852777778,15.2391666667	46.7072222222,15.0944444444	46.9666666667,15.1416666667	47.0833333333,15.1666666667	47.1722222222,15.0833333333	47.2666666667,15.2805555556	47.2166666667,15.3333333333	47.3302777778,15.3766666667
385	999	1504299600	1504310399	8	47.4705555556,14.2433333333	47.425,14.3786111111	47.4113888889,14.3566666667	47.2897222222,14.1613888889	47.2783333333,14.1633333333	47.3391666667,14.0405555556	47.3827777778,13.9525	47.4705555556,14.2433333333
385	999	1504299600	1504310399	5	46.9666666667,15.1416666667	46.7072222222,15.0944444444	46.72,15.0091666667	46.8725,14.8586111111	46.9666666667,15.1416666667
385	999	1504299600	1504310399	25	47.1494444444,15.5855555556	46.9977777778,16.2247222222	46.9625,16.275	46.85,16.3666666667	46.8691666667,16.1138888889	46.8291666667,15.9891666667	46.8041666667,15.9955555556	46.7163888889,16.0080555556	46.6591666667,16.0394444444	46.6825,15.9919444444	46.7219444444,15.8655555556	46.7066666667,15.8080555556	46.7108333333,15.7919444444	46.7088888889,15.6525	46.6788888889,15.6294444444	46.6858333333,15.5991666667	46.6830555556,15.5805555556	46.6663888889,15.5491666667	46.6483333333,15.5491666667	46.6163888889,15.5102777778	46.6155555556,15.4644444444	46.6580555556,15.4208333333	46.6852777778,15.2391666667	46.9558333333,15.4505555556	47.1494444444,15.5855555556
385	999	1504299600	1504310399	7	46.5355555556,15.5205555556	46.63,15.7441666667	46.5697222222,15.8069444444	46.4313888889,15.9194444444	46.3680555556,15.7925	46.4225,15.6941666667	46.5355555556,15.5205555556
385	999	1504299600	1504310399	10	47.58,13.4947222222	47.5255555556,13.5522222222	47.5355555556,13.6216666667	47.5133333333,13.6775	47.4733333333,13.6969444444	47.4277777778,13.6647222222	47.4116666667,13.6847222222	47.4322222222,13.4958333333	47.4538888889,13.4958333333	47.58,13.4947222222
385	999	1504299600	1504310399	12	46.9833333333,14.2125	46.7955555556,14.4441666667	46.7822222222,14.4605555556	46.75,14.5	46.7919444444,14.6197222222	46.8083333333,14.6666666667	46.7205555556,14.7447222222	46.6616666667,14.7966666667	46.5977777778,14.5622222222	46.5869444444,14.0030555556	46.5841666667,13.8875	46.9833333333,14.2125
385	999	1504299600	1504310399	5	47.8697222222,13.7697222222	47.87,14.0613888889	47.7036111111,14.3008333333	47.8486111111,13.7952777778	47.8697222222,13.7697222222
385	999	1504299600	1504310399	10	47.0458333333,13.6833333333	46.7666666667,13.8333333333	46.5830555556,13.8333333333	46.5230555556,13.7141666667	46.5413888889,13.5694444444	46.5738888889,13.3966666667	46.5636111111,13.3794444444	46.5611111111,13.3333333333	46.8333333333,13.3333333333	47.0458333333,13.6833333333
385	999	1504299600	1504310399	5	48.0,13.2305555556	48.0,13.6119444444	47.8697222222,13.7697222222	47.8697222222,13.3316666667	48.0,13.2305555556
245	305	1504299600	1504310399	9	47.4463888889,15.7888888889	47.5502777778,15.4630555556	47.5633333333,15.4219444444	47.6494444444,15.1516666667	47.6988888889,14.9916666667	47.7569444444,15.1638888889	47.8161111111,15.3419444444	47.6455555556,15.9258333333	47.4463888889,15.7888888889
245	305	1504299600	1504310399	12	47.3566666667,16.5375	47.3130555556,16.5005555556	47.2847222222,16.4744444444	47.2394444444,16.4347222222	47.4463888889,15.7888888889	47.6455555556,15.9258333333	47.7513888889,16.0	47.7322222222,16.0966666667	47.6169444444,16.0733333333	47.5952777778,16.1833333333	47.4875,16.0902777778	47.3566666667,16.5375
