52
165	305	1504296000	1504297799	14	47.0161111111,11.8575	47.0472222222,11.9888888889	47.0869444444,12.1888888889	47.0666666667,12.2333333333	47.025,12.1916666667	47.0,12.1277777778	46.9063888889,12.1583333333	46.8772222222,12.2166666667	46.8708333333,12.2863888889	46.825,12.3077777778	46.8025,12.2811111111	46.9344444444,11.8416666667	47.0027777778,11.855	47.0161111111,11.8575
165	305	1504296000	1504297799	9	47.4497222222,13.3330555556	47.4322222222,13.4958333333	47.4116666667,13.6847222222	47.3944444444,13.7063888889	47.2,13.9472222222	47.0458333333,13.6833333333	47.2333333333,13.5	47.2772222222,13.1286111111	47.4497222222,13.3330555556
165	305	1504296000	1504297799	11	47.4116666667,13.6847222222	47.3827777778,13.9525	47.3391666667,14.0405555556	47.2783333333,14.1633333333	46.9833333333,14.2125	46.9988888889,14.1933333333	47.1313888889,14.0283333333	47.1819444444,13.9694444444	47.2,13.9472222222	47.3944444444,13.7063888889	47.4116666667,13.6847222222
165	305	1504296000	1504297799	4	47.2783333333,14.1633333333	47.1494444444,14.4236111111	46.9833333333,14.2125	47.2783333333,14.1633333333
165	305	1504296000	1504297799	6	46.8725,14.8586111111	46.72,15.0091666667	46.6616666667,14.7966666667	46.7205555556,14.7447222222	46.8083333333,14.6666666667	46.8725,14.8586111111
165	305	1504296000	1504297799	10	47.2,13.9472222222	47.1819444444,13.9694444444	47.1313888889,14.0283333333	46.9988888889,14.1933333333	46.9833333333,14.2125	46.5841666667,13.8875	46.5830555556,13.8333333333	46.7666666667,13.8333333333	47.0458333333,13.6833333333	47.2,13.9472222222
165	305	1504296000	1504297799	12	46.9833333333,14.2125	46.7955555556,14.4441666667	46.7822222222,14.4605555556	46.75,14.5	46.7919444444,14.6197222222	46.8083333333,14.6666666667	46.7205555556,14.7447222222	46.6616666667,14.7966666667	46.5977777778,14.5622222222	46.5869444444,14.0030555556	46.5841666667,13.8875	46.9833333333,14.2125
165	305	1504296000	1504297799	9	46.5611111111,13.3333333333	46.5636111111,13.3794444444	46.4980555556,13.2672222222	46.5197222222,13.1980555556	46.6075,12.9152777778	46.5888888889,13.1686111111	46.5583333333,13.2363888889	46.5563888889,13.3161111111	46.5611111111,13.3333333333
165	305	1504296000	1504297799	10	47.0458333333,13.6833333333	46.7666666667,13.8333333333	46.5830555556,13.8333333333	46.5230555556,13.7141666667	46.5413888889,13.5694444444	46.5738888889,13.3966666667	46.5636111111,13.3794444444	46.5611111111,13.3333333333	46.8333333333,13.3333333333	47.0458333333,13.6833333333
165	305	1504296000	1504297799	11	47.1494444444,14.4236111111	47.1136111111,14.4955555556	46.9891666667,14.7430555556	46.8725,14.8586111111	46.8083333333,14.6666666667	46.7919444444,14.6197222222	46.75,14.5	46.7822222222,14.4605555556	46.7955555556,14.4441666667	46.9833333333,14.2125	47.1494444444,14.4236111111
165	305	1504296000	1504297799	15	47.3147222222,12.72	46.825,12.3077777778	46.8708333333,12.2863888889	46.8772222222,12.2166666667	46.9063888889,12.1583333333	47.0,12.1277777778	47.025,12.1916666667	47.0666666667,12.2333333333	47.0869444444,12.1888888889	47.0472222222,11.9888888889	47.0161111111,11.8575	47.3002777778,11.9144444444	47.2916666667,12.0972222222	47.3352777778,12.4875	47.3147222222,12.72
165	305	1504296000	1504297799	13	47.6191666667,12.0613888889	47.6327777778,12.1647222222	47.6372222222,12.2005555556	47.6416666667,12.2322222222	47.6713888889,12.4636111111	47.6775,12.5119444444	47.3352777778,12.4875	47.2916666667,12.0972222222	47.3002777778,11.9144444444	47.3477777778,11.9238888889	47.4308333333,11.94	47.5377777778,12.0088888889	47.6191666667,12.0613888889
165	305	1504296000	1504297799	11	47.6775,12.5119444444	47.6997222222,12.5825	47.7722222222,12.8147222222	47.7361111111,12.8533333333	47.7222222222,12.8680555556	47.5958333333,13.08	47.4497222222,13.3330555556	47.2772222222,13.1286111111	47.3147222222,12.72	47.3352777778,12.4875	47.6775,12.5119444444
165	305	1504296000	1504297799	14	47.3147222222,12.72	47.2772222222,13.1286111111	47.2333333333,13.5	47.0458333333,13.6833333333	46.8333333333,13.3333333333	46.5611111111,13.3333333333	46.5563888889,13.3161111111	46.5583333333,13.2363888889	46.5888888889,13.1686111111	46.6075,12.9152777778	46.7061111111,12.5975	46.8025,12.2811111111	46.825,12.3077777778	47.3147222222,12.72
305	345	1504296000	1504297799	14	47.0161111111,11.8575	47.0472222222,11.9888888889	47.0869444444,12.1888888889	47.0666666667,12.2333333333	47.025,12.1916666667	47.0,12.1277777778	46.9063888889,12.1583333333	46.8772222222,12.2166666667	46.8708333333,12.2863888889	46.825,12.3077777778	46.8025,12.2811111111	46.9344444444,11.8416666667	47.0027777778,11.855	47.0161111111,11.8575
305	345	1504296000	1504297799	9	47.4497222222,13.3330555556	47.4322222222,13.4958333333	47.4116666667,13.6847222222	47.3944444444,13.7063888889	47.2,13.9472222222	47.0458333333,13.6833333333	47.2333333333,13.5	47.2772222222,13.1286111111	47.4497222222,13.3330555556
305	345	1504296000	1504297799	5	48.0,13.6119444444	48.0019444444,13.8708333333	47.87,14.0613888889	47.8697222222,13.7697222222	48.0,13.6119444444
305	345	1504296000	1504297799	7	48.0241666667,12.7713888889	47.8405555556,12.7413888889	47.9436111111,12.6302777778	48.0472222222,12.4575	48.0519444444,12.5072222222	48.0525,12.5125	48.0241666667,12.7713888889
305	345	1504296000	1504297799	9	46.5611111111,13.3333333333	46.5636111111,13.3794444444	46.4980555556,13.2672222222	46.5197222222,13.1980555556	46.6075,12.9152777778	46.5888888889,13.1686111111	46.5583333333,13.2363888889	46.5563888889,13.3161111111	46.5611111111,13.3333333333
305	345	1504296000	1504297799	10	48.0241666667,12.7713888889	48.0069444444,12.8575	48.0,12.8591666667	48.0,13.1366666667	48.0,13.2305555556	47.8697222222,13.3316666667	47.8622222222,13.3375	47.885,12.9763888889	47.8405555556,12.7413888889	48.0241666667,12.7713888889
305	345	1504296000	1504297799	15	47.3147222222,12.72	46.825,12.3077777778	46.8708333333,12.2863888889	46.8772222222,12.2166666667	46.9063888889,12.1583333333	47.0,12.1277777778	47.025,12.1916666667	47.0666666667,12.2333333333	47.0869444444,12.1888888889	47.0472222222,11.9888888889	47.0161111111,11.8575	47.3002777778,11.9144444444	47.2916666667,12.0972222222	47.3352777778,12.4875	47.3147222222,12.72
305	345	1504296000	1504297799	6	46.8725,14.8586111111	46.72,15.0091666667	46.6616666667,14.7966666667	46.7205555556,14.7447222222	46.8083333333,14.6666666667	46.8725,14.8586111111
305	345	1504296000	1504297799	6	48.1766666667,13.3975	48.1408333333,13.52	48.1152777778,13.6080555556	48.0019444444,13.8708333333	48.0,13.6119444444	48.1766666667,13.3975
305	345	1504296000	1504297799	10	47.58,13.4947222222	47.5255555556,13.5522222222	47.5355555556,13.6216666667	47.5133333333,13.6775	47.4733333333,13.6969444444	47.4277777778,13.6647222222	47.4116666667,13.6847222222	47.4322222222,13.4958333333	47.4538888889,13.4958333333	47.58,13.4947222222
305	345	1504296000	1504297799	20	47.8697222222,13.3316666667	47.8697222222,13.7697222222	47.8486111111,13.7952777778	47.7036111111,14.3008333333	47.4705555556,14.2433333333	47.3827777778,13.9525	47.4116666667,13.6847222222	47.4277777778,13.6647222222	47.4733333333,13.6969444444	47.5133333333,13.6775	47.5355555556,13.6216666667	47.5255555556,13.5522222222	47.58,13.4947222222	47.6636111111,13.405	47.7086111111,13.3547222222	47.75,13.3125	47.7744444444,13.3177777778	47.8038888889,13.3244444444	47.8622222222,13.3375	47.8697222222,13.3316666667
305	345	1504296000	1504297799	13	47.6191666667,12.0613888889	47.6327777778,12.1647222222	47.6372222222,12.2005555556	47.6416666667,12.2322222222	47.6713888889,12.4636111111	47.6775,12.5119444444	47.3352777778,12.4875	47.2916666667,12.0972222222	47.3002777778,11.9144444444	47.3477777778,11.9238888889	47.4308333333,11.94	47.5377777778,12.0088888889	47.6191666667,12.0613888889
305	345	1504296000	1504297799	14	47.3147222222,12.72	47.2772222222,13.1286111111	47.2333333333,13.5	47.0458333333,13.6833333333	46.8333333333,13.3333333333	46.5611111111,13.3333333333	46.5563888889,13.3161111111	46.5583333333,13.2363888889	46.5888888889,13.1686111111	46.6075,12.9152777778	46.7061111111,12.5975	46.8025,12.2811111111	46.825,12.3077777778	47.3147222222,12.72
305	345	1504296000	1504297799	11	47.6775,12.5119444444	47.6997222222,12.5825	47.7722222222,12.8147222222	47.7361111111,12.8533333333	47.7222222222,12.8680555556	47.5958333333,13.08	47.4497222222,13.3330555556	47.2772222222,13.1286111111	47.3147222222,12.72	47.3352777778,12.4875	47.6775,12.5119444444
305	345	1504296000	1504297799	11	47.1494444444,14.4236111111	47.1136111111,14.4955555556	46.9891666667,14.7430555556	46.8725,14.8586111111	46.8083333333,14.6666666667	46.7919444444,14.6197222222	46.75,14.5	46.7822222222,14.4605555556	46.7955555556,14.4441666667	46.9833333333,14.2125	47.1494444444,14.4236111111
305	345	1504296000	1504297799	4	47.2783333333,14.1633333333	47.1494444444,14.4236111111	46.9833333333,14.2125	47.2783333333,14.1633333333
305	345	1504296000	1504297799	10	48.2652777778,12.8827777778	48.2636111111,13.0958333333	48.2433333333,13.1663888889	48.0833333333,13.1666666667	48.0,13.1366666667	48.0,12.8591666667	48.0069444444,12.8575	48.0241666667,12.7713888889	48.1644444444,12.8344444444	48.2652777778,12.8827777778
305	345	1504296000	1504297799	9	48.2663888889,12.6972222222	48.2652777778,12.8827777778	48.1644444444,12.8344444444	48.0241666667,12.7713888889	48.0525,12.5125	48.1472222222,12.7125	48.1952777778,12.695	48.2475,12.6761111111	48.2663888889,12.6972222222
305	345	1504296000	1504297799	11	47.4116666667,13.6847222222	47.3827777778,13.9525	47.3391666667,14.0405555556	47.2783333333,14.1633333333	46.9833333333,14.2125	46.9988888889,14.1933333333	47.1313888889,14.0283333333	47.1819444444,13.9694444444	47.2,13.9472222222	47.3944444444,13.7063888889	47.4116666667,13.6847222222
305	345	1504296000	1504297799	7	48.2433333333,13.1663888889	48.1766666667,13.3975	48.0,13.6119444444	48.0,13.2305555556	48.0,13.1366666667	48.0833333333,13.1666666667	48.2433333333,13.1663888889
305	345	1504296000	1504297799	18	47.8405555556,12.7413888889	47.885,12.9763888889	47.8622222222,13.3375	47.8038888889,13.3244444444	47.7744444444,13.3177777778	47.75,13.3125	47.7086111111,13.3547222222	47.6636111111,13.405	47.58,13.4947222222	47.4538888889,13.4958333333	47.4322222222,13.4958333333	47.4497222222,13.3330555556	47.5958333333,13.08	47.7222222222,12.8680555556	47.7361111111,12.8533333333	47.7722222222,12.8147222222	47.8222222222,12.7608333333	47.8405555556,12.7413888889
305	345	1504296000	1504297799	10	47.2,13.9472222222	47.1819444444,13.9694444444	47.1313888889,14.0283333333	46.9988888889,14.1933333333	46.9833333333,14.2125	46.5841666667,13.8875	46.5830555556,13.8333333333	46.7666666667,13.8333333333	47.0458333333,13.6833333333	47.2,13.9472222222
305	345	1504296000	1504297799	12	46.9833333333,14.2125	46.7955555556,14.4441666667	46.7822222222,14.4605555556	46.75,14.5	46.7919444444,14.6197222222	46.8083333333,14.6666666667	46.7205555556,14.7447222222	46.6616666667,14.7966666667	46.5977777778,14.5622222222	46.5869444444,14.0030555556	46.5841666667,13.8875	46.9833333333,14.2125
305	345	1504296000	1504297799	5	47.8697222222,13.7697222222	47.87,14.0613888889	47.7036111111,14.3008333333	47.8486111111,13.7952777778	47.8697222222,13.7697222222
305	345	1504296000	1504297799	10	47.0458333333,13.6833333333	46.7666666667,13.8333333333	46.5830555556,13.8333333333	46.5230555556,13.7141666667	46.5413888889,13.5694444444	46.5738888889,13.3966666667	46.5636111111,13.3794444444	46.5611111111,13.3333333333	46.8333333333,13.3333333333	47.0458333333,13.6833333333
305	345	1504296000	1504297799	5	48.0,13.2305555556	48.0,13.6119444444	47.8697222222,13.7697222222	47.8697222222,13.3316666667	48.0,13.2305555556
125	305	1504296000	1504297799	10	48.0241666667,12.7713888889	48.0069444444,12.8575	48.0,12.8591666667	48.0,13.1366666667	48.0,13.2305555556	47.8697222222,13.3316666667	47.8622222222,13.3375	47.885,12.9763888889	47.8405555556,12.7413888889	48.0241666667,12.7713888889
125	305	1504296000	1504297799	9	48.2663888889,12.6972222222	48.2652777778,12.8827777778	48.1644444444,12.8344444444	48.0241666667,12.7713888889	48.0525,12.5125	48.1472222222,12.7125	48.1952777778,12.695	48.2475,12.6761111111	48.2663888889,12.6972222222
125	305	1504296000	1504297799	7	48.2433333333,13.1663888889	48.1766666667,13.3975	48.0,13.6119444444	48.0,13.2305555556	48.0,13.1366666667	48.0833333333,13.1666666667	48.2433333333,13.1663888889
125	305	1504296000	1504297799	5	48.0,13.6119444444	48.0019444444,13.8708333333	47.87,14.0613888889	47.8697222222,13.7697222222	48.0,13.6119444444
125	305	1504296000	1504297799	6	48.1766666667,13.3975	48.1408333333,13.52	48.1152777778,13.6080555556	48.0019444444,13.8708333333	48.0,13.6119444444	48.1766666667,13.3975
125	305	1504296000	1504297799	10	47.58,13.4947222222	47.5255555556,13.5522222222	47.5355555556,13.6216666667	47.5133333333,13.6775	47.4733333333,13.6969444444	47.4277777778,13.6647222222	47.4116666667,13.6847222222	47.4322222222,13.4958333333	47.4538888889,13.4958333333	47.58,13.4947222222
125	305	1504296000	1504297799	7	48.0241666667,12.7713888889	47.8405555556,12.7413888889	47.9436111111,12.6302777778	48.0472222222,12.4575	48.0519444444,12.5072222222	48.0525,12.5125	48.0241666667,12.7713888889
125	305	1504296000	1504297799	20	47.8697222222,13.3316666667	47.8697222222,13.7697222222	47.8486111111,13.7952777778	47.7036111111,14.3008333333	47.4705555556,14.2433333333	47.3827777778,13.9525	47.4116666667,13.6847222222	47.4277777778,13.6647222222	47.4733333333,13.6969444444	47.5133333333,13.6775	47.5355555556,13.6216666667	47.5255555556,13.5522222222	47.58,13.4947222222	47.6636111111,13.405	47.7086111111,13.3547222222	47.75,13.3125	47.7744444444,13.3177777778	47.8038888889,13.3244444444	47.8622222222,13.3375	47.8697222222,13.3316666667
125	305	1504296000	1504297799	5	47.8697222222,13.7697222222	47.87,14.0613888889	47.7036111111,14.3008333333	47.8486111111,13.7952777778	47.8697222222,13.7697222222
125	305	1504296000	1504297799	18	47.8405555556,12.7413888889	47.885,12.9763888889	47.8622222222,13.3375	47.8038888889,13.3244444444	47.7744444444,13.3177777778	47.75,13.3125	47.7086111111,13.3547222222	47.6636111111,13.405	47.58,13.4947222222	47.4538888889,13.4958333333	47.4322222222,13.4958333333	47.4497222222,13.3330555556	47.5958333333,13.08	47.7222222222,12.8680555556	47.7361111111,12.8533333333	47.7722222222,12.8147222222	47.8222222222,12.7608333333	47.8405555556,12.7413888889
125	305	1504296000	1504297799	10	48.2652777778,12.8827777778	48.2636111111,13.0958333333	48.2433333333,13.1663888889	48.0833333333,13.1666666667	48.0,13.1366666667	48.0,12.8591666667	48.0069444444,12.8575	48.0241666667,12.7713888889	48.1644444444,12.8344444444	48.2652777778,12.8827777778
125	305	1504296000	1504297799	5	48.0,13.2305555556	48.0,13.6119444444	47.8697222222,13.7697222222	47.8697222222,13.3316666667	48.0,13.2305555556
