11
0	345	1504245600	1504299599	12	39.1361111111,-9.0902777778	38.9605555556,-9.1844444444	38.9486111111,-9.1908333333	38.8277777778,-9.2552777778	38.79,-9.2880555556	38.7694444444,-9.3116666667	38.7519444444,-9.3711111111	38.7591666667,-9.4525	38.8136111111,-9.6611111111	38.8405555556,-9.7672222222	38.9,-10.0	39.1361111111,-9.0902777778
0	345	1504245600	1504299599	42	40.3994444444,-6.8183333333	40.3638888889,-6.7833333333	40.1255555556,-6.9919444444	39.9944444444,-6.8744444444	39.8936111111,-6.8736111111	39.8763888889,-6.8736111111	39.6861111111,-7.0	39.6666666667,-7.0	39.6630555556,-7.5008333333	39.5388888889,-7.3866666667	39.5288888889,-7.3663888889	39.33,-7.3025	39.2194444444,-7.2233333333	39.1611111111,-7.15	39.1252777778,-7.06	39.1088888889,-7.0283333333	39.0,-7.0483333333	38.8447222222,-7.075	38.8138888889,-7.0986111111	38.8105555556,-7.1258333333	38.7961111111,-7.1472222222	38.7786111111,-7.1572222222	38.7683333333,-7.1877777778	38.7505555556,-7.1977777778	38.7313888889,-7.22	38.6333333333,-7.25	38.5525,-7.2819444444	38.5002777778,-7.3	38.3461111111,-7.1675	38.0375,-7.2227777778	37.9994444444,-7.23	38.0,-8.6944444444	38.1266666667,-8.7938888889	38.2002777778,-8.6736111111	38.2755555556,-8.5430555556	38.3666666667,-8.4	38.8333333333,-8.0166666667	39.1638888889,-8.0186111111	39.2219444444,-8.0166666667	39.3191666667,-8.0166666667	39.3833333333,-8.0166666667	40.3994444444,-6.8183333333
245	345	1504245600	1504299599	17	39.6861111111,-6.4138888889	39.5244444444,-6.4347222222	39.3294444444,-6.4586111111	39.2308333333,-6.7111111111	39.2161111111,-6.8663888889	39.1566666667,-7.0158333333	39.1252777778,-7.06	39.1611111111,-7.15	39.2194444444,-7.2233333333	39.33,-7.3025	39.5288888889,-7.3663888889	39.5388888889,-7.3866666667	39.6630555556,-7.5008333333	39.6666666667,-7.0	39.6861111111,-7.0	39.6861111111,-6.5638888889	39.6861111111,-6.4138888889
245	345	1504245600	1504299599	27	39.2041666667,-8.8063888889	39.1211111111,-8.6705555556	39.0291666667,-8.5794444444	38.8866666667,-8.5061111111	38.7666666667,-8.4902777778	38.6666666667,-8.5038888889	38.5333333333,-8.5683333333	38.45,-8.6438888889	38.35,-8.7908333333	38.2841666667,-9.0	38.2788888889,-9.2269444444	38.3175,-9.3913888889	38.4208333333,-9.5872222222	38.5241666667,-9.6875	38.6533333333,-9.7541666667	38.7577777778,-9.7716666667	38.8405555556,-9.7672222222	38.8136111111,-9.6611111111	38.7591666667,-9.4525	38.7519444444,-9.3711111111	38.7694444444,-9.3116666667	38.79,-9.2880555556	38.8277777778,-9.2552777778	38.9486111111,-9.1908333333	38.9605555556,-9.1844444444	39.1361111111,-9.0902777778	39.2041666667,-8.8063888889
245	345	1504245600	1504299599	8	38.7313888889,-7.22	38.69,-7.2077777778	38.5741666667,-7.1263888889	38.3461111111,-7.1675	38.5002777778,-7.3	38.5525,-7.2819444444	38.6333333333,-7.25	38.7313888889,-7.22
245	345	1504245600	1504299599	7	39.2308333333,-6.7111111111	39.1166666667,-7.0166666667	39.1088888889,-7.0283333333	39.1252777778,-7.06	39.1566666667,-7.0158333333	39.2161111111,-6.8663888889	39.2308333333,-6.7111111111
245	345	1504245600	1504299599	5	39.8763888889,-6.8736111111	39.7808333333,-6.6286111111	39.6861111111,-6.5638888889	39.6861111111,-7.0	39.8763888889,-6.8736111111
245	345	1504245600	1504299599	5	38.1266666667,-8.7938888889	38.0,-8.6944444444	38.0,-9.0	38.0733333333,-8.8791666667	38.1266666667,-8.7938888889
245	345	1504245600	1504299599	14	40.5836111111,-6.3025	40.0177777778,-6.3736111111	39.8597222222,-6.3933333333	39.8016666667,-6.4005555556	39.6861111111,-6.4138888889	39.6861111111,-6.5638888889	39.7808333333,-6.6286111111	39.8763888889,-6.8736111111	39.8936111111,-6.8736111111	39.9944444444,-6.8744444444	40.1255555556,-6.9919444444	40.3638888889,-6.7833333333	40.3994444444,-6.8183333333	40.5836111111,-6.3025
245	345	1504245600	1504299599	11	38.8447222222,-7.075	38.5741666667,-7.1263888889	38.69,-7.2077777778	38.7313888889,-7.22	38.7505555556,-7.1977777778	38.7683333333,-7.1877777778	38.7786111111,-7.1572222222	38.7961111111,-7.1472222222	38.8105555556,-7.1258333333	38.8138888889,-7.0986111111	38.8447222222,-7.075
245	345	1504245600	1504299599	43	39.3833333333,-8.0166666667	39.3191666667,-8.0166666667	39.2219444444,-8.0166666667	39.1638888889,-8.0186111111	38.8333333333,-8.0166666667	38.3666666667,-8.4	38.2755555556,-8.5430555556	38.2002777778,-8.6736111111	38.1266666667,-8.7938888889	38.0733333333,-8.8791666667	38.0,-9.0	38.0,-9.1144444444	38.0,-9.2	38.0,-9.3344444444	38.0,-9.45	38.0,-9.5908333333	38.0,-9.8175	38.0,-10.0	38.0152777778,-10.0	38.1794444444,-10.0	38.3333333333,-10.0	38.545,-10.0	38.9,-10.0	38.8405555556,-9.7672222222	38.7577777778,-9.7716666667	38.6533333333,-9.7541666667	38.5241666667,-9.6875	38.4208333333,-9.5872222222	38.3175,-9.3913888889	38.2788888889,-9.2269444444	38.2841666667,-9.0	38.35,-8.7908333333	38.45,-8.6438888889	38.5333333333,-8.5683333333	38.6666666667,-8.5038888889	38.7666666667,-8.4902777778	38.8866666667,-8.5061111111	39.0291666667,-8.5794444444	39.1211111111,-8.6705555556	39.2041666667,-8.8063888889	39.2102777778,-8.7911111111	39.3069444444,-8.3583333333	39.3833333333,-8.0166666667
