21
245	345	1504242000	1504245599	4	39.2622222222,-8.9880555556	39.2041666667,-8.8063888889	39.1361111111,-9.0902777778	39.2622222222,-8.9880555556
245	345	1504242000	1504245599	30	41.7722222222,-7.5105555556	41.5211111111,-7.6730555556	41.1802777778,-7.8908333333	41.0266666667,-7.9880555556	40.9,-8.0833333333	40.8819444444,-8.115	40.8333333333,-8.1666666667	40.7833333333,-8.25	40.75,-8.3333333333	40.725,-8.4166666667	40.7055555556,-8.5077777778	40.0255555556,-8.4327777778	40.0311111111,-8.5361111111	40.0125,-8.6513888889	40.5975,-8.7197222222	40.6902777778,-8.7305555556	40.6919444444,-8.75	40.7,-8.8333333333	40.7166666667,-8.9166666667	40.7383333333,-9.0	40.775,-9.0833333333	40.8277777778,-9.1863888889	41.2730555556,-9.0625	41.8675,-8.8436111111	41.8511111111,-8.5977777778	41.8236111111,-8.1994444444	41.815,-8.0811111111	41.7936111111,-7.7886111111	41.7891666667,-7.73	41.7722222222,-7.5105555556
245	345	1504242000	1504245599	16	39.8333333333,-8.0858333333	39.6663888889,-8.0166666667	39.3833333333,-8.0166666667	39.3069444444,-8.3583333333	39.2102777778,-8.7911111111	39.2041666667,-8.8063888889	39.2622222222,-8.9880555556	39.3486111111,-8.9180555556	39.6013888889,-8.7163888889	39.7236111111,-8.6180555556	40.0125,-8.6513888889	40.0311111111,-8.5361111111	40.0255555556,-8.4327777778	40.0019444444,-8.3019444444	39.9555555556,-8.2008333333	39.8333333333,-8.0858333333
245	345	1504242000	1504245599	4	40.8525,-6.2922222222	40.5836111111,-6.3025	40.3994444444,-6.8183333333	40.8525,-6.2922222222
245	345	1504242000	1504245599	14	41.4830555556,-6.28	41.3075,-6.2777777778	41.1733333333,-6.2822222222	40.9908333333,-6.2886111111	40.8525,-6.2922222222	40.3994444444,-6.8183333333	40.5166666667,-6.8	40.6227777778,-6.7227777778	40.6666666667,-6.7666666667	40.7661111111,-6.8169444444	40.8333333333,-6.8333333333	41.1297222222,-6.7772222222	41.38,-6.3925	41.4830555556,-6.28
0	345	1504242000	1504245599	31	41.4830555556,-6.28	41.38,-6.3925	41.1297222222,-6.7772222222	40.8333333333,-6.8333333333	40.7661111111,-6.8169444444	40.6666666667,-6.7666666667	40.6227777778,-6.7227777778	40.5166666667,-6.8	40.3994444444,-6.8183333333	39.3833333333,-8.0166666667	39.6663888889,-8.0166666667	39.8333333333,-8.0858333333	39.9555555556,-8.2008333333	40.0019444444,-8.3019444444	40.0255555556,-8.4327777778	40.7055555556,-8.5077777778	40.725,-8.4166666667	40.75,-8.3333333333	40.7833333333,-8.25	40.8333333333,-8.1666666667	40.8819444444,-8.115	40.9,-8.0833333333	41.0266666667,-7.9880555556	41.1802777778,-7.8908333333	41.5211111111,-7.6730555556	41.7722222222,-7.5105555556	41.7511111111,-7.2361111111	41.7305555556,-6.9816666667	41.7005555556,-6.6219444444	41.5916666667,-6.4508333333	41.4830555556,-6.28
0	345	1504242000	1504245599	20	40.6902777778,-8.7305555556	40.5975,-8.7197222222	40.0125,-8.6513888889	39.7236111111,-8.6180555556	39.6013888889,-8.7163888889	39.3486111111,-8.9180555556	39.2622222222,-8.9880555556	39.1361111111,-9.0902777778	38.9,-10.0	39.3486111111,-9.7847222222	40.1997222222,-9.4425	40.3822222222,-9.3680555556	40.6488888889,-9.2513888889	40.8277777778,-9.1863888889	40.775,-9.0833333333	40.7383333333,-9.0	40.7166666667,-8.9166666667	40.7,-8.8333333333	40.6919444444,-8.75	40.6902777778,-8.7305555556
345	365	1504242000	1504245599	14	41.4830555556,-6.28	41.3075,-6.2777777778	41.1733333333,-6.2822222222	40.9908333333,-6.2886111111	40.8525,-6.2922222222	40.3994444444,-6.8183333333	40.5166666667,-6.8	40.6227777778,-6.7227777778	40.6666666667,-6.7666666667	40.7661111111,-6.8169444444	40.8333333333,-6.8333333333	41.1297222222,-6.7772222222	41.38,-6.3925	41.4830555556,-6.28
345	365	1504242000	1504245599	30	41.7722222222,-7.5105555556	41.5211111111,-7.6730555556	41.1802777778,-7.8908333333	41.0266666667,-7.9880555556	40.9,-8.0833333333	40.8819444444,-8.115	40.8333333333,-8.1666666667	40.7833333333,-8.25	40.75,-8.3333333333	40.725,-8.4166666667	40.7055555556,-8.5077777778	40.0255555556,-8.4327777778	40.0311111111,-8.5361111111	40.0125,-8.6513888889	40.5975,-8.7197222222	40.6902777778,-8.7305555556	40.6919444444,-8.75	40.7,-8.8333333333	40.7166666667,-8.9166666667	40.7383333333,-9.0	40.775,-9.0833333333	40.8277777778,-9.1863888889	41.2730555556,-9.0625	41.8675,-8.8436111111	41.8511111111,-8.5977777778	41.8236111111,-8.1994444444	41.815,-8.0811111111	41.7936111111,-7.7886111111	41.7891666667,-7.73	41.7722222222,-7.5105555556
345	365	1504242000	1504245599	16	39.8333333333,-8.0858333333	39.6663888889,-8.0166666667	39.3833333333,-8.0166666667	39.3069444444,-8.3583333333	39.2102777778,-8.7911111111	39.2041666667,-8.8063888889	39.2622222222,-8.9880555556	39.3486111111,-8.9180555556	39.6013888889,-8.7163888889	39.7236111111,-8.6180555556	40.0125,-8.6513888889	40.0311111111,-8.5361111111	40.0255555556,-8.4327777778	40.0019444444,-8.3019444444	39.9555555556,-8.2008333333	39.8333333333,-8.0858333333
345	365	1504242000	1504245599	4	39.2622222222,-8.9880555556	39.2041666667,-8.8063888889	39.1361111111,-9.0902777778	39.2622222222,-8.9880555556
345	365	1504242000	1504245599	20	40.6902777778,-8.7305555556	40.5975,-8.7197222222	40.0125,-8.6513888889	39.7236111111,-8.6180555556	39.6013888889,-8.7163888889	39.3486111111,-8.9180555556	39.2622222222,-8.9880555556	39.1361111111,-9.0902777778	38.9,-10.0	39.3486111111,-9.7847222222	40.1997222222,-9.4425	40.3822222222,-9.3680555556	40.6488888889,-9.2513888889	40.8277777778,-9.1863888889	40.775,-9.0833333333	40.7383333333,-9.0	40.7166666667,-8.9166666667	40.7,-8.8333333333	40.6919444444,-8.75	40.6902777778,-8.7305555556
345	365	1504242000	1504245599	4	40.8525,-6.2922222222	40.5836111111,-6.3025	40.3994444444,-6.8183333333	40.8525,-6.2922222222
345	365	1504242000	1504245599	31	41.4830555556,-6.28	41.38,-6.3925	41.1297222222,-6.7772222222	40.8333333333,-6.8333333333	40.7661111111,-6.8169444444	40.6666666667,-6.7666666667	40.6227777778,-6.7227777778	40.5166666667,-6.8	40.3994444444,-6.8183333333	39.3833333333,-8.0166666667	39.6663888889,-8.0166666667	39.8333333333,-8.0858333333	39.9555555556,-8.2008333333	40.0019444444,-8.3019444444	40.0255555556,-8.4327777778	40.7055555556,-8.5077777778	40.725,-8.4166666667	40.75,-8.3333333333	40.7833333333,-8.25	40.8333333333,-8.1666666667	40.8819444444,-8.115	40.9,-8.0833333333	41.0266666667,-7.9880555556	41.1802777778,-7.8908333333	41.5211111111,-7.6730555556	41.7722222222,-7.5105555556	41.7511111111,-7.2361111111	41.7305555556,-6.9816666667	41.7005555556,-6.6219444444	41.5916666667,-6.4508333333	41.4830555556,-6.28
365	999	1504242000	1504245599	4	39.2622222222,-8.9880555556	39.2041666667,-8.8063888889	39.1361111111,-9.0902777778	39.2622222222,-8.9880555556
365	999	1504242000	1504245599	4	40.8525,-6.2922222222	40.5836111111,-6.3025	40.3994444444,-6.8183333333	40.8525,-6.2922222222
365	999	1504242000	1504245599	16	39.8333333333,-8.0858333333	39.6663888889,-8.0166666667	39.3833333333,-8.0166666667	39.3069444444,-8.3583333333	39.2102777778,-8.7911111111	39.2041666667,-8.8063888889	39.2622222222,-8.9880555556	39.3486111111,-8.9180555556	39.6013888889,-8.7163888889	39.7236111111,-8.6180555556	40.0125,-8.6513888889	40.0311111111,-8.5361111111	40.0255555556,-8.4327777778	40.0019444444,-8.3019444444	39.9555555556,-8.2008333333	39.8333333333,-8.0858333333
365	999	1504242000	1504245599	14	41.4830555556,-6.28	41.3075,-6.2777777778	41.1733333333,-6.2822222222	40.9908333333,-6.2886111111	40.8525,-6.2922222222	40.3994444444,-6.8183333333	40.5166666667,-6.8	40.6227777778,-6.7227777778	40.6666666667,-6.7666666667	40.7661111111,-6.8169444444	40.8333333333,-6.8333333333	41.1297222222,-6.7772222222	41.38,-6.3925	41.4830555556,-6.28
365	999	1504242000	1504245599	20	40.6902777778,-8.7305555556	40.5975,-8.7197222222	40.0125,-8.6513888889	39.7236111111,-8.6180555556	39.6013888889,-8.7163888889	39.3486111111,-8.9180555556	39.2622222222,-8.9880555556	39.1361111111,-9.0902777778	38.9,-10.0	39.3486111111,-9.7847222222	40.1997222222,-9.4425	40.3822222222,-9.3680555556	40.6488888889,-9.2513888889	40.8277777778,-9.1863888889	40.775,-9.0833333333	40.7383333333,-9.0	40.7166666667,-8.9166666667	40.7,-8.8333333333	40.6919444444,-8.75	40.6902777778,-8.7305555556
365	999	1504242000	1504245599	30	41.7722222222,-7.5105555556	41.5211111111,-7.6730555556	41.1802777778,-7.8908333333	41.0266666667,-7.9880555556	40.9,-8.0833333333	40.8819444444,-8.115	40.8333333333,-8.1666666667	40.7833333333,-8.25	40.75,-8.3333333333	40.725,-8.4166666667	40.7055555556,-8.5077777778	40.0255555556,-8.4327777778	40.0311111111,-8.5361111111	40.0125,-8.6513888889	40.5975,-8.7197222222	40.6902777778,-8.7305555556	40.6919444444,-8.75	40.7,-8.8333333333	40.7166666667,-8.9166666667	40.7383333333,-9.0	40.775,-9.0833333333	40.8277777778,-9.1863888889	41.2730555556,-9.0625	41.8675,-8.8436111111	41.8511111111,-8.5977777778	41.8236111111,-8.1994444444	41.815,-8.0811111111	41.7936111111,-7.7886111111	41.7891666667,-7.73	41.7722222222,-7.5105555556
365	999	1504242000	1504245599	31	41.4830555556,-6.28	41.38,-6.3925	41.1297222222,-6.7772222222	40.8333333333,-6.8333333333	40.7661111111,-6.8169444444	40.6666666667,-6.7666666667	40.6227777778,-6.7227777778	40.5166666667,-6.8	40.3994444444,-6.8183333333	39.3833333333,-8.0166666667	39.6663888889,-8.0166666667	39.8333333333,-8.0858333333	39.9555555556,-8.2008333333	40.0019444444,-8.3019444444	40.0255555556,-8.4327777778	40.7055555556,-8.5077777778	40.725,-8.4166666667	40.75,-8.3333333333	40.7833333333,-8.25	40.8333333333,-8.1666666667	40.8819444444,-8.115	40.9,-8.0833333333	41.0266666667,-7.9880555556	41.1802777778,-7.8908333333	41.5211111111,-7.6730555556	41.7722222222,-7.5105555556	41.7511111111,-7.2361111111	41.7305555556,-6.9816666667	41.7005555556,-6.6219444444	41.5916666667,-6.4508333333	41.4830555556,-6.28
