41
245	345	1504242000	1504245599	17	39.6861111111,-6.4138888889	39.5244444444,-6.4347222222	39.3294444444,-6.4586111111	39.2308333333,-6.7111111111	39.2161111111,-6.8663888889	39.1566666667,-7.0158333333	39.1252777778,-7.06	39.1611111111,-7.15	39.2194444444,-7.2233333333	39.33,-7.3025	39.5288888889,-7.3663888889	39.5388888889,-7.3866666667	39.6630555556,-7.5008333333	39.6666666667,-7.0	39.6861111111,-7.0	39.6861111111,-6.5638888889	39.6861111111,-6.4138888889
245	345	1504242000	1504245599	27	39.2041666667,-8.8063888889	39.1211111111,-8.6705555556	39.0291666667,-8.5794444444	38.8866666667,-8.5061111111	38.7666666667,-8.4902777778	38.6666666667,-8.5038888889	38.5333333333,-8.5683333333	38.45,-8.6438888889	38.35,-8.7908333333	38.2841666667,-9.0	38.2788888889,-9.2269444444	38.3175,-9.3913888889	38.4208333333,-9.5872222222	38.5241666667,-9.6875	38.6533333333,-9.7541666667	38.7577777778,-9.7716666667	38.8405555556,-9.7672222222	38.8136111111,-9.6611111111	38.7591666667,-9.4525	38.7519444444,-9.3711111111	38.7694444444,-9.3116666667	38.79,-9.2880555556	38.8277777778,-9.2552777778	38.9486111111,-9.1908333333	38.9605555556,-9.1844444444	39.1361111111,-9.0902777778	39.2041666667,-8.8063888889
245	345	1504242000	1504245599	8	38.7313888889,-7.22	38.69,-7.2077777778	38.5741666667,-7.1263888889	38.3461111111,-7.1675	38.5002777778,-7.3	38.5525,-7.2819444444	38.6333333333,-7.25	38.7313888889,-7.22
245	345	1504242000	1504245599	28	37.9994444444,-7.23	37.8955555556,-7.2480555556	37.825,-7.3166666667	37.5833333333,-7.5	37.4166666667,-7.4333333333	37.3463888889,-7.4211111111	37.2458333333,-7.4286111111	37.1288888889,-7.3833333333	37.0761111111,-7.3833333333	37.0366666667,-7.3833333333	36.9166666667,-7.3833333333	36.8333333333,-7.3833333333	36.7666666667,-7.3833333333	36.6666666667,-7.3833333333	36.5733333333,-7.5	36.4588888889,-7.75	36.4305555556,-8.0	36.4727777778,-8.25	36.6083333333,-8.5	36.75,-8.6247222222	36.8333333333,-8.6625	37.0,-8.7061111111	37.25,-8.6433333333	37.4188888889,-8.5	37.4477777778,-8.4636111111	38.0,-9.0	38.0,-8.6944444444	37.9994444444,-7.23
245	345	1504242000	1504245599	14	40.5836111111,-6.3025	40.0177777778,-6.3736111111	39.8597222222,-6.3933333333	39.8016666667,-6.4005555556	39.6861111111,-6.4138888889	39.6861111111,-6.5638888889	39.7808333333,-6.6286111111	39.8763888889,-6.8736111111	39.8936111111,-6.8736111111	39.9944444444,-6.8744444444	40.1255555556,-6.9919444444	40.3638888889,-6.7833333333	40.3994444444,-6.8183333333	40.5836111111,-6.3025
245	345	1504242000	1504245599	5	39.8763888889,-6.8736111111	39.7808333333,-6.6286111111	39.6861111111,-6.5638888889	39.6861111111,-7.0	39.8763888889,-6.8736111111
245	345	1504242000	1504245599	8	37.825,-7.3166666667	37.7986111111,-7.2652777778	37.1288888889,-7.3833333333	37.2458333333,-7.4286111111	37.3463888889,-7.4211111111	37.4166666667,-7.4333333333	37.5833333333,-7.5	37.825,-7.3166666667
245	345	1504242000	1504245599	5	38.1266666667,-8.7938888889	38.0,-8.6944444444	38.0,-9.0	38.0733333333,-8.8791666667	38.1266666667,-8.7938888889
245	345	1504242000	1504245599	7	39.2308333333,-6.7111111111	39.1166666667,-7.0166666667	39.1088888889,-7.0283333333	39.1252777778,-7.06	39.1566666667,-7.0158333333	39.2161111111,-6.8663888889	39.2308333333,-6.7111111111
245	345	1504242000	1504245599	11	38.8447222222,-7.075	38.5741666667,-7.1263888889	38.69,-7.2077777778	38.7313888889,-7.22	38.7505555556,-7.1977777778	38.7683333333,-7.1877777778	38.7786111111,-7.1572222222	38.7961111111,-7.1472222222	38.8105555556,-7.1258333333	38.8138888889,-7.0986111111	38.8447222222,-7.075
245	345	1504242000	1504245599	4	37.8955555556,-7.2480555556	37.7986111111,-7.2652777778	37.825,-7.3166666667	37.8955555556,-7.2480555556
245	345	1504242000	1504245599	43	39.3833333333,-8.0166666667	39.3191666667,-8.0166666667	39.2219444444,-8.0166666667	39.1638888889,-8.0186111111	38.8333333333,-8.0166666667	38.3666666667,-8.4	38.2755555556,-8.5430555556	38.2002777778,-8.6736111111	38.1266666667,-8.7938888889	38.0733333333,-8.8791666667	38.0,-9.0	38.0,-9.1144444444	38.0,-9.2	38.0,-9.3344444444	38.0,-9.45	38.0,-9.5908333333	38.0,-9.8175	38.0,-10.0	38.0152777778,-10.0	38.1794444444,-10.0	38.3333333333,-10.0	38.545,-10.0	38.9,-10.0	38.8405555556,-9.7672222222	38.7577777778,-9.7716666667	38.6533333333,-9.7541666667	38.5241666667,-9.6875	38.4208333333,-9.5872222222	38.3175,-9.3913888889	38.2788888889,-9.2269444444	38.2841666667,-9.0	38.35,-8.7908333333	38.45,-8.6438888889	38.5333333333,-8.5683333333	38.6666666667,-8.5038888889	38.7666666667,-8.4902777778	38.8866666667,-8.5061111111	39.0291666667,-8.5794444444	39.1211111111,-8.6705555556	39.2041666667,-8.8063888889	39.2102777778,-8.7911111111	39.3069444444,-8.3583333333	39.3833333333,-8.0166666667
0	345	1504242000	1504245599	12	39.1361111111,-9.0902777778	38.9605555556,-9.1844444444	38.9486111111,-9.1908333333	38.8277777778,-9.2552777778	38.79,-9.2880555556	38.7694444444,-9.3116666667	38.7519444444,-9.3711111111	38.7591666667,-9.4525	38.8136111111,-9.6611111111	38.8405555556,-9.7672222222	38.9,-10.0	39.1361111111,-9.0902777778
0	345	1504242000	1504245599	32	38.0,-9.0	37.4477777778,-8.4636111111	37.4188888889,-8.5	37.25,-8.6433333333	37.0,-8.7061111111	36.8333333333,-8.6625	36.75,-8.6247222222	36.6083333333,-8.5	36.4727777778,-8.25	36.4305555556,-8.0	36.4588888889,-7.75	36.5733333333,-7.5	36.6666666667,-7.3833333333	36.0266666667,-7.3833333333	35.9666666667,-7.3833333333	35.9666666667,-7.6166666667	35.9666666667,-7.8833333333	35.9666666667,-8.0	35.9666666667,-8.3141666667	35.9666666667,-8.95	35.9666666667,-9.25	35.9666666667,-9.3719444444	35.9666666667,-9.5452777778	35.9666666667,-9.5727777778	35.9666666667,-9.6294444444	35.9666666667,-10.0233333333	35.9666666667,-10.7333333333	38.0,-9.45	38.0,-9.3344444444	38.0,-9.2	38.0,-9.1144444444	38.0,-9.0
0	345	1504242000	1504245599	42	40.3994444444,-6.8183333333	40.3638888889,-6.7833333333	40.1255555556,-6.9919444444	39.9944444444,-6.8744444444	39.8936111111,-6.8736111111	39.8763888889,-6.8736111111	39.6861111111,-7.0	39.6666666667,-7.0	39.6630555556,-7.5008333333	39.5388888889,-7.3866666667	39.5288888889,-7.3663888889	39.33,-7.3025	39.2194444444,-7.2233333333	39.1611111111,-7.15	39.1252777778,-7.06	39.1088888889,-7.0283333333	39.0,-7.0483333333	38.8447222222,-7.075	38.8138888889,-7.0986111111	38.8105555556,-7.1258333333	38.7961111111,-7.1472222222	38.7786111111,-7.1572222222	38.7683333333,-7.1877777778	38.7505555556,-7.1977777778	38.7313888889,-7.22	38.6333333333,-7.25	38.5525,-7.2819444444	38.5002777778,-7.3	38.3461111111,-7.1675	38.0375,-7.2227777778	37.9994444444,-7.23	38.0,-8.6944444444	38.1266666667,-8.7938888889	38.2002777778,-8.6736111111	38.2755555556,-8.5430555556	38.3666666667,-8.4	38.8333333333,-8.0166666667	39.1638888889,-8.0186111111	39.2219444444,-8.0166666667	39.3191666667,-8.0166666667	39.3833333333,-8.0166666667	40.3994444444,-6.8183333333
345	999	1504242000	1504245599	32	38.0,-9.0	37.4477777778,-8.4636111111	37.4188888889,-8.5	37.25,-8.6433333333	37.0,-8.7061111111	36.8333333333,-8.6625	36.75,-8.6247222222	36.6083333333,-8.5	36.4727777778,-8.25	36.4305555556,-8.0	36.4588888889,-7.75	36.5733333333,-7.5	36.6666666667,-7.3833333333	36.0266666667,-7.3833333333	35.9666666667,-7.3833333333	35.9666666667,-7.6166666667	35.9666666667,-7.8833333333	35.9666666667,-8.0	35.9666666667,-8.3141666667	35.9666666667,-8.95	35.9666666667,-9.25	35.9666666667,-9.3719444444	35.9666666667,-9.5452777778	35.9666666667,-9.5727777778	35.9666666667,-9.6294444444	35.9666666667,-10.0233333333	35.9666666667,-10.7333333333	38.0,-9.45	38.0,-9.3344444444	38.0,-9.2	38.0,-9.1144444444	38.0,-9.0
345	999	1504242000	1504245599	8	37.825,-7.3166666667	37.7986111111,-7.2652777778	37.1288888889,-7.3833333333	37.2458333333,-7.4286111111	37.3463888889,-7.4211111111	37.4166666667,-7.4333333333	37.5833333333,-7.5	37.825,-7.3166666667
345	999	1504242000	1504245599	4	37.8955555556,-7.2480555556	37.7986111111,-7.2652777778	37.825,-7.3166666667	37.8955555556,-7.2480555556
345	999	1504242000	1504245599	28	37.9994444444,-7.23	37.8955555556,-7.2480555556	37.825,-7.3166666667	37.5833333333,-7.5	37.4166666667,-7.4333333333	37.3463888889,-7.4211111111	37.2458333333,-7.4286111111	37.1288888889,-7.3833333333	37.0761111111,-7.3833333333	37.0366666667,-7.3833333333	36.9166666667,-7.3833333333	36.8333333333,-7.3833333333	36.7666666667,-7.3833333333	36.6666666667,-7.3833333333	36.5733333333,-7.5	36.4588888889,-7.75	36.4305555556,-8.0	36.4727777778,-8.25	36.6083333333,-8.5	36.75,-8.6247222222	36.8333333333,-8.6625	37.0,-8.7061111111	37.25,-8.6433333333	37.4188888889,-8.5	37.4477777778,-8.4636111111	38.0,-9.0	38.0,-8.6944444444	37.9994444444,-7.23
345	365	1504242000	1504245599	27	39.2041666667,-8.8063888889	39.1211111111,-8.6705555556	39.0291666667,-8.5794444444	38.8866666667,-8.5061111111	38.7666666667,-8.4902777778	38.6666666667,-8.5038888889	38.5333333333,-8.5683333333	38.45,-8.6438888889	38.35,-8.7908333333	38.2841666667,-9.0	38.2788888889,-9.2269444444	38.3175,-9.3913888889	38.4208333333,-9.5872222222	38.5241666667,-9.6875	38.6533333333,-9.7541666667	38.7577777778,-9.7716666667	38.8405555556,-9.7672222222	38.8136111111,-9.6611111111	38.7591666667,-9.4525	38.7519444444,-9.3711111111	38.7694444444,-9.3116666667	38.79,-9.2880555556	38.8277777778,-9.2552777778	38.9486111111,-9.1908333333	38.9605555556,-9.1844444444	39.1361111111,-9.0902777778	39.2041666667,-8.8063888889
345	365	1504242000	1504245599	17	39.6861111111,-6.4138888889	39.5244444444,-6.4347222222	39.3294444444,-6.4586111111	39.2308333333,-6.7111111111	39.2161111111,-6.8663888889	39.1566666667,-7.0158333333	39.1252777778,-7.06	39.1611111111,-7.15	39.2194444444,-7.2233333333	39.33,-7.3025	39.5288888889,-7.3663888889	39.5388888889,-7.3866666667	39.6630555556,-7.5008333333	39.6666666667,-7.0	39.6861111111,-7.0	39.6861111111,-6.5638888889	39.6861111111,-6.4138888889
345	365	1504242000	1504245599	8	38.7313888889,-7.22	38.69,-7.2077777778	38.5741666667,-7.1263888889	38.3461111111,-7.1675	38.5002777778,-7.3	38.5525,-7.2819444444	38.6333333333,-7.25	38.7313888889,-7.22
345	365	1504242000	1504245599	42	40.3994444444,-6.8183333333	40.3638888889,-6.7833333333	40.1255555556,-6.9919444444	39.9944444444,-6.8744444444	39.8936111111,-6.8736111111	39.8763888889,-6.8736111111	39.6861111111,-7.0	39.6666666667,-7.0	39.6630555556,-7.5008333333	39.5388888889,-7.3866666667	39.5288888889,-7.3663888889	39.33,-7.3025	39.2194444444,-7.2233333333	39.1611111111,-7.15	39.1252777778,-7.06	39.1088888889,-7.0283333333	39.0,-7.0483333333	38.8447222222,-7.075	38.8138888889,-7.0986111111	38.8105555556,-7.1258333333	38.7961111111,-7.1472222222	38.7786111111,-7.1572222222	38.7683333333,-7.1877777778	38.7505555556,-7.1977777778	38.7313888889,-7.22	38.6333333333,-7.25	38.5525,-7.2819444444	38.5002777778,-7.3	38.3461111111,-7.1675	38.0375,-7.2227777778	37.9994444444,-7.23	38.0,-8.6944444444	38.1266666667,-8.7938888889	38.2002777778,-8.6736111111	38.2755555556,-8.5430555556	38.3666666667,-8.4	38.8333333333,-8.0166666667	39.1638888889,-8.0186111111	39.2219444444,-8.0166666667	39.3191666667,-8.0166666667	39.3833333333,-8.0166666667	40.3994444444,-6.8183333333
345	365	1504242000	1504245599	14	40.5836111111,-6.3025	40.0177777778,-6.3736111111	39.8597222222,-6.3933333333	39.8016666667,-6.4005555556	39.6861111111,-6.4138888889	39.6861111111,-6.5638888889	39.7808333333,-6.6286111111	39.8763888889,-6.8736111111	39.8936111111,-6.8736111111	39.9944444444,-6.8744444444	40.1255555556,-6.9919444444	40.3638888889,-6.7833333333	40.3994444444,-6.8183333333	40.5836111111,-6.3025
345	365	1504242000	1504245599	12	39.1361111111,-9.0902777778	38.9605555556,-9.1844444444	38.9486111111,-9.1908333333	38.8277777778,-9.2552777778	38.79,-9.2880555556	38.7694444444,-9.3116666667	38.7519444444,-9.3711111111	38.7591666667,-9.4525	38.8136111111,-9.6611111111	38.8405555556,-9.7672222222	38.9,-10.0	39.1361111111,-9.0902777778
345	365	1504242000	1504245599	5	39.8763888889,-6.8736111111	39.7808333333,-6.6286111111	39.6861111111,-6.5638888889	39.6861111111,-7.0	39.8763888889,-6.8736111111
345	365	1504242000	1504245599	5	38.1266666667,-8.7938888889	38.0,-8.6944444444	38.0,-9.0	38.0733333333,-8.8791666667	38.1266666667,-8.7938888889
345	365	1504242000	1504245599	7	39.2308333333,-6.7111111111	39.1166666667,-7.0166666667	39.1088888889,-7.0283333333	39.1252777778,-7.06	39.1566666667,-7.0158333333	39.2161111111,-6.8663888889	39.2308333333,-6.7111111111
345	365	1504242000	1504245599	11	38.8447222222,-7.075	38.5741666667,-7.1263888889	38.69,-7.2077777778	38.7313888889,-7.22	38.7505555556,-7.1977777778	38.7683333333,-7.1877777778	38.7786111111,-7.1572222222	38.7961111111,-7.1472222222	38.8105555556,-7.1258333333	38.8138888889,-7.0986111111	38.8447222222,-7.075
345	365	1504242000	1504245599	43	39.3833333333,-8.0166666667	39.3191666667,-8.0166666667	39.2219444444,-8.0166666667	39.1638888889,-8.0186111111	38.8333333333,-8.0166666667	38.3666666667,-8.4	38.2755555556,-8.5430555556	38.2002777778,-8.6736111111	38.1266666667,-8.7938888889	38.0733333333,-8.8791666667	38.0,-9.0	38.0,-9.1144444444	38.0,-9.2	38.0,-9.3344444444	38.0,-9.45	38.0,-9.5908333333	38.0,-9.8175	38.0,-10.0	38.0152777778,-10.0	38.1794444444,-10.0	38.3333333333,-10.0	38.545,-10.0	38.9,-10.0	38.8405555556,-9.7672222222	38.7577777778,-9.7716666667	38.6533333333,-9.7541666667	38.5241666667,-9.6875	38.4208333333,-9.5872222222	38.3175,-9.3913888889	38.2788888889,-9.2269444444	38.2841666667,-9.0	38.35,-8.7908333333	38.45,-8.6438888889	38.5333333333,-8.5683333333	38.6666666667,-8.5038888889	38.7666666667,-8.4902777778	38.8866666667,-8.5061111111	39.0291666667,-8.5794444444	39.1211111111,-8.6705555556	39.2041666667,-8.8063888889	39.2102777778,-8.7911111111	39.3069444444,-8.3583333333	39.3833333333,-8.0166666667
365	999	1504242000	1504245599	17	39.6861111111,-6.4138888889	39.5244444444,-6.4347222222	39.3294444444,-6.4586111111	39.2308333333,-6.7111111111	39.2161111111,-6.8663888889	39.1566666667,-7.0158333333	39.1252777778,-7.06	39.1611111111,-7.15	39.2194444444,-7.2233333333	39.33,-7.3025	39.5288888889,-7.3663888889	39.5388888889,-7.3866666667	39.6630555556,-7.5008333333	39.6666666667,-7.0	39.6861111111,-7.0	39.6861111111,-6.5638888889	39.6861111111,-6.4138888889
365	999	1504242000	1504245599	27	39.2041666667,-8.8063888889	39.1211111111,-8.6705555556	39.0291666667,-8.5794444444	38.8866666667,-8.5061111111	38.7666666667,-8.4902777778	38.6666666667,-8.5038888889	38.5333333333,-8.5683333333	38.45,-8.6438888889	38.35,-8.7908333333	38.2841666667,-9.0	38.2788888889,-9.2269444444	38.3175,-9.3913888889	38.4208333333,-9.5872222222	38.5241666667,-9.6875	38.6533333333,-9.7541666667	38.7577777778,-9.7716666667	38.8405555556,-9.7672222222	38.8136111111,-9.6611111111	38.7591666667,-9.4525	38.7519444444,-9.3711111111	38.7694444444,-9.3116666667	38.79,-9.2880555556	38.8277777778,-9.2552777778	38.9486111111,-9.1908333333	38.9605555556,-9.1844444444	39.1361111111,-9.0902777778	39.2041666667,-8.8063888889
365	999	1504242000	1504245599	8	38.7313888889,-7.22	38.69,-7.2077777778	38.5741666667,-7.1263888889	38.3461111111,-7.1675	38.5002777778,-7.3	38.5525,-7.2819444444	38.6333333333,-7.25	38.7313888889,-7.22
365	999	1504242000	1504245599	42	40.3994444444,-6.8183333333	40.3638888889,-6.7833333333	40.1255555556,-6.9919444444	39.9944444444,-6.8744444444	39.8936111111,-6.8736111111	39.8763888889,-6.8736111111	39.6861111111,-7.0	39.6666666667,-7.0	39.6630555556,-7.5008333333	39.5388888889,-7.3866666667	39.5288888889,-7.3663888889	39.33,-7.3025	39.2194444444,-7.2233333333	39.1611111111,-7.15	39.1252777778,-7.06	39.1088888889,-7.0283333333	39.0,-7.0483333333	38.8447222222,-7.075	38.8138888889,-7.0986111111	38.8105555556,-7.1258333333	38.7961111111,-7.1472222222	38.7786111111,-7.1572222222	38.7683333333,-7.1877777778	38.7505555556,-7.1977777778	38.7313888889,-7.22	38.6333333333,-7.25	38.5525,-7.2819444444	38.5002777778,-7.3	38.3461111111,-7.1675	38.0375,-7.2227777778	37.9994444444,-7.23	38.0,-8.6944444444	38.1266666667,-8.7938888889	38.2002777778,-8.6736111111	38.2755555556,-8.5430555556	38.3666666667,-8.4	38.8333333333,-8.0166666667	39.1638888889,-8.0186111111	39.2219444444,-8.0166666667	39.3191666667,-8.0166666667	39.3833333333,-8.0166666667	40.3994444444,-6.8183333333
365	999	1504242000	1504245599	14	40.5836111111,-6.3025	40.0177777778,-6.3736111111	39.8597222222,-6.3933333333	39.8016666667,-6.4005555556	39.6861111111,-6.4138888889	39.6861111111,-6.5638888889	39.7808333333,-6.6286111111	39.8763888889,-6.8736111111	39.8936111111,-6.8736111111	39.9944444444,-6.8744444444	40.1255555556,-6.9919444444	40.3638888889,-6.7833333333	40.3994444444,-6.8183333333	40.5836111111,-6.3025
365	999	1504242000	1504245599	12	39.1361111111,-9.0902777778	38.9605555556,-9.1844444444	38.9486111111,-9.1908333333	38.8277777778,-9.2552777778	38.79,-9.2880555556	38.7694444444,-9.3116666667	38.7519444444,-9.3711111111	38.7591666667,-9.4525	38.8136111111,-9.6611111111	38.8405555556,-9.7672222222	38.9,-10.0	39.1361111111,-9.0902777778
365	999	1504242000	1504245599	5	39.8763888889,-6.8736111111	39.7808333333,-6.6286111111	39.6861111111,-6.5638888889	39.6861111111,-7.0	39.8763888889,-6.8736111111
365	999	1504242000	1504245599	5	38.1266666667,-8.7938888889	38.0,-8.6944444444	38.0,-9.0	38.0733333333,-8.8791666667	38.1266666667,-8.7938888889
365	999	1504242000	1504245599	7	39.2308333333,-6.7111111111	39.1166666667,-7.0166666667	39.1088888889,-7.0283333333	39.1252777778,-7.06	39.1566666667,-7.0158333333	39.2161111111,-6.8663888889	39.2308333333,-6.7111111111
365	999	1504242000	1504245599	11	38.8447222222,-7.075	38.5741666667,-7.1263888889	38.69,-7.2077777778	38.7313888889,-7.22	38.7505555556,-7.1977777778	38.7683333333,-7.1877777778	38.7786111111,-7.1572222222	38.7961111111,-7.1472222222	38.8105555556,-7.1258333333	38.8138888889,-7.0986111111	38.8447222222,-7.075
365	999	1504242000	1504245599	43	39.3833333333,-8.0166666667	39.3191666667,-8.0166666667	39.2219444444,-8.0166666667	39.1638888889,-8.0186111111	38.8333333333,-8.0166666667	38.3666666667,-8.4	38.2755555556,-8.5430555556	38.2002777778,-8.6736111111	38.1266666667,-8.7938888889	38.0733333333,-8.8791666667	38.0,-9.0	38.0,-9.1144444444	38.0,-9.2	38.0,-9.3344444444	38.0,-9.45	38.0,-9.5908333333	38.0,-9.8175	38.0,-10.0	38.0152777778,-10.0	38.1794444444,-10.0	38.3333333333,-10.0	38.545,-10.0	38.9,-10.0	38.8405555556,-9.7672222222	38.7577777778,-9.7716666667	38.6533333333,-9.7541666667	38.5241666667,-9.6875	38.4208333333,-9.5872222222	38.3175,-9.3913888889	38.2788888889,-9.2269444444	38.2841666667,-9.0	38.35,-8.7908333333	38.45,-8.6438888889	38.5333333333,-8.5683333333	38.6666666667,-8.5038888889	38.7666666667,-8.4902777778	38.8866666667,-8.5061111111	39.0291666667,-8.5794444444	39.1211111111,-8.6705555556	39.2041666667,-8.8063888889	39.2102777778,-8.7911111111	39.3069444444,-8.3583333333	39.3833333333,-8.0166666667
