16
165	285	1504224000	1504245599	15	44.2166666667,18.175	44.2166666667,18.25	44.3,18.425	44.3,18.8333333333	43.5825,18.8333333333	43.5166666667,18.8333333333	43.5166666667,18.25	43.6666666667,18.0591666667	43.9319444444,17.7291666667	43.9625,17.7180555556	44.1158333333,17.6613888889	44.2530555556,17.7144444444	44.3705555556,17.7597222222	44.4638888889,17.7913888889	44.2166666667,18.175
95	285	1504224000	1504245599	7	44.8369444444,17.0030555556	44.7452777778,17.1555555556	44.3705555556,17.7597222222	44.2530555556,17.7144444444	44.6936111111,16.9525	44.7097222222,16.9580555556	44.8369444444,17.0030555556
95	285	1504224000	1504245599	46	45.0447222222,17.8616666667	45.0613888889,17.8916666667	45.1144444444,17.9594444444	45.1144444444,17.965	45.14,18.0452777778	45.1266666667,18.0727777778	45.0808333333,18.1272222222	45.0930555556,18.2155555556	45.1161111111,18.2163888889	45.1019444444,18.3816666667	45.0833333333,18.6666666667	44.9991666667,18.7275	44.85,18.8333333333	44.8508333333,18.9869444444	44.8713888889,19.0097222222	44.85,19.0333333333	44.8858333333,19.3641666667	44.7130555556,19.3075	44.6872222222,19.2988888889	44.5963888889,19.105	44.3188888889,19.1311111111	44.1366666667,19.1802777778	43.7733333333,19.2416666667	43.5316666667,19.1444444444	43.5172222222,18.9441666667	43.4772222222,18.7872222222	43.3486111111,18.6986111111	43.1427777778,18.5580555556	42.9955555556,18.4983333333	42.5833333333,18.5530555556	42.8022222222,18.1305555556	42.8933333333,17.9525	43.0,18.25	43.335,18.25	43.5166666667,18.25	43.5166666667,18.8333333333	43.5825,18.8333333333	44.3,18.8333333333	44.3,19.0	44.6333333333,19.0	44.75,18.75	45.0333333333,18.3333333333	45.05,18.05	44.9841666667,17.9694444444	45.0177777778,17.9116666667	45.0447222222,17.8616666667
95	285	1504224000	1504245599	23	44.2530555556,17.7144444444	44.1158333333,17.6613888889	43.9625,17.7180555556	43.9319444444,17.7291666667	43.6666666667,18.0591666667	43.4575,17.29	43.4527777778,17.2558333333	43.4844444444,17.2441666667	43.4966666667,17.2155555556	43.4958333333,17.1994444444	43.5169444444,17.125	43.5586111111,17.04	43.6333333333,16.9466666667	43.7366666667,16.8227777778	43.8016666667,16.7475	43.8238888889,16.7219444444	43.8761111111,16.6711111111	44.3036111111,16.8163888889	44.5483333333,16.9013888889	44.5688888889,16.9086111111	44.5894444444,16.9158333333	44.6936111111,16.9525	44.2530555556,17.7144444444
285	325	1504224000	1504245599	13	43.4575,17.29	43.6666666667,18.0591666667	43.5166666667,18.25	43.335,18.25	43.0,18.25	42.8933333333,17.9525	43.0416666667,17.6616666667	43.1802777778,17.4308333333	43.2402777778,17.3055555556	43.3052777778,17.2880555556	43.3516666667,17.2772222222	43.4527777778,17.2558333333	43.4575,17.29
285	325	1504224000	1504245599	8	44.3705555556,17.7597222222	44.7452777778,17.1555555556	44.8369444444,17.0030555556	44.9647222222,17.0594444444	44.7266666667,17.345	44.5316666667,17.8194444444	44.4638888889,17.7913888889	44.3705555556,17.7597222222
285	325	1504224000	1504245599	46	45.0447222222,17.8616666667	45.0613888889,17.8916666667	45.1144444444,17.9594444444	45.1144444444,17.965	45.14,18.0452777778	45.1266666667,18.0727777778	45.0808333333,18.1272222222	45.0930555556,18.2155555556	45.1161111111,18.2163888889	45.1019444444,18.3816666667	45.0833333333,18.6666666667	44.9991666667,18.7275	44.85,18.8333333333	44.8508333333,18.9869444444	44.8713888889,19.0097222222	44.85,19.0333333333	44.8858333333,19.3641666667	44.7130555556,19.3075	44.6872222222,19.2988888889	44.5963888889,19.105	44.3188888889,19.1311111111	44.1366666667,19.1802777778	43.7733333333,19.2416666667	43.5316666667,19.1444444444	43.5172222222,18.9441666667	43.4772222222,18.7872222222	43.3486111111,18.6986111111	43.1427777778,18.5580555556	42.9955555556,18.4983333333	42.5833333333,18.5530555556	42.8022222222,18.1305555556	42.8933333333,17.9525	43.0,18.25	43.335,18.25	43.5166666667,18.25	43.5166666667,18.8333333333	43.5825,18.8333333333	44.3,18.8333333333	44.3,19.0	44.6333333333,19.0	44.75,18.75	45.0333333333,18.3333333333	45.05,18.05	44.9841666667,17.9694444444	45.0177777778,17.9116666667	45.0447222222,17.8616666667
285	325	1504224000	1504245599	26	45.1527777778,17.2533333333	45.1736111111,17.2952777778	45.1402777778,17.3569444444	45.1347222222,17.3669444444	45.135,17.3994444444	45.1344444444,17.4088888889	45.1580555556,17.4511111111	45.1294444444,17.4558333333	45.1377777778,17.4858333333	45.1133333333,17.4958333333	45.1033333333,17.5169444444	45.1166666667,17.5511111111	45.1166666667,17.6627777778	45.0444444444,17.8394444444	45.0447222222,17.8616666667	45.0177777778,17.9116666667	44.9841666667,17.9694444444	44.5316666667,17.8194444444	44.7266666667,17.345	44.9647222222,17.0594444444	45.0616666667,17.1130555556	45.1344444444,17.1533333333	45.1533333333,17.1638888889	45.1463888889,17.1802777778	45.1413888889,17.2316666667	45.1527777778,17.2533333333
285	325	1504224000	1504245599	15	44.2166666667,18.175	44.2166666667,18.25	44.3,18.425	44.3,18.8333333333	43.5825,18.8333333333	43.5166666667,18.8333333333	43.5166666667,18.25	43.6666666667,18.0591666667	43.9319444444,17.7291666667	43.9625,17.7180555556	44.1158333333,17.6613888889	44.2530555556,17.7144444444	44.3705555556,17.7597222222	44.4638888889,17.7913888889	44.2166666667,18.175
285	325	1504224000	1504245599	7	44.8369444444,17.0030555556	44.7452777778,17.1555555556	44.3705555556,17.7597222222	44.2530555556,17.7144444444	44.6936111111,16.9525	44.7097222222,16.9580555556	44.8369444444,17.0030555556
285	325	1504224000	1504245599	13	44.3,18.8333333333	44.3,18.425	44.2166666667,18.25	44.2166666667,18.175	44.4638888889,17.7913888889	44.5316666667,17.8194444444	44.9841666667,17.9694444444	45.05,18.05	45.0333333333,18.3333333333	44.75,18.75	44.6333333333,19.0	44.3,19.0	44.3,18.8333333333
285	325	1504224000	1504245599	23	44.2530555556,17.7144444444	44.1158333333,17.6613888889	43.9625,17.7180555556	43.9319444444,17.7291666667	43.6666666667,18.0591666667	43.4575,17.29	43.4527777778,17.2558333333	43.4844444444,17.2441666667	43.4966666667,17.2155555556	43.4958333333,17.1994444444	43.5169444444,17.125	43.5586111111,17.04	43.6333333333,16.9466666667	43.7366666667,16.8227777778	43.8016666667,16.7475	43.8238888889,16.7219444444	43.8761111111,16.6711111111	44.3036111111,16.8163888889	44.5483333333,16.9013888889	44.5688888889,16.9086111111	44.5894444444,16.9158333333	44.6936111111,16.9525	44.2530555556,17.7144444444
125	285	1504224000	1504245599	26	45.1527777778,17.2533333333	45.1736111111,17.2952777778	45.1402777778,17.3569444444	45.1347222222,17.3669444444	45.135,17.3994444444	45.1344444444,17.4088888889	45.1580555556,17.4511111111	45.1294444444,17.4558333333	45.1377777778,17.4858333333	45.1133333333,17.4958333333	45.1033333333,17.5169444444	45.1166666667,17.5511111111	45.1166666667,17.6627777778	45.0444444444,17.8394444444	45.0447222222,17.8616666667	45.0177777778,17.9116666667	44.9841666667,17.9694444444	44.5316666667,17.8194444444	44.7266666667,17.345	44.9647222222,17.0594444444	45.0616666667,17.1130555556	45.1344444444,17.1533333333	45.1533333333,17.1638888889	45.1463888889,17.1802777778	45.1413888889,17.2316666667	45.1527777778,17.2533333333
125	285	1504224000	1504245599	8	44.3705555556,17.7597222222	44.7452777778,17.1555555556	44.8369444444,17.0030555556	44.9647222222,17.0594444444	44.7266666667,17.345	44.5316666667,17.8194444444	44.4638888889,17.7913888889	44.3705555556,17.7597222222
155	285	1504224000	1504245599	13	43.4575,17.29	43.6666666667,18.0591666667	43.5166666667,18.25	43.335,18.25	43.0,18.25	42.8933333333,17.9525	43.0416666667,17.6616666667	43.1802777778,17.4308333333	43.2402777778,17.3055555556	43.3052777778,17.2880555556	43.3516666667,17.2772222222	43.4527777778,17.2558333333	43.4575,17.29
155	285	1504224000	1504245599	13	44.3,18.8333333333	44.3,18.425	44.2166666667,18.25	44.2166666667,18.175	44.4638888889,17.7913888889	44.5316666667,17.8194444444	44.9841666667,17.9694444444	45.05,18.05	45.0333333333,18.3333333333	44.75,18.75	44.6333333333,19.0	44.3,19.0	44.3,18.8333333333
