36
385	999	1504224000	1504310399	7	46.0488888889,24.4194444444	46.2080555556,25.0	45.6333333333,25.0	45.6333333333,24.9127777778	45.8094444444,24.7061111111	45.9041666667,24.5847222222	46.0488888889,24.4194444444
385	999	1504224000	1504310399	14	44.1405555556,27.0169444444	44.1505555556,27.1375	44.1263888889,27.2138888889	44.1344444444,27.2777777778	44.0855555556,27.3033333333	44.0666666667,27.37	44.0280555556,27.4086111111	44.0347222222,27.5005555556	44.0238888889,27.6191666667	44.0505555556,27.6572222222	43.9619444444,27.7311111111	43.9611111111,27.7930555556	43.8833333333,27.7541666667	44.1405555556,27.0169444444
385	999	1504224000	1504310399	29	46.2080555556,25.0	46.3872222222,25.6555555556	45.6305555556,27.2472222222	45.5044444444,27.325	45.0608333333,27.5955555556	44.925,27.8225	44.8230555556,27.7536111111	44.6558333333,27.6547222222	44.5108333333,27.5541666667	44.1344444444,27.2777777778	44.1263888889,27.2138888889	44.1505555556,27.1375	44.1405555556,27.0169444444	44.1333333333,26.9916666667	44.0822222222,26.8266666667	44.0638888889,26.6625	44.2038888889,26.475	44.3333333333,27.0	44.6402777778,26.9816666667	44.6952777778,26.9786111111	44.8897222222,26.9669444444	45.0377777778,26.5602777778	45.0761111111,26.4541666667	45.0777777778,25.7258333333	45.0775,25.5575	45.3625,25.2294444444	45.6333333333,24.9127777778	45.6333333333,25.0	46.2080555556,25.0
385	999	1504224000	1504310399	15	45.0775,25.5575	45.0777777778,25.7258333333	45.0761111111,26.4541666667	45.0377777778,26.5602777778	44.8897222222,26.9669444444	44.6952777778,26.9786111111	44.6402777778,26.9816666667	44.3333333333,27.0	44.2038888889,26.475	44.4388888889,26.1530555556	44.5763888889,26.0394444444	44.6730555556,25.9561111111	44.7330555556,25.9038888889	44.905,25.7541666667	45.0775,25.5575
175	315	1504224000	1504310399	7	46.0488888889,24.4194444444	46.2080555556,25.0	45.6333333333,25.0	45.6333333333,24.9127777778	45.8094444444,24.7061111111	45.9041666667,24.5847222222	46.0488888889,24.4194444444
175	315	1504224000	1504310399	15	45.0775,25.5575	45.0777777778,25.7258333333	45.0761111111,26.4541666667	45.0377777778,26.5602777778	44.8897222222,26.9669444444	44.6952777778,26.9786111111	44.6402777778,26.9816666667	44.3333333333,27.0	44.2038888889,26.475	44.4388888889,26.1530555556	44.5763888889,26.0394444444	44.6730555556,25.9561111111	44.7330555556,25.9038888889	44.905,25.7541666667	45.0775,25.5575
0	315	1504224000	1504310399	29	46.2080555556,25.0	46.3872222222,25.6555555556	45.6305555556,27.2472222222	45.5044444444,27.325	45.0608333333,27.5955555556	44.925,27.8225	44.8230555556,27.7536111111	44.6558333333,27.6547222222	44.5108333333,27.5541666667	44.1344444444,27.2777777778	44.1263888889,27.2138888889	44.1505555556,27.1375	44.1405555556,27.0169444444	44.1333333333,26.9916666667	44.0822222222,26.8266666667	44.0638888889,26.6625	44.2038888889,26.475	44.3333333333,27.0	44.6402777778,26.9816666667	44.6952777778,26.9786111111	44.8897222222,26.9669444444	45.0377777778,26.5602777778	45.0761111111,26.4541666667	45.0777777778,25.7258333333	45.0775,25.5575	45.3625,25.2294444444	45.6333333333,24.9127777778	45.6333333333,25.0	46.2080555556,25.0
365	375	1504224000	1504310399	7	46.0488888889,24.4194444444	46.2080555556,25.0	45.6333333333,25.0	45.6333333333,24.9127777778	45.8094444444,24.7061111111	45.9041666667,24.5847222222	46.0488888889,24.4194444444
365	375	1504224000	1504310399	14	44.1405555556,27.0169444444	44.1505555556,27.1375	44.1263888889,27.2138888889	44.1344444444,27.2777777778	44.0855555556,27.3033333333	44.0666666667,27.37	44.0280555556,27.4086111111	44.0347222222,27.5005555556	44.0238888889,27.6191666667	44.0505555556,27.6572222222	43.9619444444,27.7311111111	43.9611111111,27.7930555556	43.8833333333,27.7541666667	44.1405555556,27.0169444444
365	375	1504224000	1504310399	29	46.2080555556,25.0	46.3872222222,25.6555555556	45.6305555556,27.2472222222	45.5044444444,27.325	45.0608333333,27.5955555556	44.925,27.8225	44.8230555556,27.7536111111	44.6558333333,27.6547222222	44.5108333333,27.5541666667	44.1344444444,27.2777777778	44.1263888889,27.2138888889	44.1505555556,27.1375	44.1405555556,27.0169444444	44.1333333333,26.9916666667	44.0822222222,26.8266666667	44.0638888889,26.6625	44.2038888889,26.475	44.3333333333,27.0	44.6402777778,26.9816666667	44.6952777778,26.9786111111	44.8897222222,26.9669444444	45.0377777778,26.5602777778	45.0761111111,26.4541666667	45.0777777778,25.7258333333	45.0775,25.5575	45.3625,25.2294444444	45.6333333333,24.9127777778	45.6333333333,25.0	46.2080555556,25.0
365	375	1504224000	1504310399	15	45.0775,25.5575	45.0777777778,25.7258333333	45.0761111111,26.4541666667	45.0377777778,26.5602777778	44.8897222222,26.9669444444	44.6952777778,26.9786111111	44.6402777778,26.9816666667	44.3333333333,27.0	44.2038888889,26.475	44.4388888889,26.1530555556	44.5763888889,26.0394444444	44.6730555556,25.9561111111	44.7330555556,25.9038888889	44.905,25.7541666667	45.0775,25.5575
335	345	1504224000	1504310399	7	46.0488888889,24.4194444444	46.2080555556,25.0	45.6333333333,25.0	45.6333333333,24.9127777778	45.8094444444,24.7061111111	45.9041666667,24.5847222222	46.0488888889,24.4194444444
335	345	1504224000	1504310399	14	44.1405555556,27.0169444444	44.1505555556,27.1375	44.1263888889,27.2138888889	44.1344444444,27.2777777778	44.0855555556,27.3033333333	44.0666666667,27.37	44.0280555556,27.4086111111	44.0347222222,27.5005555556	44.0238888889,27.6191666667	44.0505555556,27.6572222222	43.9619444444,27.7311111111	43.9611111111,27.7930555556	43.8833333333,27.7541666667	44.1405555556,27.0169444444
335	345	1504224000	1504310399	29	46.2080555556,25.0	46.3872222222,25.6555555556	45.6305555556,27.2472222222	45.5044444444,27.325	45.0608333333,27.5955555556	44.925,27.8225	44.8230555556,27.7536111111	44.6558333333,27.6547222222	44.5108333333,27.5541666667	44.1344444444,27.2777777778	44.1263888889,27.2138888889	44.1505555556,27.1375	44.1405555556,27.0169444444	44.1333333333,26.9916666667	44.0822222222,26.8266666667	44.0638888889,26.6625	44.2038888889,26.475	44.3333333333,27.0	44.6402777778,26.9816666667	44.6952777778,26.9786111111	44.8897222222,26.9669444444	45.0377777778,26.5602777778	45.0761111111,26.4541666667	45.0777777778,25.7258333333	45.0775,25.5575	45.3625,25.2294444444	45.6333333333,24.9127777778	45.6333333333,25.0	46.2080555556,25.0
335	345	1504224000	1504310399	15	45.0775,25.5575	45.0777777778,25.7258333333	45.0761111111,26.4541666667	45.0377777778,26.5602777778	44.8897222222,26.9669444444	44.6952777778,26.9786111111	44.6402777778,26.9816666667	44.3333333333,27.0	44.2038888889,26.475	44.4388888889,26.1530555556	44.5763888889,26.0394444444	44.6730555556,25.9561111111	44.7330555556,25.9038888889	44.905,25.7541666667	45.0775,25.5575
355	365	1504224000	1504310399	7	46.0488888889,24.4194444444	46.2080555556,25.0	45.6333333333,25.0	45.6333333333,24.9127777778	45.8094444444,24.7061111111	45.9041666667,24.5847222222	46.0488888889,24.4194444444
355	365	1504224000	1504310399	14	44.1405555556,27.0169444444	44.1505555556,27.1375	44.1263888889,27.2138888889	44.1344444444,27.2777777778	44.0855555556,27.3033333333	44.0666666667,27.37	44.0280555556,27.4086111111	44.0347222222,27.5005555556	44.0238888889,27.6191666667	44.0505555556,27.6572222222	43.9619444444,27.7311111111	43.9611111111,27.7930555556	43.8833333333,27.7541666667	44.1405555556,27.0169444444
355	365	1504224000	1504310399	29	46.2080555556,25.0	46.3872222222,25.6555555556	45.6305555556,27.2472222222	45.5044444444,27.325	45.0608333333,27.5955555556	44.925,27.8225	44.8230555556,27.7536111111	44.6558333333,27.6547222222	44.5108333333,27.5541666667	44.1344444444,27.2777777778	44.1263888889,27.2138888889	44.1505555556,27.1375	44.1405555556,27.0169444444	44.1333333333,26.9916666667	44.0822222222,26.8266666667	44.0638888889,26.6625	44.2038888889,26.475	44.3333333333,27.0	44.6402777778,26.9816666667	44.6952777778,26.9786111111	44.8897222222,26.9669444444	45.0377777778,26.5602777778	45.0761111111,26.4541666667	45.0777777778,25.7258333333	45.0775,25.5575	45.3625,25.2294444444	45.6333333333,24.9127777778	45.6333333333,25.0	46.2080555556,25.0
355	365	1504224000	1504310399	15	45.0775,25.5575	45.0777777778,25.7258333333	45.0761111111,26.4541666667	45.0377777778,26.5602777778	44.8897222222,26.9669444444	44.6952777778,26.9786111111	44.6402777778,26.9816666667	44.3333333333,27.0	44.2038888889,26.475	44.4388888889,26.1530555556	44.5763888889,26.0394444444	44.6730555556,25.9561111111	44.7330555556,25.9038888889	44.905,25.7541666667	45.0775,25.5575
375	385	1504224000	1504310399	7	46.0488888889,24.4194444444	46.2080555556,25.0	45.6333333333,25.0	45.6333333333,24.9127777778	45.8094444444,24.7061111111	45.9041666667,24.5847222222	46.0488888889,24.4194444444
375	385	1504224000	1504310399	14	44.1405555556,27.0169444444	44.1505555556,27.1375	44.1263888889,27.2138888889	44.1344444444,27.2777777778	44.0855555556,27.3033333333	44.0666666667,27.37	44.0280555556,27.4086111111	44.0347222222,27.5005555556	44.0238888889,27.6191666667	44.0505555556,27.6572222222	43.9619444444,27.7311111111	43.9611111111,27.7930555556	43.8833333333,27.7541666667	44.1405555556,27.0169444444
375	385	1504224000	1504310399	29	46.2080555556,25.0	46.3872222222,25.6555555556	45.6305555556,27.2472222222	45.5044444444,27.325	45.0608333333,27.5955555556	44.925,27.8225	44.8230555556,27.7536111111	44.6558333333,27.6547222222	44.5108333333,27.5541666667	44.1344444444,27.2777777778	44.1263888889,27.2138888889	44.1505555556,27.1375	44.1405555556,27.0169444444	44.1333333333,26.9916666667	44.0822222222,26.8266666667	44.0638888889,26.6625	44.2038888889,26.475	44.3333333333,27.0	44.6402777778,26.9816666667	44.6952777778,26.9786111111	44.8897222222,26.9669444444	45.0377777778,26.5602777778	45.0761111111,26.4541666667	45.0777777778,25.7258333333	45.0775,25.5575	45.3625,25.2294444444	45.6333333333,24.9127777778	45.6333333333,25.0	46.2080555556,25.0
375	385	1504224000	1504310399	15	45.0775,25.5575	45.0777777778,25.7258333333	45.0761111111,26.4541666667	45.0377777778,26.5602777778	44.8897222222,26.9669444444	44.6952777778,26.9786111111	44.6402777778,26.9816666667	44.3333333333,27.0	44.2038888889,26.475	44.4388888889,26.1530555556	44.5763888889,26.0394444444	44.6730555556,25.9561111111	44.7330555556,25.9038888889	44.905,25.7541666667	45.0775,25.5575
325	335	1504224000	1504310399	7	46.0488888889,24.4194444444	46.2080555556,25.0	45.6333333333,25.0	45.6333333333,24.9127777778	45.8094444444,24.7061111111	45.9041666667,24.5847222222	46.0488888889,24.4194444444
325	335	1504224000	1504310399	14	44.1405555556,27.0169444444	44.1505555556,27.1375	44.1263888889,27.2138888889	44.1344444444,27.2777777778	44.0855555556,27.3033333333	44.0666666667,27.37	44.0280555556,27.4086111111	44.0347222222,27.5005555556	44.0238888889,27.6191666667	44.0505555556,27.6572222222	43.9619444444,27.7311111111	43.9611111111,27.7930555556	43.8833333333,27.7541666667	44.1405555556,27.0169444444
325	335	1504224000	1504310399	29	46.2080555556,25.0	46.3872222222,25.6555555556	45.6305555556,27.2472222222	45.5044444444,27.325	45.0608333333,27.5955555556	44.925,27.8225	44.8230555556,27.7536111111	44.6558333333,27.6547222222	44.5108333333,27.5541666667	44.1344444444,27.2777777778	44.1263888889,27.2138888889	44.1505555556,27.1375	44.1405555556,27.0169444444	44.1333333333,26.9916666667	44.0822222222,26.8266666667	44.0638888889,26.6625	44.2038888889,26.475	44.3333333333,27.0	44.6402777778,26.9816666667	44.6952777778,26.9786111111	44.8897222222,26.9669444444	45.0377777778,26.5602777778	45.0761111111,26.4541666667	45.0777777778,25.7258333333	45.0775,25.5575	45.3625,25.2294444444	45.6333333333,24.9127777778	45.6333333333,25.0	46.2080555556,25.0
325	335	1504224000	1504310399	15	45.0775,25.5575	45.0777777778,25.7258333333	45.0761111111,26.4541666667	45.0377777778,26.5602777778	44.8897222222,26.9669444444	44.6952777778,26.9786111111	44.6402777778,26.9816666667	44.3333333333,27.0	44.2038888889,26.475	44.4388888889,26.1530555556	44.5763888889,26.0394444444	44.6730555556,25.9561111111	44.7330555556,25.9038888889	44.905,25.7541666667	45.0775,25.5575
315	325	1504224000	1504310399	7	46.0488888889,24.4194444444	46.2080555556,25.0	45.6333333333,25.0	45.6333333333,24.9127777778	45.8094444444,24.7061111111	45.9041666667,24.5847222222	46.0488888889,24.4194444444
315	325	1504224000	1504310399	14	44.1405555556,27.0169444444	44.1505555556,27.1375	44.1263888889,27.2138888889	44.1344444444,27.2777777778	44.0855555556,27.3033333333	44.0666666667,27.37	44.0280555556,27.4086111111	44.0347222222,27.5005555556	44.0238888889,27.6191666667	44.0505555556,27.6572222222	43.9619444444,27.7311111111	43.9611111111,27.7930555556	43.8833333333,27.7541666667	44.1405555556,27.0169444444
315	325	1504224000	1504310399	29	46.2080555556,25.0	46.3872222222,25.6555555556	45.6305555556,27.2472222222	45.5044444444,27.325	45.0608333333,27.5955555556	44.925,27.8225	44.8230555556,27.7536111111	44.6558333333,27.6547222222	44.5108333333,27.5541666667	44.1344444444,27.2777777778	44.1263888889,27.2138888889	44.1505555556,27.1375	44.1405555556,27.0169444444	44.1333333333,26.9916666667	44.0822222222,26.8266666667	44.0638888889,26.6625	44.2038888889,26.475	44.3333333333,27.0	44.6402777778,26.9816666667	44.6952777778,26.9786111111	44.8897222222,26.9669444444	45.0377777778,26.5602777778	45.0761111111,26.4541666667	45.0777777778,25.7258333333	45.0775,25.5575	45.3625,25.2294444444	45.6333333333,24.9127777778	45.6333333333,25.0	46.2080555556,25.0
315	325	1504224000	1504310399	15	45.0775,25.5575	45.0777777778,25.7258333333	45.0761111111,26.4541666667	45.0377777778,26.5602777778	44.8897222222,26.9669444444	44.6952777778,26.9786111111	44.6402777778,26.9816666667	44.3333333333,27.0	44.2038888889,26.475	44.4388888889,26.1530555556	44.5763888889,26.0394444444	44.6730555556,25.9561111111	44.7330555556,25.9038888889	44.905,25.7541666667	45.0775,25.5575
345	355	1504224000	1504310399	7	46.0488888889,24.4194444444	46.2080555556,25.0	45.6333333333,25.0	45.6333333333,24.9127777778	45.8094444444,24.7061111111	45.9041666667,24.5847222222	46.0488888889,24.4194444444
345	355	1504224000	1504310399	14	44.1405555556,27.0169444444	44.1505555556,27.1375	44.1263888889,27.2138888889	44.1344444444,27.2777777778	44.0855555556,27.3033333333	44.0666666667,27.37	44.0280555556,27.4086111111	44.0347222222,27.5005555556	44.0238888889,27.6191666667	44.0505555556,27.6572222222	43.9619444444,27.7311111111	43.9611111111,27.7930555556	43.8833333333,27.7541666667	44.1405555556,27.0169444444
345	355	1504224000	1504310399	29	46.2080555556,25.0	46.3872222222,25.6555555556	45.6305555556,27.2472222222	45.5044444444,27.325	45.0608333333,27.5955555556	44.925,27.8225	44.8230555556,27.7536111111	44.6558333333,27.6547222222	44.5108333333,27.5541666667	44.1344444444,27.2777777778	44.1263888889,27.2138888889	44.1505555556,27.1375	44.1405555556,27.0169444444	44.1333333333,26.9916666667	44.0822222222,26.8266666667	44.0638888889,26.6625	44.2038888889,26.475	44.3333333333,27.0	44.6402777778,26.9816666667	44.6952777778,26.9786111111	44.8897222222,26.9669444444	45.0377777778,26.5602777778	45.0761111111,26.4541666667	45.0777777778,25.7258333333	45.0775,25.5575	45.3625,25.2294444444	45.6333333333,24.9127777778	45.6333333333,25.0	46.2080555556,25.0
345	355	1504224000	1504310399	15	45.0775,25.5575	45.0777777778,25.7258333333	45.0761111111,26.4541666667	45.0377777778,26.5602777778	44.8897222222,26.9669444444	44.6952777778,26.9786111111	44.6402777778,26.9816666667	44.3333333333,27.0	44.2038888889,26.475	44.4388888889,26.1530555556	44.5763888889,26.0394444444	44.6730555556,25.9561111111	44.7330555556,25.9038888889	44.905,25.7541666667	45.0775,25.5575
245	315	1504224000	1504310399	14	44.1405555556,27.0169444444	44.1505555556,27.1375	44.1263888889,27.2138888889	44.1344444444,27.2777777778	44.0855555556,27.3033333333	44.0666666667,27.37	44.0280555556,27.4086111111	44.0347222222,27.5005555556	44.0238888889,27.6191666667	44.0505555556,27.6572222222	43.9619444444,27.7311111111	43.9611111111,27.7930555556	43.8833333333,27.7541666667	44.1405555556,27.0169444444
