45
385	999	1504224000	1504259999	36	48.0166666667,23.1	47.6944444444,23.1608333333	47.5211111111,23.1302777778	47.4913888889,23.125	47.2502777778,23.1358333333	46.9958333333,22.8541666667	46.0308333333,23.1869444444	45.9602777778,23.0880555556	45.8583333333,22.9961111111	45.8280555556,22.9688888889	45.745,22.8883333333	45.7127777778,22.9013888889	45.5444444444,22.9352777778	45.6808333333,22.6188888889	46.125,22.4333333333	46.3152777778,21.9963888889	46.6166666667,21.3166666667	46.6369444444,21.4144444444	46.6875,21.4966666667	46.7125,21.5161111111	46.8569444444,21.5769444444	46.8666666667,21.6166666667	47.0147222222,21.6769444444	47.0586111111,21.6983333333	47.1,21.7666666667	47.1166666667,21.775	47.1586111111,21.8088888889	47.1811111111,21.8433333333	47.2083333333,21.8611111111	47.2483333333,21.86	47.395,22.0216666667	47.5736111111,22.1080555556	47.6358333333,22.1983333333	47.7938888889,22.4422222222	47.9591666667,22.9061111111	48.0166666667,23.1
385	999	1504224000	1504259999	27	45.6808333333,22.6188888889	45.5444444444,22.9352777778	45.5275,22.9741666667	45.4158333333,22.9652777778	44.8672222222,22.8475	44.6527777778,22.5527777778	44.7130555556,22.4430555556	44.6491666667,22.2997222222	44.4786111111,22.1819444444	44.4755555556,22.1219444444	44.5866666667,22.0291666667	44.6358333333,21.9886111111	44.6594444444,21.6291666667	44.7605555556,21.5855555556	44.7716666667,21.5333333333	44.7783333333,21.3975	44.8216666667,21.3583333333	44.8405555556,21.3519444444	44.8672222222,21.3677777778	44.87,21.4813888889	44.8886111111,21.5597222222	44.9291666667,21.5472222222	44.9883333333,21.4097222222	45.1552777778,21.5219444444	45.24,21.3083333333	45.5416666667,22.675	45.6808333333,22.6188888889
385	999	1504224000	1504259999	7	46.9958333333,22.8541666667	47.2502777778,23.1358333333	46.4930555556,23.1688888889	46.4191666667,23.2766666667	46.2591666667,23.5086111111	46.0308333333,23.1869444444	46.9958333333,22.8541666667
385	999	1504224000	1504259999	35	45.6808333333,22.6188888889	45.5416666667,22.675	45.24,21.3083333333	45.2322222222,21.2702777778	45.2491666667,21.2191666667	45.3247222222,21.1761111111	45.2963888889,21.0961111111	45.3244444444,21.0166666667	45.4791666667,20.8325	45.4791666667,20.7702777778	45.4988888889,20.7691666667	45.5358333333,20.8330555556	45.5822222222,20.8008333333	45.5822222222,20.7716666667	45.6116666667,20.7641666667	45.6580555556,20.8066666667	45.695,20.7941666667	45.7747222222,20.8208333333	45.7869444444,20.7841666667	45.7555555556,20.7741666667	45.7508333333,20.7011111111	45.8558333333,20.6233333333	46.1263888889,20.2641666667	46.1577777778,20.4013888889	46.1633333333,20.7080555556	46.2841666667,20.8536111111	46.25,21.0833333333	46.2627777778,21.1044444444	46.3022222222,21.1302777778	46.3683333333,21.1983333333	46.42,21.2558333333	46.4166666667,21.2944444444	46.2122222222,21.5291666667	45.7319444444,22.4988888889	45.6808333333,22.6188888889
385	999	1504224000	1504259999	13	46.4305555556,21.2666666667	46.4936111111,21.2672222222	46.5166666667,21.2666666667	46.5833333333,21.3	46.6166666667,21.3166666667	46.3152777778,21.9963888889	46.125,22.4333333333	45.6808333333,22.6188888889	45.7319444444,22.4988888889	46.2122222222,21.5291666667	46.4166666667,21.2944444444	46.42,21.2558333333	46.4305555556,21.2666666667
175	315	1504224000	1504259999	7	46.9958333333,22.8541666667	47.2502777778,23.1358333333	46.4930555556,23.1688888889	46.4191666667,23.2766666667	46.2591666667,23.5086111111	46.0308333333,23.1869444444	46.9958333333,22.8541666667
175	315	1504224000	1504259999	13	46.4305555556,21.2666666667	46.4936111111,21.2672222222	46.5166666667,21.2666666667	46.5833333333,21.3	46.6166666667,21.3166666667	46.3152777778,21.9963888889	46.125,22.4333333333	45.6808333333,22.6188888889	45.7319444444,22.4988888889	46.2122222222,21.5291666667	46.4166666667,21.2944444444	46.42,21.2558333333	46.4305555556,21.2666666667
175	315	1504224000	1504259999	35	45.6808333333,22.6188888889	45.5416666667,22.675	45.24,21.3083333333	45.2322222222,21.2702777778	45.2491666667,21.2191666667	45.3247222222,21.1761111111	45.2963888889,21.0961111111	45.3244444444,21.0166666667	45.4791666667,20.8325	45.4791666667,20.7702777778	45.4988888889,20.7691666667	45.5358333333,20.8330555556	45.5822222222,20.8008333333	45.5822222222,20.7716666667	45.6116666667,20.7641666667	45.6580555556,20.8066666667	45.695,20.7941666667	45.7747222222,20.8208333333	45.7869444444,20.7841666667	45.7555555556,20.7741666667	45.7508333333,20.7011111111	45.8558333333,20.6233333333	46.1263888889,20.2641666667	46.1577777778,20.4013888889	46.1633333333,20.7080555556	46.2841666667,20.8536111111	46.25,21.0833333333	46.2627777778,21.1044444444	46.3022222222,21.1302777778	46.3683333333,21.1983333333	46.42,21.2558333333	46.4166666667,21.2944444444	46.2122222222,21.5291666667	45.7319444444,22.4988888889	45.6808333333,22.6188888889
0	315	1504224000	1504259999	36	48.0166666667,23.1	47.6944444444,23.1608333333	47.5211111111,23.1302777778	47.4913888889,23.125	47.2502777778,23.1358333333	46.9958333333,22.8541666667	46.0308333333,23.1869444444	45.9602777778,23.0880555556	45.8583333333,22.9961111111	45.8280555556,22.9688888889	45.745,22.8883333333	45.7127777778,22.9013888889	45.5444444444,22.9352777778	45.6808333333,22.6188888889	46.125,22.4333333333	46.3152777778,21.9963888889	46.6166666667,21.3166666667	46.6369444444,21.4144444444	46.6875,21.4966666667	46.7125,21.5161111111	46.8569444444,21.5769444444	46.8666666667,21.6166666667	47.0147222222,21.6769444444	47.0586111111,21.6983333333	47.1,21.7666666667	47.1166666667,21.775	47.1586111111,21.8088888889	47.1811111111,21.8433333333	47.2083333333,21.8611111111	47.2483333333,21.86	47.395,22.0216666667	47.5736111111,22.1080555556	47.6358333333,22.1983333333	47.7938888889,22.4422222222	47.9591666667,22.9061111111	48.0166666667,23.1
0	315	1504224000	1504259999	27	45.6808333333,22.6188888889	45.5444444444,22.9352777778	45.5275,22.9741666667	45.4158333333,22.9652777778	44.8672222222,22.8475	44.6527777778,22.5527777778	44.7130555556,22.4430555556	44.6491666667,22.2997222222	44.4786111111,22.1819444444	44.4755555556,22.1219444444	44.5866666667,22.0291666667	44.6358333333,21.9886111111	44.6594444444,21.6291666667	44.7605555556,21.5855555556	44.7716666667,21.5333333333	44.7783333333,21.3975	44.8216666667,21.3583333333	44.8405555556,21.3519444444	44.8672222222,21.3677777778	44.87,21.4813888889	44.8886111111,21.5597222222	44.9291666667,21.5472222222	44.9883333333,21.4097222222	45.1552777778,21.5219444444	45.24,21.3083333333	45.5416666667,22.675	45.6808333333,22.6188888889
365	375	1504224000	1504259999	35	45.6808333333,22.6188888889	45.5416666667,22.675	45.24,21.3083333333	45.2322222222,21.2702777778	45.2491666667,21.2191666667	45.3247222222,21.1761111111	45.2963888889,21.0961111111	45.3244444444,21.0166666667	45.4791666667,20.8325	45.4791666667,20.7702777778	45.4988888889,20.7691666667	45.5358333333,20.8330555556	45.5822222222,20.8008333333	45.5822222222,20.7716666667	45.6116666667,20.7641666667	45.6580555556,20.8066666667	45.695,20.7941666667	45.7747222222,20.8208333333	45.7869444444,20.7841666667	45.7555555556,20.7741666667	45.7508333333,20.7011111111	45.8558333333,20.6233333333	46.1263888889,20.2641666667	46.1577777778,20.4013888889	46.1633333333,20.7080555556	46.2841666667,20.8536111111	46.25,21.0833333333	46.2627777778,21.1044444444	46.3022222222,21.1302777778	46.3683333333,21.1983333333	46.42,21.2558333333	46.4166666667,21.2944444444	46.2122222222,21.5291666667	45.7319444444,22.4988888889	45.6808333333,22.6188888889
365	375	1504224000	1504259999	36	48.0166666667,23.1	47.6944444444,23.1608333333	47.5211111111,23.1302777778	47.4913888889,23.125	47.2502777778,23.1358333333	46.9958333333,22.8541666667	46.0308333333,23.1869444444	45.9602777778,23.0880555556	45.8583333333,22.9961111111	45.8280555556,22.9688888889	45.745,22.8883333333	45.7127777778,22.9013888889	45.5444444444,22.9352777778	45.6808333333,22.6188888889	46.125,22.4333333333	46.3152777778,21.9963888889	46.6166666667,21.3166666667	46.6369444444,21.4144444444	46.6875,21.4966666667	46.7125,21.5161111111	46.8569444444,21.5769444444	46.8666666667,21.6166666667	47.0147222222,21.6769444444	47.0586111111,21.6983333333	47.1,21.7666666667	47.1166666667,21.775	47.1586111111,21.8088888889	47.1811111111,21.8433333333	47.2083333333,21.8611111111	47.2483333333,21.86	47.395,22.0216666667	47.5736111111,22.1080555556	47.6358333333,22.1983333333	47.7938888889,22.4422222222	47.9591666667,22.9061111111	48.0166666667,23.1
365	375	1504224000	1504259999	27	45.6808333333,22.6188888889	45.5444444444,22.9352777778	45.5275,22.9741666667	45.4158333333,22.9652777778	44.8672222222,22.8475	44.6527777778,22.5527777778	44.7130555556,22.4430555556	44.6491666667,22.2997222222	44.4786111111,22.1819444444	44.4755555556,22.1219444444	44.5866666667,22.0291666667	44.6358333333,21.9886111111	44.6594444444,21.6291666667	44.7605555556,21.5855555556	44.7716666667,21.5333333333	44.7783333333,21.3975	44.8216666667,21.3583333333	44.8405555556,21.3519444444	44.8672222222,21.3677777778	44.87,21.4813888889	44.8886111111,21.5597222222	44.9291666667,21.5472222222	44.9883333333,21.4097222222	45.1552777778,21.5219444444	45.24,21.3083333333	45.5416666667,22.675	45.6808333333,22.6188888889
365	375	1504224000	1504259999	13	46.4305555556,21.2666666667	46.4936111111,21.2672222222	46.5166666667,21.2666666667	46.5833333333,21.3	46.6166666667,21.3166666667	46.3152777778,21.9963888889	46.125,22.4333333333	45.6808333333,22.6188888889	45.7319444444,22.4988888889	46.2122222222,21.5291666667	46.4166666667,21.2944444444	46.42,21.2558333333	46.4305555556,21.2666666667
365	375	1504224000	1504259999	7	46.9958333333,22.8541666667	47.2502777778,23.1358333333	46.4930555556,23.1688888889	46.4191666667,23.2766666667	46.2591666667,23.5086111111	46.0308333333,23.1869444444	46.9958333333,22.8541666667
355	365	1504224000	1504259999	36	48.0166666667,23.1	47.6944444444,23.1608333333	47.5211111111,23.1302777778	47.4913888889,23.125	47.2502777778,23.1358333333	46.9958333333,22.8541666667	46.0308333333,23.1869444444	45.9602777778,23.0880555556	45.8583333333,22.9961111111	45.8280555556,22.9688888889	45.745,22.8883333333	45.7127777778,22.9013888889	45.5444444444,22.9352777778	45.6808333333,22.6188888889	46.125,22.4333333333	46.3152777778,21.9963888889	46.6166666667,21.3166666667	46.6369444444,21.4144444444	46.6875,21.4966666667	46.7125,21.5161111111	46.8569444444,21.5769444444	46.8666666667,21.6166666667	47.0147222222,21.6769444444	47.0586111111,21.6983333333	47.1,21.7666666667	47.1166666667,21.775	47.1586111111,21.8088888889	47.1811111111,21.8433333333	47.2083333333,21.8611111111	47.2483333333,21.86	47.395,22.0216666667	47.5736111111,22.1080555556	47.6358333333,22.1983333333	47.7938888889,22.4422222222	47.9591666667,22.9061111111	48.0166666667,23.1
355	365	1504224000	1504259999	7	46.9958333333,22.8541666667	47.2502777778,23.1358333333	46.4930555556,23.1688888889	46.4191666667,23.2766666667	46.2591666667,23.5086111111	46.0308333333,23.1869444444	46.9958333333,22.8541666667
355	365	1504224000	1504259999	27	45.6808333333,22.6188888889	45.5444444444,22.9352777778	45.5275,22.9741666667	45.4158333333,22.9652777778	44.8672222222,22.8475	44.6527777778,22.5527777778	44.7130555556,22.4430555556	44.6491666667,22.2997222222	44.4786111111,22.1819444444	44.4755555556,22.1219444444	44.5866666667,22.0291666667	44.6358333333,21.9886111111	44.6594444444,21.6291666667	44.7605555556,21.5855555556	44.7716666667,21.5333333333	44.7783333333,21.3975	44.8216666667,21.3583333333	44.8405555556,21.3519444444	44.8672222222,21.3677777778	44.87,21.4813888889	44.8886111111,21.5597222222	44.9291666667,21.5472222222	44.9883333333,21.4097222222	45.1552777778,21.5219444444	45.24,21.3083333333	45.5416666667,22.675	45.6808333333,22.6188888889
355	365	1504224000	1504259999	35	45.6808333333,22.6188888889	45.5416666667,22.675	45.24,21.3083333333	45.2322222222,21.2702777778	45.2491666667,21.2191666667	45.3247222222,21.1761111111	45.2963888889,21.0961111111	45.3244444444,21.0166666667	45.4791666667,20.8325	45.4791666667,20.7702777778	45.4988888889,20.7691666667	45.5358333333,20.8330555556	45.5822222222,20.8008333333	45.5822222222,20.7716666667	45.6116666667,20.7641666667	45.6580555556,20.8066666667	45.695,20.7941666667	45.7747222222,20.8208333333	45.7869444444,20.7841666667	45.7555555556,20.7741666667	45.7508333333,20.7011111111	45.8558333333,20.6233333333	46.1263888889,20.2641666667	46.1577777778,20.4013888889	46.1633333333,20.7080555556	46.2841666667,20.8536111111	46.25,21.0833333333	46.2627777778,21.1044444444	46.3022222222,21.1302777778	46.3683333333,21.1983333333	46.42,21.2558333333	46.4166666667,21.2944444444	46.2122222222,21.5291666667	45.7319444444,22.4988888889	45.6808333333,22.6188888889
355	365	1504224000	1504259999	13	46.4305555556,21.2666666667	46.4936111111,21.2672222222	46.5166666667,21.2666666667	46.5833333333,21.3	46.6166666667,21.3166666667	46.3152777778,21.9963888889	46.125,22.4333333333	45.6808333333,22.6188888889	45.7319444444,22.4988888889	46.2122222222,21.5291666667	46.4166666667,21.2944444444	46.42,21.2558333333	46.4305555556,21.2666666667
335	345	1504224000	1504259999	35	45.6808333333,22.6188888889	45.5416666667,22.675	45.24,21.3083333333	45.2322222222,21.2702777778	45.2491666667,21.2191666667	45.3247222222,21.1761111111	45.2963888889,21.0961111111	45.3244444444,21.0166666667	45.4791666667,20.8325	45.4791666667,20.7702777778	45.4988888889,20.7691666667	45.5358333333,20.8330555556	45.5822222222,20.8008333333	45.5822222222,20.7716666667	45.6116666667,20.7641666667	45.6580555556,20.8066666667	45.695,20.7941666667	45.7747222222,20.8208333333	45.7869444444,20.7841666667	45.7555555556,20.7741666667	45.7508333333,20.7011111111	45.8558333333,20.6233333333	46.1263888889,20.2641666667	46.1577777778,20.4013888889	46.1633333333,20.7080555556	46.2841666667,20.8536111111	46.25,21.0833333333	46.2627777778,21.1044444444	46.3022222222,21.1302777778	46.3683333333,21.1983333333	46.42,21.2558333333	46.4166666667,21.2944444444	46.2122222222,21.5291666667	45.7319444444,22.4988888889	45.6808333333,22.6188888889
335	345	1504224000	1504259999	36	48.0166666667,23.1	47.6944444444,23.1608333333	47.5211111111,23.1302777778	47.4913888889,23.125	47.2502777778,23.1358333333	46.9958333333,22.8541666667	46.0308333333,23.1869444444	45.9602777778,23.0880555556	45.8583333333,22.9961111111	45.8280555556,22.9688888889	45.745,22.8883333333	45.7127777778,22.9013888889	45.5444444444,22.9352777778	45.6808333333,22.6188888889	46.125,22.4333333333	46.3152777778,21.9963888889	46.6166666667,21.3166666667	46.6369444444,21.4144444444	46.6875,21.4966666667	46.7125,21.5161111111	46.8569444444,21.5769444444	46.8666666667,21.6166666667	47.0147222222,21.6769444444	47.0586111111,21.6983333333	47.1,21.7666666667	47.1166666667,21.775	47.1586111111,21.8088888889	47.1811111111,21.8433333333	47.2083333333,21.8611111111	47.2483333333,21.86	47.395,22.0216666667	47.5736111111,22.1080555556	47.6358333333,22.1983333333	47.7938888889,22.4422222222	47.9591666667,22.9061111111	48.0166666667,23.1
335	345	1504224000	1504259999	27	45.6808333333,22.6188888889	45.5444444444,22.9352777778	45.5275,22.9741666667	45.4158333333,22.9652777778	44.8672222222,22.8475	44.6527777778,22.5527777778	44.7130555556,22.4430555556	44.6491666667,22.2997222222	44.4786111111,22.1819444444	44.4755555556,22.1219444444	44.5866666667,22.0291666667	44.6358333333,21.9886111111	44.6594444444,21.6291666667	44.7605555556,21.5855555556	44.7716666667,21.5333333333	44.7783333333,21.3975	44.8216666667,21.3583333333	44.8405555556,21.3519444444	44.8672222222,21.3677777778	44.87,21.4813888889	44.8886111111,21.5597222222	44.9291666667,21.5472222222	44.9883333333,21.4097222222	45.1552777778,21.5219444444	45.24,21.3083333333	45.5416666667,22.675	45.6808333333,22.6188888889
335	345	1504224000	1504259999	13	46.4305555556,21.2666666667	46.4936111111,21.2672222222	46.5166666667,21.2666666667	46.5833333333,21.3	46.6166666667,21.3166666667	46.3152777778,21.9963888889	46.125,22.4333333333	45.6808333333,22.6188888889	45.7319444444,22.4988888889	46.2122222222,21.5291666667	46.4166666667,21.2944444444	46.42,21.2558333333	46.4305555556,21.2666666667
335	345	1504224000	1504259999	7	46.9958333333,22.8541666667	47.2502777778,23.1358333333	46.4930555556,23.1688888889	46.4191666667,23.2766666667	46.2591666667,23.5086111111	46.0308333333,23.1869444444	46.9958333333,22.8541666667
315	325	1504224000	1504259999	36	48.0166666667,23.1	47.6944444444,23.1608333333	47.5211111111,23.1302777778	47.4913888889,23.125	47.2502777778,23.1358333333	46.9958333333,22.8541666667	46.0308333333,23.1869444444	45.9602777778,23.0880555556	45.8583333333,22.9961111111	45.8280555556,22.9688888889	45.745,22.8883333333	45.7127777778,22.9013888889	45.5444444444,22.9352777778	45.6808333333,22.6188888889	46.125,22.4333333333	46.3152777778,21.9963888889	46.6166666667,21.3166666667	46.6369444444,21.4144444444	46.6875,21.4966666667	46.7125,21.5161111111	46.8569444444,21.5769444444	46.8666666667,21.6166666667	47.0147222222,21.6769444444	47.0586111111,21.6983333333	47.1,21.7666666667	47.1166666667,21.775	47.1586111111,21.8088888889	47.1811111111,21.8433333333	47.2083333333,21.8611111111	47.2483333333,21.86	47.395,22.0216666667	47.5736111111,22.1080555556	47.6358333333,22.1983333333	47.7938888889,22.4422222222	47.9591666667,22.9061111111	48.0166666667,23.1
315	325	1504224000	1504259999	7	46.9958333333,22.8541666667	47.2502777778,23.1358333333	46.4930555556,23.1688888889	46.4191666667,23.2766666667	46.2591666667,23.5086111111	46.0308333333,23.1869444444	46.9958333333,22.8541666667
315	325	1504224000	1504259999	27	45.6808333333,22.6188888889	45.5444444444,22.9352777778	45.5275,22.9741666667	45.4158333333,22.9652777778	44.8672222222,22.8475	44.6527777778,22.5527777778	44.7130555556,22.4430555556	44.6491666667,22.2997222222	44.4786111111,22.1819444444	44.4755555556,22.1219444444	44.5866666667,22.0291666667	44.6358333333,21.9886111111	44.6594444444,21.6291666667	44.7605555556,21.5855555556	44.7716666667,21.5333333333	44.7783333333,21.3975	44.8216666667,21.3583333333	44.8405555556,21.3519444444	44.8672222222,21.3677777778	44.87,21.4813888889	44.8886111111,21.5597222222	44.9291666667,21.5472222222	44.9883333333,21.4097222222	45.1552777778,21.5219444444	45.24,21.3083333333	45.5416666667,22.675	45.6808333333,22.6188888889
315	325	1504224000	1504259999	35	45.6808333333,22.6188888889	45.5416666667,22.675	45.24,21.3083333333	45.2322222222,21.2702777778	45.2491666667,21.2191666667	45.3247222222,21.1761111111	45.2963888889,21.0961111111	45.3244444444,21.0166666667	45.4791666667,20.8325	45.4791666667,20.7702777778	45.4988888889,20.7691666667	45.5358333333,20.8330555556	45.5822222222,20.8008333333	45.5822222222,20.7716666667	45.6116666667,20.7641666667	45.6580555556,20.8066666667	45.695,20.7941666667	45.7747222222,20.8208333333	45.7869444444,20.7841666667	45.7555555556,20.7741666667	45.7508333333,20.7011111111	45.8558333333,20.6233333333	46.1263888889,20.2641666667	46.1577777778,20.4013888889	46.1633333333,20.7080555556	46.2841666667,20.8536111111	46.25,21.0833333333	46.2627777778,21.1044444444	46.3022222222,21.1302777778	46.3683333333,21.1983333333	46.42,21.2558333333	46.4166666667,21.2944444444	46.2122222222,21.5291666667	45.7319444444,22.4988888889	45.6808333333,22.6188888889
315	325	1504224000	1504259999	13	46.4305555556,21.2666666667	46.4936111111,21.2672222222	46.5166666667,21.2666666667	46.5833333333,21.3	46.6166666667,21.3166666667	46.3152777778,21.9963888889	46.125,22.4333333333	45.6808333333,22.6188888889	45.7319444444,22.4988888889	46.2122222222,21.5291666667	46.4166666667,21.2944444444	46.42,21.2558333333	46.4305555556,21.2666666667
325	335	1504224000	1504259999	36	48.0166666667,23.1	47.6944444444,23.1608333333	47.5211111111,23.1302777778	47.4913888889,23.125	47.2502777778,23.1358333333	46.9958333333,22.8541666667	46.0308333333,23.1869444444	45.9602777778,23.0880555556	45.8583333333,22.9961111111	45.8280555556,22.9688888889	45.745,22.8883333333	45.7127777778,22.9013888889	45.5444444444,22.9352777778	45.6808333333,22.6188888889	46.125,22.4333333333	46.3152777778,21.9963888889	46.6166666667,21.3166666667	46.6369444444,21.4144444444	46.6875,21.4966666667	46.7125,21.5161111111	46.8569444444,21.5769444444	46.8666666667,21.6166666667	47.0147222222,21.6769444444	47.0586111111,21.6983333333	47.1,21.7666666667	47.1166666667,21.775	47.1586111111,21.8088888889	47.1811111111,21.8433333333	47.2083333333,21.8611111111	47.2483333333,21.86	47.395,22.0216666667	47.5736111111,22.1080555556	47.6358333333,22.1983333333	47.7938888889,22.4422222222	47.9591666667,22.9061111111	48.0166666667,23.1
325	335	1504224000	1504259999	7	46.9958333333,22.8541666667	47.2502777778,23.1358333333	46.4930555556,23.1688888889	46.4191666667,23.2766666667	46.2591666667,23.5086111111	46.0308333333,23.1869444444	46.9958333333,22.8541666667
325	335	1504224000	1504259999	13	46.4305555556,21.2666666667	46.4936111111,21.2672222222	46.5166666667,21.2666666667	46.5833333333,21.3	46.6166666667,21.3166666667	46.3152777778,21.9963888889	46.125,22.4333333333	45.6808333333,22.6188888889	45.7319444444,22.4988888889	46.2122222222,21.5291666667	46.4166666667,21.2944444444	46.42,21.2558333333	46.4305555556,21.2666666667
325	335	1504224000	1504259999	35	45.6808333333,22.6188888889	45.5416666667,22.675	45.24,21.3083333333	45.2322222222,21.2702777778	45.2491666667,21.2191666667	45.3247222222,21.1761111111	45.2963888889,21.0961111111	45.3244444444,21.0166666667	45.4791666667,20.8325	45.4791666667,20.7702777778	45.4988888889,20.7691666667	45.5358333333,20.8330555556	45.5822222222,20.8008333333	45.5822222222,20.7716666667	45.6116666667,20.7641666667	45.6580555556,20.8066666667	45.695,20.7941666667	45.7747222222,20.8208333333	45.7869444444,20.7841666667	45.7555555556,20.7741666667	45.7508333333,20.7011111111	45.8558333333,20.6233333333	46.1263888889,20.2641666667	46.1577777778,20.4013888889	46.1633333333,20.7080555556	46.2841666667,20.8536111111	46.25,21.0833333333	46.2627777778,21.1044444444	46.3022222222,21.1302777778	46.3683333333,21.1983333333	46.42,21.2558333333	46.4166666667,21.2944444444	46.2122222222,21.5291666667	45.7319444444,22.4988888889	45.6808333333,22.6188888889
325	335	1504224000	1504259999	27	45.6808333333,22.6188888889	45.5444444444,22.9352777778	45.5275,22.9741666667	45.4158333333,22.9652777778	44.8672222222,22.8475	44.6527777778,22.5527777778	44.7130555556,22.4430555556	44.6491666667,22.2997222222	44.4786111111,22.1819444444	44.4755555556,22.1219444444	44.5866666667,22.0291666667	44.6358333333,21.9886111111	44.6594444444,21.6291666667	44.7605555556,21.5855555556	44.7716666667,21.5333333333	44.7783333333,21.3975	44.8216666667,21.3583333333	44.8405555556,21.3519444444	44.8672222222,21.3677777778	44.87,21.4813888889	44.8886111111,21.5597222222	44.9291666667,21.5472222222	44.9883333333,21.4097222222	45.1552777778,21.5219444444	45.24,21.3083333333	45.5416666667,22.675	45.6808333333,22.6188888889
375	385	1504224000	1504259999	36	48.0166666667,23.1	47.6944444444,23.1608333333	47.5211111111,23.1302777778	47.4913888889,23.125	47.2502777778,23.1358333333	46.9958333333,22.8541666667	46.0308333333,23.1869444444	45.9602777778,23.0880555556	45.8583333333,22.9961111111	45.8280555556,22.9688888889	45.745,22.8883333333	45.7127777778,22.9013888889	45.5444444444,22.9352777778	45.6808333333,22.6188888889	46.125,22.4333333333	46.3152777778,21.9963888889	46.6166666667,21.3166666667	46.6369444444,21.4144444444	46.6875,21.4966666667	46.7125,21.5161111111	46.8569444444,21.5769444444	46.8666666667,21.6166666667	47.0147222222,21.6769444444	47.0586111111,21.6983333333	47.1,21.7666666667	47.1166666667,21.775	47.1586111111,21.8088888889	47.1811111111,21.8433333333	47.2083333333,21.8611111111	47.2483333333,21.86	47.395,22.0216666667	47.5736111111,22.1080555556	47.6358333333,22.1983333333	47.7938888889,22.4422222222	47.9591666667,22.9061111111	48.0166666667,23.1
375	385	1504224000	1504259999	27	45.6808333333,22.6188888889	45.5444444444,22.9352777778	45.5275,22.9741666667	45.4158333333,22.9652777778	44.8672222222,22.8475	44.6527777778,22.5527777778	44.7130555556,22.4430555556	44.6491666667,22.2997222222	44.4786111111,22.1819444444	44.4755555556,22.1219444444	44.5866666667,22.0291666667	44.6358333333,21.9886111111	44.6594444444,21.6291666667	44.7605555556,21.5855555556	44.7716666667,21.5333333333	44.7783333333,21.3975	44.8216666667,21.3583333333	44.8405555556,21.3519444444	44.8672222222,21.3677777778	44.87,21.4813888889	44.8886111111,21.5597222222	44.9291666667,21.5472222222	44.9883333333,21.4097222222	45.1552777778,21.5219444444	45.24,21.3083333333	45.5416666667,22.675	45.6808333333,22.6188888889
375	385	1504224000	1504259999	7	46.9958333333,22.8541666667	47.2502777778,23.1358333333	46.4930555556,23.1688888889	46.4191666667,23.2766666667	46.2591666667,23.5086111111	46.0308333333,23.1869444444	46.9958333333,22.8541666667
375	385	1504224000	1504259999	13	46.4305555556,21.2666666667	46.4936111111,21.2672222222	46.5166666667,21.2666666667	46.5833333333,21.3	46.6166666667,21.3166666667	46.3152777778,21.9963888889	46.125,22.4333333333	45.6808333333,22.6188888889	45.7319444444,22.4988888889	46.2122222222,21.5291666667	46.4166666667,21.2944444444	46.42,21.2558333333	46.4305555556,21.2666666667
375	385	1504224000	1504259999	35	45.6808333333,22.6188888889	45.5416666667,22.675	45.24,21.3083333333	45.2322222222,21.2702777778	45.2491666667,21.2191666667	45.3247222222,21.1761111111	45.2963888889,21.0961111111	45.3244444444,21.0166666667	45.4791666667,20.8325	45.4791666667,20.7702777778	45.4988888889,20.7691666667	45.5358333333,20.8330555556	45.5822222222,20.8008333333	45.5822222222,20.7716666667	45.6116666667,20.7641666667	45.6580555556,20.8066666667	45.695,20.7941666667	45.7747222222,20.8208333333	45.7869444444,20.7841666667	45.7555555556,20.7741666667	45.7508333333,20.7011111111	45.8558333333,20.6233333333	46.1263888889,20.2641666667	46.1577777778,20.4013888889	46.1633333333,20.7080555556	46.2841666667,20.8536111111	46.25,21.0833333333	46.2627777778,21.1044444444	46.3022222222,21.1302777778	46.3683333333,21.1983333333	46.42,21.2558333333	46.4166666667,21.2944444444	46.2122222222,21.5291666667	45.7319444444,22.4988888889	45.6808333333,22.6188888889
345	355	1504224000	1504259999	36	48.0166666667,23.1	47.6944444444,23.1608333333	47.5211111111,23.1302777778	47.4913888889,23.125	47.2502777778,23.1358333333	46.9958333333,22.8541666667	46.0308333333,23.1869444444	45.9602777778,23.0880555556	45.8583333333,22.9961111111	45.8280555556,22.9688888889	45.745,22.8883333333	45.7127777778,22.9013888889	45.5444444444,22.9352777778	45.6808333333,22.6188888889	46.125,22.4333333333	46.3152777778,21.9963888889	46.6166666667,21.3166666667	46.6369444444,21.4144444444	46.6875,21.4966666667	46.7125,21.5161111111	46.8569444444,21.5769444444	46.8666666667,21.6166666667	47.0147222222,21.6769444444	47.0586111111,21.6983333333	47.1,21.7666666667	47.1166666667,21.775	47.1586111111,21.8088888889	47.1811111111,21.8433333333	47.2083333333,21.8611111111	47.2483333333,21.86	47.395,22.0216666667	47.5736111111,22.1080555556	47.6358333333,22.1983333333	47.7938888889,22.4422222222	47.9591666667,22.9061111111	48.0166666667,23.1
345	355	1504224000	1504259999	27	45.6808333333,22.6188888889	45.5444444444,22.9352777778	45.5275,22.9741666667	45.4158333333,22.9652777778	44.8672222222,22.8475	44.6527777778,22.5527777778	44.7130555556,22.4430555556	44.6491666667,22.2997222222	44.4786111111,22.1819444444	44.4755555556,22.1219444444	44.5866666667,22.0291666667	44.6358333333,21.9886111111	44.6594444444,21.6291666667	44.7605555556,21.5855555556	44.7716666667,21.5333333333	44.7783333333,21.3975	44.8216666667,21.3583333333	44.8405555556,21.3519444444	44.8672222222,21.3677777778	44.87,21.4813888889	44.8886111111,21.5597222222	44.9291666667,21.5472222222	44.9883333333,21.4097222222	45.1552777778,21.5219444444	45.24,21.3083333333	45.5416666667,22.675	45.6808333333,22.6188888889
345	355	1504224000	1504259999	7	46.9958333333,22.8541666667	47.2502777778,23.1358333333	46.4930555556,23.1688888889	46.4191666667,23.2766666667	46.2591666667,23.5086111111	46.0308333333,23.1869444444	46.9958333333,22.8541666667
345	355	1504224000	1504259999	13	46.4305555556,21.2666666667	46.4936111111,21.2672222222	46.5166666667,21.2666666667	46.5833333333,21.3	46.6166666667,21.3166666667	46.3152777778,21.9963888889	46.125,22.4333333333	45.6808333333,22.6188888889	45.7319444444,22.4988888889	46.2122222222,21.5291666667	46.4166666667,21.2944444444	46.42,21.2558333333	46.4305555556,21.2666666667
345	355	1504224000	1504259999	35	45.6808333333,22.6188888889	45.5416666667,22.675	45.24,21.3083333333	45.2322222222,21.2702777778	45.2491666667,21.2191666667	45.3247222222,21.1761111111	45.2963888889,21.0961111111	45.3244444444,21.0166666667	45.4791666667,20.8325	45.4791666667,20.7702777778	45.4988888889,20.7691666667	45.5358333333,20.8330555556	45.5822222222,20.8008333333	45.5822222222,20.7716666667	45.6116666667,20.7641666667	45.6580555556,20.8066666667	45.695,20.7941666667	45.7747222222,20.8208333333	45.7869444444,20.7841666667	45.7555555556,20.7741666667	45.7508333333,20.7011111111	45.8558333333,20.6233333333	46.1263888889,20.2641666667	46.1577777778,20.4013888889	46.1633333333,20.7080555556	46.2841666667,20.8536111111	46.25,21.0833333333	46.2627777778,21.1044444444	46.3022222222,21.1302777778	46.3683333333,21.1983333333	46.42,21.2558333333	46.4166666667,21.2944444444	46.2122222222,21.5291666667	45.7319444444,22.4988888889	45.6808333333,22.6188888889
