24
385	999	1504252800	1504259999	20	46.0308333333,23.1869444444	46.0222222222,23.1897222222	46.0041666667,23.1961111111	45.6333333333,23.55	45.6333333333,24.9127777778	45.3625,25.2294444444	45.0775,25.5575	45.0763888889,25.2652777778	45.0761111111,25.1916666667	44.9538888889,25.1702777778	44.87,25.1652777778	45.4158333333,22.9652777778	45.5275,22.9741666667	45.5444444444,22.9352777778	45.7127777778,22.9013888889	45.745,22.8883333333	45.8280555556,22.9688888889	45.8583333333,22.9961111111	45.9602777778,23.0880555556	46.0308333333,23.1869444444
385	999	1504252800	1504259999	25	44.285,25.2141666667	44.0797222222,25.2530555556	44.0,25.6666666667	44.1088888889,26.0941666667	44.2038888889,26.475	44.0638888889,26.6625	44.0566666667,26.575	44.0516666667,26.4983333333	43.9833333333,26.2166666667	43.8833333333,26.0	43.8702777778,25.9758333333	43.9463888889,25.7422222222	43.9794444444,25.4716666667	43.9788888889,25.4180555556	43.9783333333,25.3755555556	43.9777777778,25.3330555556	43.9733333333,25.0025	43.8044444444,24.8138888889	43.7147222222,24.7113888889	43.8766666667,24.5722222222	43.9630555556,24.5386111111	44.1261111111,24.4241666667	44.1986111111,24.3730555556	44.3438888889,25.2033333333	44.285,25.2141666667
385	999	1504252800	1504259999	14	46.0308333333,23.1869444444	46.2591666667,23.5086111111	46.1966666667,23.7769444444	46.1730555556,23.8869444444	46.1088888889,24.1711111111	46.095,24.2241666667	46.0488888889,24.4194444444	45.9041666667,24.5847222222	45.8094444444,24.7061111111	45.6333333333,24.9127777778	45.6333333333,23.55	46.0041666667,23.1961111111	46.0222222222,23.1897222222	46.0308333333,23.1869444444
385	999	1504252800	1504259999	15	44.0797222222,25.2530555556	44.285,25.2141666667	44.3438888889,25.2033333333	44.4502777778,25.1830555556	44.5444444444,25.1638888889	44.8036111111,25.1608333333	44.905,25.7541666667	44.7330555556,25.9038888889	44.6730555556,25.9561111111	44.5763888889,26.0394444444	44.4388888889,26.1530555556	44.2038888889,26.475	44.1088888889,26.0941666667	44.0,25.6666666667	44.0797222222,25.2530555556
385	999	1504252800	1504259999	8	45.0775,25.5575	44.905,25.7541666667	44.8036111111,25.1608333333	44.87,25.1652777778	44.9538888889,25.1702777778	45.0761111111,25.1916666667	45.0763888889,25.2652777778	45.0775,25.5575
385	999	1504252800	1504259999	42	45.4158333333,22.9652777778	44.87,25.1652777778	44.8036111111,25.1608333333	44.5444444444,25.1638888889	44.4502777778,25.1830555556	44.3438888889,25.2033333333	44.1986111111,24.3730555556	44.1261111111,24.4241666667	43.9630555556,24.5386111111	43.8766666667,24.5722222222	43.7147222222,24.7113888889	43.7558333333,24.5597222222	43.7666666667,24.5333333333	43.7244444444,24.3536111111	43.6888888889,24.2391666667	43.7169444444,24.0902777778	43.7333333333,24.0	43.7605555556,23.8902777778	43.7758333333,23.8294444444	43.7833333333,23.8	43.7925,23.6913888889	43.8111111111,23.4955555556	43.8333333333,23.25	43.8,22.9833333333	43.8666666667,22.85	44.1,23.025	44.2,22.6666666667	44.3119444444,22.5552777778	44.4763888889,22.4494444444	44.4805555556,22.5494444444	44.5386111111,22.5702777778	44.5511111111,22.5925	44.5494444444,22.63	44.5166666667,22.6941666667	44.5366666667,22.7586111111	44.5641666667,22.7536111111	44.5997222222,22.7127777778	44.6177777778,22.6666666667	44.6175,22.6133333333	44.6527777778,22.5527777778	44.8672222222,22.8475	45.4158333333,22.9652777778
375	385	1504252800	1504259999	20	46.0308333333,23.1869444444	46.0222222222,23.1897222222	46.0041666667,23.1961111111	45.6333333333,23.55	45.6333333333,24.9127777778	45.3625,25.2294444444	45.0775,25.5575	45.0763888889,25.2652777778	45.0761111111,25.1916666667	44.9538888889,25.1702777778	44.87,25.1652777778	45.4158333333,22.9652777778	45.5275,22.9741666667	45.5444444444,22.9352777778	45.7127777778,22.9013888889	45.745,22.8883333333	45.8280555556,22.9688888889	45.8583333333,22.9961111111	45.9602777778,23.0880555556	46.0308333333,23.1869444444
375	385	1504252800	1504259999	25	44.285,25.2141666667	44.0797222222,25.2530555556	44.0,25.6666666667	44.1088888889,26.0941666667	44.2038888889,26.475	44.0638888889,26.6625	44.0566666667,26.575	44.0516666667,26.4983333333	43.9833333333,26.2166666667	43.8833333333,26.0	43.8702777778,25.9758333333	43.9463888889,25.7422222222	43.9794444444,25.4716666667	43.9788888889,25.4180555556	43.9783333333,25.3755555556	43.9777777778,25.3330555556	43.9733333333,25.0025	43.8044444444,24.8138888889	43.7147222222,24.7113888889	43.8766666667,24.5722222222	43.9630555556,24.5386111111	44.1261111111,24.4241666667	44.1986111111,24.3730555556	44.3438888889,25.2033333333	44.285,25.2141666667
375	385	1504252800	1504259999	14	46.0308333333,23.1869444444	46.2591666667,23.5086111111	46.1966666667,23.7769444444	46.1730555556,23.8869444444	46.1088888889,24.1711111111	46.095,24.2241666667	46.0488888889,24.4194444444	45.9041666667,24.5847222222	45.8094444444,24.7061111111	45.6333333333,24.9127777778	45.6333333333,23.55	46.0041666667,23.1961111111	46.0222222222,23.1897222222	46.0308333333,23.1869444444
375	385	1504252800	1504259999	15	44.0797222222,25.2530555556	44.285,25.2141666667	44.3438888889,25.2033333333	44.4502777778,25.1830555556	44.5444444444,25.1638888889	44.8036111111,25.1608333333	44.905,25.7541666667	44.7330555556,25.9038888889	44.6730555556,25.9561111111	44.5763888889,26.0394444444	44.4388888889,26.1530555556	44.2038888889,26.475	44.1088888889,26.0941666667	44.0,25.6666666667	44.0797222222,25.2530555556
375	385	1504252800	1504259999	8	45.0775,25.5575	44.905,25.7541666667	44.8036111111,25.1608333333	44.87,25.1652777778	44.9538888889,25.1702777778	45.0761111111,25.1916666667	45.0763888889,25.2652777778	45.0775,25.5575
375	385	1504252800	1504259999	42	45.4158333333,22.9652777778	44.87,25.1652777778	44.8036111111,25.1608333333	44.5444444444,25.1638888889	44.4502777778,25.1830555556	44.3438888889,25.2033333333	44.1986111111,24.3730555556	44.1261111111,24.4241666667	43.9630555556,24.5386111111	43.8766666667,24.5722222222	43.7147222222,24.7113888889	43.7558333333,24.5597222222	43.7666666667,24.5333333333	43.7244444444,24.3536111111	43.6888888889,24.2391666667	43.7169444444,24.0902777778	43.7333333333,24.0	43.7605555556,23.8902777778	43.7758333333,23.8294444444	43.7833333333,23.8	43.7925,23.6913888889	43.8111111111,23.4955555556	43.8333333333,23.25	43.8,22.9833333333	43.8666666667,22.85	44.1,23.025	44.2,22.6666666667	44.3119444444,22.5552777778	44.4763888889,22.4494444444	44.4805555556,22.5494444444	44.5386111111,22.5702777778	44.5511111111,22.5925	44.5494444444,22.63	44.5166666667,22.6941666667	44.5366666667,22.7586111111	44.5641666667,22.7536111111	44.5997222222,22.7127777778	44.6177777778,22.6666666667	44.6175,22.6133333333	44.6527777778,22.5527777778	44.8672222222,22.8475	45.4158333333,22.9652777778
365	375	1504252800	1504259999	20	46.0308333333,23.1869444444	46.0222222222,23.1897222222	46.0041666667,23.1961111111	45.6333333333,23.55	45.6333333333,24.9127777778	45.3625,25.2294444444	45.0775,25.5575	45.0763888889,25.2652777778	45.0761111111,25.1916666667	44.9538888889,25.1702777778	44.87,25.1652777778	45.4158333333,22.9652777778	45.5275,22.9741666667	45.5444444444,22.9352777778	45.7127777778,22.9013888889	45.745,22.8883333333	45.8280555556,22.9688888889	45.8583333333,22.9961111111	45.9602777778,23.0880555556	46.0308333333,23.1869444444
365	375	1504252800	1504259999	25	44.285,25.2141666667	44.0797222222,25.2530555556	44.0,25.6666666667	44.1088888889,26.0941666667	44.2038888889,26.475	44.0638888889,26.6625	44.0566666667,26.575	44.0516666667,26.4983333333	43.9833333333,26.2166666667	43.8833333333,26.0	43.8702777778,25.9758333333	43.9463888889,25.7422222222	43.9794444444,25.4716666667	43.9788888889,25.4180555556	43.9783333333,25.3755555556	43.9777777778,25.3330555556	43.9733333333,25.0025	43.8044444444,24.8138888889	43.7147222222,24.7113888889	43.8766666667,24.5722222222	43.9630555556,24.5386111111	44.1261111111,24.4241666667	44.1986111111,24.3730555556	44.3438888889,25.2033333333	44.285,25.2141666667
365	375	1504252800	1504259999	14	46.0308333333,23.1869444444	46.2591666667,23.5086111111	46.1966666667,23.7769444444	46.1730555556,23.8869444444	46.1088888889,24.1711111111	46.095,24.2241666667	46.0488888889,24.4194444444	45.9041666667,24.5847222222	45.8094444444,24.7061111111	45.6333333333,24.9127777778	45.6333333333,23.55	46.0041666667,23.1961111111	46.0222222222,23.1897222222	46.0308333333,23.1869444444
365	375	1504252800	1504259999	15	44.0797222222,25.2530555556	44.285,25.2141666667	44.3438888889,25.2033333333	44.4502777778,25.1830555556	44.5444444444,25.1638888889	44.8036111111,25.1608333333	44.905,25.7541666667	44.7330555556,25.9038888889	44.6730555556,25.9561111111	44.5763888889,26.0394444444	44.4388888889,26.1530555556	44.2038888889,26.475	44.1088888889,26.0941666667	44.0,25.6666666667	44.0797222222,25.2530555556
365	375	1504252800	1504259999	8	45.0775,25.5575	44.905,25.7541666667	44.8036111111,25.1608333333	44.87,25.1652777778	44.9538888889,25.1702777778	45.0761111111,25.1916666667	45.0763888889,25.2652777778	45.0775,25.5575
365	375	1504252800	1504259999	42	45.4158333333,22.9652777778	44.87,25.1652777778	44.8036111111,25.1608333333	44.5444444444,25.1638888889	44.4502777778,25.1830555556	44.3438888889,25.2033333333	44.1986111111,24.3730555556	44.1261111111,24.4241666667	43.9630555556,24.5386111111	43.8766666667,24.5722222222	43.7147222222,24.7113888889	43.7558333333,24.5597222222	43.7666666667,24.5333333333	43.7244444444,24.3536111111	43.6888888889,24.2391666667	43.7169444444,24.0902777778	43.7333333333,24.0	43.7605555556,23.8902777778	43.7758333333,23.8294444444	43.7833333333,23.8	43.7925,23.6913888889	43.8111111111,23.4955555556	43.8333333333,23.25	43.8,22.9833333333	43.8666666667,22.85	44.1,23.025	44.2,22.6666666667	44.3119444444,22.5552777778	44.4763888889,22.4494444444	44.4805555556,22.5494444444	44.5386111111,22.5702777778	44.5511111111,22.5925	44.5494444444,22.63	44.5166666667,22.6941666667	44.5366666667,22.7586111111	44.5641666667,22.7536111111	44.5997222222,22.7127777778	44.6177777778,22.6666666667	44.6175,22.6133333333	44.6527777778,22.5527777778	44.8672222222,22.8475	45.4158333333,22.9652777778
355	365	1504252800	1504259999	20	46.0308333333,23.1869444444	46.0222222222,23.1897222222	46.0041666667,23.1961111111	45.6333333333,23.55	45.6333333333,24.9127777778	45.3625,25.2294444444	45.0775,25.5575	45.0763888889,25.2652777778	45.0761111111,25.1916666667	44.9538888889,25.1702777778	44.87,25.1652777778	45.4158333333,22.9652777778	45.5275,22.9741666667	45.5444444444,22.9352777778	45.7127777778,22.9013888889	45.745,22.8883333333	45.8280555556,22.9688888889	45.8583333333,22.9961111111	45.9602777778,23.0880555556	46.0308333333,23.1869444444
355	365	1504252800	1504259999	25	44.285,25.2141666667	44.0797222222,25.2530555556	44.0,25.6666666667	44.1088888889,26.0941666667	44.2038888889,26.475	44.0638888889,26.6625	44.0566666667,26.575	44.0516666667,26.4983333333	43.9833333333,26.2166666667	43.8833333333,26.0	43.8702777778,25.9758333333	43.9463888889,25.7422222222	43.9794444444,25.4716666667	43.9788888889,25.4180555556	43.9783333333,25.3755555556	43.9777777778,25.3330555556	43.9733333333,25.0025	43.8044444444,24.8138888889	43.7147222222,24.7113888889	43.8766666667,24.5722222222	43.9630555556,24.5386111111	44.1261111111,24.4241666667	44.1986111111,24.3730555556	44.3438888889,25.2033333333	44.285,25.2141666667
355	365	1504252800	1504259999	14	46.0308333333,23.1869444444	46.2591666667,23.5086111111	46.1966666667,23.7769444444	46.1730555556,23.8869444444	46.1088888889,24.1711111111	46.095,24.2241666667	46.0488888889,24.4194444444	45.9041666667,24.5847222222	45.8094444444,24.7061111111	45.6333333333,24.9127777778	45.6333333333,23.55	46.0041666667,23.1961111111	46.0222222222,23.1897222222	46.0308333333,23.1869444444
355	365	1504252800	1504259999	15	44.0797222222,25.2530555556	44.285,25.2141666667	44.3438888889,25.2033333333	44.4502777778,25.1830555556	44.5444444444,25.1638888889	44.8036111111,25.1608333333	44.905,25.7541666667	44.7330555556,25.9038888889	44.6730555556,25.9561111111	44.5763888889,26.0394444444	44.4388888889,26.1530555556	44.2038888889,26.475	44.1088888889,26.0941666667	44.0,25.6666666667	44.0797222222,25.2530555556
355	365	1504252800	1504259999	8	45.0775,25.5575	44.905,25.7541666667	44.8036111111,25.1608333333	44.87,25.1652777778	44.9538888889,25.1702777778	45.0761111111,25.1916666667	45.0763888889,25.2652777778	45.0775,25.5575
355	365	1504252800	1504259999	42	45.4158333333,22.9652777778	44.87,25.1652777778	44.8036111111,25.1608333333	44.5444444444,25.1638888889	44.4502777778,25.1830555556	44.3438888889,25.2033333333	44.1986111111,24.3730555556	44.1261111111,24.4241666667	43.9630555556,24.5386111111	43.8766666667,24.5722222222	43.7147222222,24.7113888889	43.7558333333,24.5597222222	43.7666666667,24.5333333333	43.7244444444,24.3536111111	43.6888888889,24.2391666667	43.7169444444,24.0902777778	43.7333333333,24.0	43.7605555556,23.8902777778	43.7758333333,23.8294444444	43.7833333333,23.8	43.7925,23.6913888889	43.8111111111,23.4955555556	43.8333333333,23.25	43.8,22.9833333333	43.8666666667,22.85	44.1,23.025	44.2,22.6666666667	44.3119444444,22.5552777778	44.4763888889,22.4494444444	44.4805555556,22.5494444444	44.5386111111,22.5702777778	44.5511111111,22.5925	44.5494444444,22.63	44.5166666667,22.6941666667	44.5366666667,22.7586111111	44.5641666667,22.7536111111	44.5997222222,22.7127777778	44.6177777778,22.6666666667	44.6175,22.6133333333	44.6527777778,22.5527777778	44.8672222222,22.8475	45.4158333333,22.9652777778
