43
355	375	1504251900	1504253399	5	46.9986111111,5.9991666667	46.9841666667,6.0263888889	46.9652777778,5.9158333333	46.9833333333,5.95	46.9986111111,5.9991666667
355	375	1504251900	1504253399	5	46.1916666667,5.9722222222	46.1636111111,6.0	46.1433333333,6.0047222222	46.1461111111,5.9761111111	46.1916666667,5.9722222222
355	375	1504251900	1504253399	10	46.7822222222,6.3966666667	46.7433333333,6.3916666667	46.7119444444,6.3222222222	46.6997222222,6.2905555556	46.6833333333,6.275	46.6711111111,6.2508333333	46.6113888889,6.1644444444	46.5461111111,6.0908333333	46.5436111111,6.0094444444	46.7822222222,6.3966666667
355	375	1504251900	1504253399	4	46.1433333333,6.0047222222	45.99,6.0436111111	45.9519444444,5.96	46.1433333333,6.0047222222
355	375	1504251900	1504253399	5	46.2333333333,7.4672222222	46.1594444444,7.3797222222	46.1833333333,7.3005555556	46.2011111111,7.3975	46.2333333333,7.4672222222
355	375	1504251900	1504253399	5	45.7527777778,6.8666666667	45.5652777778,7.1247222222	45.5277777778,7.0888888889	45.48,7.0433333333	45.7527777778,6.8666666667
355	375	1504251900	1504253399	8	46.3633333333,5.4077777778	46.3525,5.4219444444	46.19,5.6322222222	46.1416666667,5.6	46.1472222222,5.5530555556	46.2,5.3333333333	46.3711111111,5.3427777778	46.3633333333,5.4077777778
355	375	1504251900	1504253399	10	45.115,6.5938888889	45.03,6.6866666667	45.0086111111,6.7772222222	44.8413888889,6.8991666667	44.8,7.0125	44.8,6.85	44.8,6.7905555556	44.8,6.7666666667	44.9902777778,6.6625	45.115,6.5938888889
355	375	1504251900	1504253399	7	46.5436111111,6.0094444444	46.4952777778,5.8905555556	46.4136111111,5.6644444444	46.3633333333,5.4077777778	46.3711111111,5.3427777778	46.5,5.35	46.5436111111,6.0094444444
355	375	1504251900	1504253399	4	45.99,6.0436111111	45.9427777778,6.0591666667	45.9519444444,5.96	45.99,6.0436111111
355	375	1504251900	1504253399	38	46.5122222222,7.805	46.5,7.9833333333	46.3333333333,8.2255555556	46.2641666667,8.0875	46.2605555556,8.0802777778	46.1833333333,8.1333333333	46.0786111111,8.0258333333	46.0,7.9666666667	45.9944444444,7.9072222222	45.9544444444,7.8772222222	45.9408333333,7.8680555556	45.925,7.8477777778	45.9322222222,7.7216666667	45.97,7.5452777778	45.9255555556,7.4508333333	45.8775,7.0972222222	45.9002777778,7.0494444444	46.0041666667,6.9855555556	46.1419444444,6.8075	46.2375,6.8108333333	46.3405555556,6.7847222222	46.2133333333,7.2013888889	46.2077777778,7.1927777778	46.1911111111,7.1927777778	46.1758333333,7.2055555556	46.1722222222,7.2391666667	46.1833333333,7.3005555556	46.1594444444,7.3797222222	46.2333333333,7.4672222222	46.2455555556,7.5047222222	46.2569444444,7.5525	46.2933333333,7.7044444444	46.3208333333,7.8030555556	46.3955555556,7.7702777778	46.36,7.6661111111	46.3363888889,7.5955555556	46.3925,7.6652777778	46.5122222222,7.805
355	375	1504251900	1504253399	13	46.6491666667,6.7594444444	46.5580555556,6.8844444444	46.5286111111,6.8783333333	46.5144444444,6.8752777778	46.4716666667,6.8011111111	46.4625,6.785	46.3991666667,6.6844444444	46.3672222222,6.715	46.3416666667,6.7422222222	46.365,6.6597222222	46.4380555556,6.4030555556	46.4686111111,6.4480555556	46.6491666667,6.7594444444
355	375	1504251900	1504253399	6	46.9527777778,7.3	46.8505555556,7.4141666667	46.5122222222,7.805	46.3925,7.6652777778	46.855,7.1230555556	46.9527777778,7.3
355	375	1504251900	1504253399	6	46.3091666667,7.5147222222	46.2852777778,7.5319444444	46.2333333333,7.4672222222	46.2780555556,7.4347222222	46.2961111111,7.4769444444	46.3091666667,7.5147222222
355	375	1504251900	1504253399	8	46.2780555556,7.4347222222	46.2333333333,7.4672222222	46.2011111111,7.3975	46.1833333333,7.3005555556	46.2133333333,7.2013888889	46.2241666667,7.2177777778	46.2516666667,7.3475	46.2780555556,7.4347222222
355	375	1504251900	1504253399	6	45.9519444444,5.96	45.9427777778,6.0591666667	45.9,6.0713888889	45.9275,5.9516666667	45.9302777778,5.9452777778	45.9519444444,5.96
355	375	1504251900	1504253399	13	46.76,6.4413888889	46.7380555556,6.5433333333	46.7333333333,6.5572222222	46.7219444444,6.5919444444	46.6813888889,6.7352777778	46.6572222222,6.7536111111	46.6491666667,6.7594444444	46.4686111111,6.4480555556	46.4380555556,6.4030555556	46.4588888889,6.3288888889	46.7433333333,6.3916666667	46.7513888889,6.4102777778	46.76,6.4413888889
355	375	1504251900	1504253399	7	46.3711111111,5.3427777778	46.2,5.3333333333	46.2333333333,5.1333333333	46.325,5.1302777778	46.3833333333,5.15	46.3936111111,5.1513888889	46.3711111111,5.3427777778
355	375	1504251900	1504253399	21	47.0533333333,6.7166666667	47.0244444444,6.6416666667	46.9719444444,6.5238888889	46.9602777778,6.4758333333	46.9255555556,6.4325	46.8541666667,6.4602777778	46.7822222222,6.3966666667	46.5436111111,6.0094444444	46.5,5.35	46.7,5.3333333333	46.7,5.5833333333	46.8705555556,5.7780555556	46.8902777778,5.8066666667	46.9333333333,5.8666666667	46.9652777778,5.9158333333	46.9841666667,6.0263888889	46.9986111111,5.9991666667	47.0383333333,6.1763888889	47.0652777778,6.2991666667	47.0658333333,6.6916666667	47.0533333333,6.7166666667
355	375	1504251900	1504253399	7	44.9802777778,7.16	45.1916666667,6.9583333333	45.4033333333,7.0866666667	45.3541666667,7.1533333333	45.1858333333,7.1563888889	45.1061111111,7.1577777778	44.9802777778,7.16
355	375	1504251900	1504253399	19	46.2375,6.8108333333	46.1419444444,6.8075	46.0041666667,6.9855555556	45.9002777778,7.0494444444	45.7527777778,6.8666666667	45.48,7.0433333333	45.4666666667,7.0319444444	45.4572222222,6.7469444444	45.5,6.3833333333	45.5833333333,6.3333333333	45.8777777778,6.1333333333	45.9313888889,6.1861111111	45.8738888889,6.2744444444	45.89,6.2902777778	45.9047222222,6.2991666667	45.9422222222,6.3436111111	46.0777777778,6.4747222222	46.0861111111,6.4897222222	46.2375,6.8108333333
355	375	1504251900	1504253399	5	46.5,5.1666666667	46.5,5.35	46.3711111111,5.3427777778	46.3936111111,5.1513888889	46.5,5.1666666667
355	375	1504251900	1504253399	17	46.7433333333,6.3916666667	46.4588888889,6.3288888889	46.4380555556,6.4030555556	46.2538888889,6.1322222222	46.2191666667,6.0833333333	46.1636111111,6.0	46.1916666667,5.9722222222	46.3327777778,6.1233333333	46.4175,6.0677777778	46.5252777778,6.0947222222	46.5461111111,6.0908333333	46.6113888889,6.1644444444	46.6711111111,6.2508333333	46.6833333333,6.275	46.6997222222,6.2905555556	46.7119444444,6.3222222222	46.7433333333,6.3916666667
355	375	1504251900	1504253399	11	45.4666666667,7.0319444444	45.4563888889,7.0211111111	45.1138888889,6.6441666667	45.0086111111,6.7772222222	45.03,6.6866666667	45.115,6.5938888889	45.3558333333,6.4608333333	45.3897222222,6.4416666667	45.5,6.3833333333	45.4572222222,6.7469444444	45.4666666667,7.0319444444
355	375	1504251900	1504253399	7	46.2325,5.9458333333	46.1916666667,5.9722222222	46.1461111111,5.9761111111	46.1433333333,6.0047222222	46.0244444444,5.7969444444	46.1166666667,5.7	46.2325,5.9458333333
355	375	1504251900	1504253399	4	46.3363888889,7.5955555556	46.2852777778,7.5319444444	46.3091666667,7.5147222222	46.3363888889,7.5955555556
355	375	1504251900	1504253399	12	46.4380555556,6.4030555556	46.365,6.6597222222	46.36,6.5305555556	46.3844444444,6.4775	46.3205555556,6.2933333333	46.205,6.2183333333	46.1861111111,6.0802777778	46.1433333333,6.0047222222	46.1636111111,6.0	46.2191666667,6.0833333333	46.2538888889,6.1322222222	46.4380555556,6.4030555556
355	375	1504251900	1504253399	5	46.7,5.1833333333	46.7,5.3333333333	46.5,5.35	46.5,5.1666666667	46.7,5.1833333333
355	375	1504251900	1504253399	9	45.99,6.0436111111	46.0141666667,6.0902777778	45.9594444444,6.2111111111	45.9313888889,6.1861111111	45.8777777778,6.1333333333	45.8933333333,6.0902777778	45.9,6.0713888889	45.9427777778,6.0591666667	45.99,6.0436111111
355	375	1504251900	1504253399	5	46.2852777778,7.5319444444	46.2569444444,7.5525	46.2455555556,7.5047222222	46.2333333333,7.4672222222	46.2852777778,7.5319444444
355	375	1504251900	1504253399	8	45.1916666667,6.9583333333	44.9802777778,7.16	44.8138888889,7.1280555556	44.8,7.0125	44.8413888889,6.8991666667	45.0086111111,6.7772222222	45.1138888889,6.6441666667	45.1916666667,6.9583333333
355	375	1504251900	1504253399	27	47.2433333333,6.9544444444	46.955,7.2927777778	46.9527777778,7.3	46.855,7.1230555556	46.8166666667,7.0569444444	46.6944444444,6.8558333333	46.6491666667,6.7594444444	46.6572222222,6.7536111111	46.6813888889,6.7352777778	46.7219444444,6.5919444444	46.7333333333,6.5572222222	46.7380555556,6.5433333333	46.76,6.4413888889	46.7822222222,6.3966666667	46.8541666667,6.4602777778	46.9255555556,6.4325	46.9602777778,6.4758333333	46.9719444444,6.5238888889	47.0244444444,6.6416666667	47.0141666667,6.6480555556	46.9808333333,6.7197222222	47.0297222222,6.7916666667	47.1,6.8708333333	47.1355555556,6.9741666667	47.1788888889,6.9338888889	47.1333333333,6.8166666667	47.2433333333,6.9544444444
355	375	1504251900	1504253399	7	46.2133333333,7.2013888889	46.1833333333,7.3005555556	46.1722222222,7.2391666667	46.1758333333,7.2055555556	46.1911111111,7.1927777778	46.2077777778,7.1927777778	46.2133333333,7.2013888889
355	375	1504251900	1504253399	22	46.855,7.1230555556	46.3925,7.6652777778	46.3363888889,7.5955555556	46.3091666667,7.5147222222	46.2961111111,7.4769444444	46.2780555556,7.4347222222	46.2516666667,7.3475	46.2241666667,7.2177777778	46.2133333333,7.2013888889	46.3405555556,6.7847222222	46.3416666667,6.7422222222	46.3672222222,6.715	46.3991666667,6.6844444444	46.4625,6.785	46.4716666667,6.8011111111	46.5144444444,6.8752777778	46.5286111111,6.8783333333	46.5580555556,6.8844444444	46.6491666667,6.7594444444	46.6944444444,6.8558333333	46.8166666667,7.0569444444	46.855,7.1230555556
355	375	1504251900	1504253399	10	45.9002777778,7.0494444444	45.8775,7.0972222222	45.9255555556,7.4508333333	45.855,7.3919444444	45.7963888889,7.3458333333	45.6527777778,7.2080555556	45.5863888889,7.1469444444	45.5652777778,7.1247222222	45.7527777778,6.8666666667	45.9002777778,7.0494444444
355	375	1504251900	1504253399	15	46.5461111111,6.0908333333	46.5252777778,6.0947222222	46.4175,6.0677777778	46.3327777778,6.1233333333	46.1916666667,5.9722222222	46.2325,5.9458333333	46.1166666667,5.7	46.1416666667,5.6	46.19,5.6322222222	46.3525,5.4219444444	46.3633333333,5.4077777778	46.4136111111,5.6644444444	46.4952777778,5.8905555556	46.5436111111,6.0094444444	46.5461111111,6.0908333333
355	375	1504251900	1504253399	10	47.0141666667,6.6480555556	47.0244444444,6.6416666667	47.0533333333,6.7166666667	47.1333333333,6.8166666667	47.1788888889,6.9338888889	47.1355555556,6.9741666667	47.1,6.8708333333	47.0297222222,6.7916666667	46.9808333333,6.7197222222	47.0141666667,6.6480555556
355	375	1504251900	1504253399	5	46.3955555556,7.7702777778	46.3208333333,7.8030555556	46.2933333333,7.7044444444	46.36,7.6661111111	46.3955555556,7.7702777778
355	375	1504251900	1504253399	5	46.7822222222,6.3966666667	46.76,6.4413888889	46.7513888889,6.4102777778	46.7433333333,6.3916666667	46.7822222222,6.3966666667
355	375	1504251900	1504253399	5	45.4563888889,7.0211111111	45.4033333333,7.0866666667	45.1916666667,6.9583333333	45.1138888889,6.6441666667	45.4563888889,7.0211111111
355	375	1504251900	1504253399	21	46.365,6.6597222222	46.3416666667,6.7422222222	46.3405555556,6.7847222222	46.2375,6.8108333333	46.0861111111,6.4897222222	46.0777777778,6.4747222222	45.9422222222,6.3436111111	45.9047222222,6.2991666667	45.89,6.2902777778	45.8738888889,6.2744444444	45.9313888889,6.1861111111	45.9594444444,6.2111111111	46.0141666667,6.0902777778	45.99,6.0436111111	46.1433333333,6.0047222222	46.1861111111,6.0802777778	46.205,6.2183333333	46.3205555556,6.2933333333	46.3844444444,6.4775	46.36,6.5305555556	46.365,6.6597222222
355	375	1504251900	1504253399	6	46.2852777778,7.5319444444	46.3363888889,7.5955555556	46.36,7.6661111111	46.2933333333,7.7044444444	46.2569444444,7.5525	46.2852777778,7.5319444444
355	375	1504251900	1504253399	6	46.1433333333,6.0047222222	45.9519444444,5.96	45.9302777778,5.9452777778	45.95,5.9166666667	46.0244444444,5.7969444444	46.1433333333,6.0047222222
