13
245	315	1504252200	1504253999	6	47.8902777778,9.1369444444	47.89,9.55	47.8833333333,9.55	47.8333333333,9.55	47.8333333333,8.8583333333	47.8902777778,9.1369444444
245	315	1504252200	1504253999	12	47.8363888889,7.5608333333	47.7891666667,7.7986111111	47.6969444444,7.7494444444	47.6611111111,7.755	47.5625,7.7644444444	47.5666666667,7.6833333333	47.6038888889,7.58	47.6327777778,7.5	47.6886111111,7.5338888889	47.7833333333,7.5319444444	47.8302777778,7.5575	47.8363888889,7.5608333333
245	315	1504252200	1504253999	8	47.8333333333,9.55	47.8,9.55	47.5338888889,9.7336111111	47.5297222222,9.5536111111	47.5447222222,9.5436111111	47.5875,9.4513888889	47.7944444444,9.5344444444	47.8333333333,9.55
245	315	1504252200	1504253999	54	47.6063888889,8.2777777778	47.5741666667,8.4561111111	47.6308333333,8.5227777778	47.6455555556,8.5227777778	47.6777777778,8.4138888889	47.7655555556,8.4980555556	47.7683333333,8.6313888889	47.6572222222,8.8922222222	47.7841666667,8.8961111111	47.7844444444,9.0025	47.7875,9.0488888889	47.79,9.1205555556	47.7408333333,9.1952777778	47.7169444444,9.2333333333	47.6361111111,9.3666666667	47.5875,9.4513888889	47.5447222222,9.5436111111	47.5297222222,9.5536111111	47.4891666667,9.5752777778	47.4472222222,9.6152777778	47.4083333333,9.6519444444	47.3933333333,9.6727777778	47.3691666667,9.6166666667	47.355,9.5983333333	47.3108333333,9.5830555556	47.2691666667,9.5366666667	47.3047222222,9.31	47.2041666667,8.7222222222	47.0525,8.2169444444	46.8833333333,8.1166666667	46.5,7.9833333333	46.5122222222,7.805	46.8505555556,7.4141666667	46.9527777778,7.3	47.0988888889,7.6047222222	47.2319444444,7.4388888889	47.2433333333,6.9544444444	47.3236111111,7.0058333333	47.3441666667,7.0625	47.4255555556,7.2025	47.4138888889,7.3811111111	47.5666666667,7.6833333333	47.5369444444,7.7033333333	47.5538888889,7.7788888889	47.5816666667,7.8338888889	47.5811111111,7.8452777778	47.5888888889,7.8519444444	47.6227777778,7.8808333333	47.5880555556,7.8997222222	47.5786111111,7.9047222222	47.5461111111,7.9436111111	47.5616666667,8.0811111111	47.6202777778,8.2	47.6063888889,8.2777777778
245	315	1504252200	1504253999	8	47.5297222222,9.5536111111	47.5338888889,9.7336111111	47.3394444444,9.9219444444	47.3366666667,9.9247222222	47.4083333333,9.6519444444	47.4472222222,9.6152777778	47.4891666667,9.5752777778	47.5297222222,9.5536111111
245	315	1504252200	1504253999	23	47.6572222222,8.8922222222	47.7683333333,8.6313888889	47.7655555556,8.4980555556	47.6777777778,8.4138888889	47.6455555556,8.5227777778	47.6308333333,8.5227777778	47.5741666667,8.4561111111	47.6063888889,8.2777777778	47.6202777778,8.2	47.5616666667,8.0811111111	47.5461111111,7.9436111111	47.5786111111,7.9047222222	47.5880555556,7.8997222222	47.6227777778,7.8808333333	47.7041666667,8.1813888889	47.7333333333,8.2891666667	47.7725,8.4169444444	47.7852777778,8.4825	47.7986111111,8.5316666667	47.7938888889,8.655	47.7833333333,8.8666666667	47.7841666667,8.8961111111	47.6572222222,8.8922222222
245	315	1504252200	1504253999	6	47.6327777778,7.5	47.6038888889,7.58	47.4975,7.4736111111	47.4836111111,7.4588888889	47.4138888889,7.3811111111	47.6327777778,7.5
245	315	1504252200	1504253999	6	48.0,7.6166666667	47.9194444444,7.8813888889	47.7891666667,7.7986111111	47.8363888889,7.5608333333	47.9083333333,7.5833333333	48.0,7.6166666667
245	315	1504252200	1504253999	6	47.6038888889,7.58	47.5666666667,7.6833333333	47.4138888889,7.3811111111	47.4836111111,7.4588888889	47.4975,7.4736111111	47.6038888889,7.58
245	315	1504252200	1504253999	10	47.3366666667,9.9247222222	47.2766666667,9.9825	47.1775,10.0763888889	47.2691666667,9.5366666667	47.3108333333,9.5830555556	47.355,9.5983333333	47.3691666667,9.6166666667	47.3933333333,9.6727777778	47.4083333333,9.6519444444	47.3366666667,9.9247222222
245	315	1504252200	1504253999	27	47.9194444444,7.8813888889	47.8333333333,8.2958333333	47.8333333333,8.6166666667	47.8333333333,8.8583333333	47.8333333333,9.55	47.7944444444,9.5344444444	47.5875,9.4513888889	47.6361111111,9.3666666667	47.7169444444,9.2333333333	47.7408333333,9.1952777778	47.79,9.1205555556	47.7875,9.0488888889	47.7844444444,9.0025	47.7841666667,8.8961111111	47.7833333333,8.8666666667	47.7938888889,8.655	47.7986111111,8.5316666667	47.7852777778,8.4825	47.7725,8.4169444444	47.7333333333,8.2891666667	47.7041666667,8.1813888889	47.6227777778,7.8808333333	47.5625,7.7644444444	47.6611111111,7.755	47.6969444444,7.7494444444	47.7891666667,7.7986111111	47.9194444444,7.8813888889
245	315	1504252200	1504253999	10	47.5811111111,7.8452777778	47.5816666667,7.8338888889	47.5538888889,7.7788888889	47.5369444444,7.7033333333	47.5666666667,7.6833333333	47.5625,7.7644444444	47.6227777778,7.8808333333	47.5880555556,7.8997222222	47.5888888889,7.8519444444	47.5811111111,7.8452777778
245	315	1504252200	1504253999	6	47.2433333333,6.9544444444	47.2319444444,7.4388888889	47.0988888889,7.6047222222	46.9527777778,7.3	46.955,7.2927777778	47.2433333333,6.9544444444
