17
315	335	1504275600	1504277999	6	47.8902777778,9.1369444444	47.89,9.55	47.8833333333,9.55	47.8333333333,9.55	47.8333333333,8.8583333333	47.8902777778,9.1369444444
315	335	1504275600	1504277999	6	47.6038888889,7.58	47.5666666667,7.6833333333	47.4138888889,7.3811111111	47.4836111111,7.4588888889	47.4975,7.4736111111	47.6038888889,7.58
315	335	1504275600	1504277999	6	46.1569444444,8.8	46.1458333333,8.8333333333	46.1422222222,8.9255555556	46.1066666667,8.6802777778	46.1044444444,8.665	46.1569444444,8.8
315	335	1504275600	1504277999	8	47.8333333333,9.55	47.8,9.55	47.5338888889,9.7336111111	47.5297222222,9.5536111111	47.5447222222,9.5436111111	47.5875,9.4513888889	47.7944444444,9.5344444444	47.8333333333,9.55
315	335	1504275600	1504277999	14	47.0008333333,10.3894444444	46.9108333333,10.275	46.8105555556,10.1505555556	46.8438888889,10.1158333333	47.0213888889,9.82	47.05,9.5933333333	47.0527777778,9.5813888889	47.1302777778,9.6305555556	47.1533333333,9.6144444444	47.2691666667,9.5366666667	47.1775,10.0763888889	47.1102777778,10.1413888889	47.0875,10.1925	47.0008333333,10.3894444444
315	335	1504275600	1504277999	8	47.5297222222,9.5536111111	47.5338888889,9.7336111111	47.3394444444,9.9219444444	47.3366666667,9.9247222222	47.4083333333,9.6519444444	47.4472222222,9.6152777778	47.4891666667,9.5752777778	47.5297222222,9.5536111111
315	335	1504275600	1504277999	23	47.6572222222,8.8922222222	47.7683333333,8.6313888889	47.7655555556,8.4980555556	47.6777777778,8.4138888889	47.6455555556,8.5227777778	47.6308333333,8.5227777778	47.5741666667,8.4561111111	47.6063888889,8.2777777778	47.6202777778,8.2	47.5616666667,8.0811111111	47.5461111111,7.9436111111	47.5786111111,7.9047222222	47.5880555556,7.8997222222	47.6227777778,7.8808333333	47.7041666667,8.1813888889	47.7333333333,8.2891666667	47.7725,8.4169444444	47.7852777778,8.4825	47.7986111111,8.5316666667	47.7938888889,8.655	47.7833333333,8.8666666667	47.7841666667,8.8961111111	47.6572222222,8.8922222222
315	335	1504275600	1504277999	10	46.1916666667,8.9333333333	46.1791666667,8.9583333333	46.1625,8.9583333333	46.1422222222,8.9255555556	46.1555555556,8.9030555556	46.1666666667,8.8811111111	46.1569444444,8.8	46.1736111111,8.8	46.1875,8.8333333333	46.1916666667,8.9333333333
315	335	1504275600	1504277999	6	46.1666666667,8.8811111111	46.1555555556,8.9030555556	46.1422222222,8.9255555556	46.1458333333,8.8333333333	46.1569444444,8.8	46.1666666667,8.8811111111
315	335	1504275600	1504277999	6	47.6327777778,7.5	47.6038888889,7.58	47.4975,7.4736111111	47.4836111111,7.4588888889	47.4138888889,7.3811111111	47.6327777778,7.5
315	335	1504275600	1504277999	6	48.0,7.6166666667	47.9194444444,7.8813888889	47.7891666667,7.7986111111	47.8363888889,7.5608333333	47.9083333333,7.5833333333	48.0,7.6166666667
315	335	1504275600	1504277999	12	47.8363888889,7.5608333333	47.7891666667,7.7986111111	47.6969444444,7.7494444444	47.6611111111,7.755	47.5625,7.7644444444	47.5666666667,7.6833333333	47.6038888889,7.58	47.6327777778,7.5	47.6886111111,7.5338888889	47.7833333333,7.5319444444	47.8302777778,7.5575	47.8363888889,7.5608333333
315	335	1504275600	1504277999	10	47.3366666667,9.9247222222	47.2766666667,9.9825	47.1775,10.0763888889	47.2691666667,9.5366666667	47.3108333333,9.5830555556	47.355,9.5983333333	47.3691666667,9.6166666667	47.3933333333,9.6727777778	47.4083333333,9.6519444444	47.3366666667,9.9247222222
315	335	1504275600	1504277999	99	47.6063888889,8.2777777778	47.5741666667,8.4561111111	47.6308333333,8.5227777778	47.6455555556,8.5227777778	47.6777777778,8.4138888889	47.7655555556,8.4980555556	47.7683333333,8.6313888889	47.6572222222,8.8922222222	47.7841666667,8.8961111111	47.7844444444,9.0025	47.7875,9.0488888889	47.79,9.1205555556	47.7408333333,9.1952777778	47.7169444444,9.2333333333	47.6361111111,9.3666666667	47.5875,9.4513888889	47.5447222222,9.5436111111	47.5297222222,9.5536111111	47.4891666667,9.5752777778	47.4472222222,9.6152777778	47.4083333333,9.6519444444	47.3933333333,9.6727777778	47.3691666667,9.6166666667	47.355,9.5983333333	47.3108333333,9.5830555556	47.2691666667,9.5366666667	47.1533333333,9.6144444444	47.1302777778,9.6305555556	47.0527777778,9.5813888889	47.05,9.5933333333	47.0213888889,9.82	46.8438888889,10.1158333333	46.8105555556,10.1505555556	46.9108333333,10.275	47.0008333333,10.3894444444	46.9488888889,10.4888888889	46.8666666667,10.4666666667	46.7369444444,10.4044444444	46.5622222222,10.4791666667	46.5441666667,10.3405555556	46.6333333333,10.2166666667	46.6219444444,10.2022222222	46.6166666667,10.1483333333	46.5052777778,10.0636111111	46.4783333333,10.0433333333	46.4166666667,9.9	46.3069444444,9.5513888889	46.3388888889,9.5188888889	46.3502777778,9.5072222222	46.5097222222,9.3625	46.4819444444,9.2752777778	46.4147222222,9.2775	46.3091666667,9.2825	46.2086111111,9.2933333333	46.1536111111,9.2297222222	46.1597222222,9.0427777778	46.1466666667,8.9552777778	46.1422222222,8.9255555556	46.1625,8.9583333333	46.1791666667,8.9583333333	46.1916666667,8.9333333333	46.1875,8.8333333333	46.1736111111,8.8	46.1569444444,8.8	46.1044444444,8.665	46.1686111111,8.5697222222	46.2252777778,8.5033333333	46.2452777778,8.4763888889	46.2536111111,8.4591666667	46.2752777778,8.4463888889	46.28,8.4436111111	46.4661111111,8.4341666667	46.4141666667,8.2905555556	46.3875,8.3194444444	46.3333333333,8.2255555556	46.5,7.9833333333	46.5122222222,7.805	46.8505555556,7.4141666667	46.9527777778,7.3	47.0988888889,7.6047222222	47.2319444444,7.4388888889	47.2433333333,6.9544444444	47.3236111111,7.0058333333	47.3441666667,7.0625	47.4255555556,7.2025	47.4138888889,7.3811111111	47.5666666667,7.6833333333	47.5369444444,7.7033333333	47.5538888889,7.7788888889	47.5816666667,7.8338888889	47.5811111111,7.8452777778	47.5888888889,7.8519444444	47.6227777778,7.8808333333	47.5880555556,7.8997222222	47.5786111111,7.9047222222	47.5461111111,7.9436111111	47.5616666667,8.0811111111	47.6202777778,8.2	47.6063888889,8.2777777778
315	335	1504275600	1504277999	27	47.9194444444,7.8813888889	47.8333333333,8.2958333333	47.8333333333,8.6166666667	47.8333333333,8.8583333333	47.8333333333,9.55	47.7944444444,9.5344444444	47.5875,9.4513888889	47.6361111111,9.3666666667	47.7169444444,9.2333333333	47.7408333333,9.1952777778	47.79,9.1205555556	47.7875,9.0488888889	47.7844444444,9.0025	47.7841666667,8.8961111111	47.7833333333,8.8666666667	47.7938888889,8.655	47.7986111111,8.5316666667	47.7852777778,8.4825	47.7725,8.4169444444	47.7333333333,8.2891666667	47.7041666667,8.1813888889	47.6227777778,7.8808333333	47.5625,7.7644444444	47.6611111111,7.755	47.6969444444,7.7494444444	47.7891666667,7.7986111111	47.9194444444,7.8813888889
315	335	1504275600	1504277999	10	47.5811111111,7.8452777778	47.5816666667,7.8338888889	47.5538888889,7.7788888889	47.5369444444,7.7033333333	47.5666666667,7.6833333333	47.5625,7.7644444444	47.6227777778,7.8808333333	47.5880555556,7.8997222222	47.5888888889,7.8519444444	47.5811111111,7.8452777778
315	335	1504275600	1504277999	6	47.2433333333,6.9544444444	47.2319444444,7.4388888889	47.0988888889,7.6047222222	46.9527777778,7.3	46.955,7.2927777778	47.2433333333,6.9544444444
