15
365	375	1504260000	1504281599	7	40.8472222222,35.8247222222	40.8141666667,35.97	40.4166666667,36.2	40.2155555556,35.8383333333	40.1666666667,35.75	40.1666666667,35.6544444444	40.8472222222,35.8247222222
365	375	1504260000	1504281599	13	40.8141666667,35.97	40.4172222222,37.675	39.4783333333,38.0313888889	39.0844444444,38.1755555556	39.1591666667,38.0255555556	38.7497222222,37.4919444444	38.7894444444,37.1441666667	39.1313888889,35.3997222222	40.1666666667,35.6544444444	40.1666666667,35.75	40.2155555556,35.8383333333	40.4166666667,36.2	40.8141666667,35.97
365	375	1504260000	1504281599	5	39.1591666667,38.0255555556	39.0844444444,38.1755555556	38.6544444444,38.3308333333	38.7497222222,37.4919444444	39.1591666667,38.0255555556
355	365	1504260000	1504281599	7	40.8472222222,35.8247222222	40.8141666667,35.97	40.4166666667,36.2	40.2155555556,35.8383333333	40.1666666667,35.75	40.1666666667,35.6544444444	40.8472222222,35.8247222222
355	365	1504260000	1504281599	13	40.8141666667,35.97	40.4172222222,37.675	39.4783333333,38.0313888889	39.0844444444,38.1755555556	39.1591666667,38.0255555556	38.7497222222,37.4919444444	38.7894444444,37.1441666667	39.1313888889,35.3997222222	40.1666666667,35.6544444444	40.1666666667,35.75	40.2155555556,35.8383333333	40.4166666667,36.2	40.8141666667,35.97
355	365	1504260000	1504281599	5	39.1591666667,38.0255555556	39.0844444444,38.1755555556	38.6544444444,38.3308333333	38.7497222222,37.4919444444	39.1591666667,38.0255555556
0	345	1504260000	1504281599	13	40.8141666667,35.97	40.4172222222,37.675	39.4783333333,38.0313888889	39.0844444444,38.1755555556	39.1591666667,38.0255555556	38.7497222222,37.4919444444	38.7894444444,37.1441666667	39.1313888889,35.3997222222	40.1666666667,35.6544444444	40.1666666667,35.75	40.2155555556,35.8383333333	40.4166666667,36.2	40.8141666667,35.97
275	345	1504260000	1504281599	7	40.8472222222,35.8247222222	40.8141666667,35.97	40.4166666667,36.2	40.2155555556,35.8383333333	40.1666666667,35.75	40.1666666667,35.6544444444	40.8472222222,35.8247222222
275	345	1504260000	1504281599	5	39.1591666667,38.0255555556	39.0844444444,38.1755555556	38.6544444444,38.3308333333	38.7497222222,37.4919444444	39.1591666667,38.0255555556
345	355	1504260000	1504281599	7	40.8472222222,35.8247222222	40.8141666667,35.97	40.4166666667,36.2	40.2155555556,35.8383333333	40.1666666667,35.75	40.1666666667,35.6544444444	40.8472222222,35.8247222222
345	355	1504260000	1504281599	13	40.8141666667,35.97	40.4172222222,37.675	39.4783333333,38.0313888889	39.0844444444,38.1755555556	39.1591666667,38.0255555556	38.7497222222,37.4919444444	38.7894444444,37.1441666667	39.1313888889,35.3997222222	40.1666666667,35.6544444444	40.1666666667,35.75	40.2155555556,35.8383333333	40.4166666667,36.2	40.8141666667,35.97
345	355	1504260000	1504281599	5	39.1591666667,38.0255555556	39.0844444444,38.1755555556	38.6544444444,38.3308333333	38.7497222222,37.4919444444	39.1591666667,38.0255555556
375	999	1504260000	1504281599	7	40.8472222222,35.8247222222	40.8141666667,35.97	40.4166666667,36.2	40.2155555556,35.8383333333	40.1666666667,35.75	40.1666666667,35.6544444444	40.8472222222,35.8247222222
375	999	1504260000	1504281599	13	40.8141666667,35.97	40.4172222222,37.675	39.4783333333,38.0313888889	39.0844444444,38.1755555556	39.1591666667,38.0255555556	38.7497222222,37.4919444444	38.7894444444,37.1441666667	39.1313888889,35.3997222222	40.1666666667,35.6544444444	40.1666666667,35.75	40.2155555556,35.8383333333	40.4166666667,36.2	40.8141666667,35.97
375	999	1504260000	1504281599	5	39.1591666667,38.0255555556	39.0844444444,38.1755555556	38.6544444444,38.3308333333	38.7497222222,37.4919444444	39.1591666667,38.0255555556
