65
245	345	1504234800	1504235999	10	37.1713888889,37.3336111111	37.2166666667,37.5	37.1388888889,37.6541666667	36.9847222222,37.7666666667	36.7833333333,37.73	36.7036111111,37.4005555556	36.8,37.1777777778	36.9541666667,37.1541666667	37.1208333333,37.2433333333	37.1713888889,37.3336111111
365	375	1504234800	1504235999	6	37.7,34.9166666667	37.8333333333,35.5	37.7,36.0	37.5975,36.11	37.5855555556,34.7569444444	37.7,34.9166666667
365	375	1504234800	1504235999	7	40.8472222222,35.8247222222	40.8141666667,35.97	40.4166666667,36.2	40.2155555556,35.8383333333	40.1666666667,35.75	40.1666666667,35.6544444444	40.8472222222,35.8247222222
365	375	1504234800	1504235999	13	40.8141666667,35.97	40.4172222222,37.675	39.4783333333,38.0313888889	39.0844444444,38.1755555556	39.1591666667,38.0255555556	38.7497222222,37.4919444444	38.7894444444,37.1441666667	39.1313888889,35.3997222222	40.1666666667,35.6544444444	40.1666666667,35.75	40.2155555556,35.8383333333	40.4166666667,36.2	40.8141666667,35.97
365	375	1504234800	1504235999	8	37.8341666667,36.9875	37.7666666667,37.1166666667	37.5313888889,37.59	37.2638888889,37.3772222222	37.2602777778,37.2147222222	37.2480555556,36.4805555556	37.5983333333,36.2916666667	37.8341666667,36.9875
365	375	1504234800	1504235999	9	37.3538888889,34.4838888889	36.1730555556,35.4588888889	36.1666666667,35.4	36.3222222222,34.8333333333	36.5219444444,34.5413888889	36.6255555556,34.5205555556	36.64,34.4730555556	37.0,34.3666666667	37.3538888889,34.4838888889
365	375	1504234800	1504235999	11	39.0411111111,35.3786111111	38.9386111111,35.7938888889	38.7905555556,36.3469444444	38.4419444444,36.2375	38.1977777778,35.9244444444	38.1086111111,35.4986111111	38.1977777778,35.0727777778	38.2644444444,34.9866666667	38.4419444444,34.7597222222	38.5,34.7166666667	39.0411111111,35.3786111111
365	375	1504234800	1504235999	12	37.5855555556,34.7569444444	37.5975,36.11	37.35,36.3666666667	37.0,36.5	36.9305555556,36.4722222222	36.6,36.3333333333	36.3833333333,36.15	36.2,35.7	36.1730555556,35.4588888889	37.3538888889,34.4838888889	37.4,34.5	37.5855555556,34.7569444444
365	375	1504234800	1504235999	10	37.1713888889,37.3336111111	37.2166666667,37.5	37.1388888889,37.6541666667	36.9847222222,37.7666666667	36.7833333333,37.73	36.7036111111,37.4005555556	36.8,37.1777777778	36.9541666667,37.1541666667	37.1208333333,37.2433333333	37.1713888889,37.3336111111
365	375	1504234800	1504235999	7	38.7497222222,37.4919444444	38.6544444444,38.3308333333	37.7211111111,38.6680555556	37.8333333333,37.5975	37.8352777778,37.5725	38.3791666667,37.0111111111	38.7497222222,37.4919444444
365	375	1504234800	1504235999	46	39.1313888889,35.3997222222	38.7894444444,37.1441666667	38.7497222222,37.4919444444	38.3791666667,37.0111111111	37.8352777778,37.5725	37.8333333333,37.5975	37.7211111111,38.6680555556	37.6411111111,38.6966666667	37.4597222222,38.515	36.8280555556,38.5525	36.845,38.98	36.7086111111,39.0283333333	36.6666666667,38.75	36.9,38.3666666667	36.6488888889,37.3830555556	36.7036111111,37.4005555556	36.7833333333,37.73	36.9847222222,37.7666666667	37.1388888889,37.6541666667	37.2166666667,37.5	37.5313888889,37.59	37.7666666667,37.1166666667	37.8341666667,36.9875	37.5983333333,36.2916666667	37.5975,36.11	37.7,36.0	37.8333333333,35.5	37.7,34.9166666667	37.5855555556,34.7569444444	37.4,34.5	37.3538888889,34.4838888889	37.0,34.3666666667	36.64,34.4730555556	36.8786111111,33.7191666667	37.5766666667,33.6288888889	38.5,34.7166666667	38.4419444444,34.7597222222	38.2644444444,34.9866666667	38.1977777778,35.0727777778	38.1086111111,35.4986111111	38.1977777778,35.9244444444	38.4419444444,36.2375	38.7905555556,36.3469444444	38.9386111111,35.7938888889	39.0411111111,35.3786111111	39.1313888889,35.3997222222
365	375	1504234800	1504235999	34	37.5975,36.11	37.5983333333,36.2916666667	37.2480555556,36.4805555556	37.2602777778,37.2147222222	37.2638888889,37.3772222222	37.5313888889,37.59	37.2166666667,37.5	37.1713888889,37.3336111111	37.1208333333,37.2433333333	36.9541666667,37.1541666667	36.8,37.1777777778	36.7036111111,37.4005555556	36.6488888889,37.3830555556	36.65,37.0638888889	36.8333333333,36.6666666667	36.7844444444,36.6413888889	36.5,36.5875	36.2333333333,36.7	36.1666666667,36.3666666667	35.8666666667,36.1833333333	35.8833333333,36.0333333333	35.9166666667,35.6666666667	35.9191666667,34.6638888889	36.5219444444,34.5413888889	36.3222222222,34.8333333333	36.1666666667,35.4	36.1730555556,35.4588888889	36.2,35.7	36.3833333333,36.15	36.6,36.3333333333	36.9305555556,36.4722222222	37.0,36.5	37.35,36.3666666667	37.5975,36.11
365	375	1504234800	1504235999	5	39.1591666667,38.0255555556	39.0844444444,38.1755555556	38.6544444444,38.3308333333	38.7497222222,37.4919444444	39.1591666667,38.0255555556
365	375	1504234800	1504235999	5	37.6411111111,38.6966666667	36.845,38.98	36.8280555556,38.5525	37.4597222222,38.515	37.6411111111,38.6966666667
355	365	1504234800	1504235999	6	37.7,34.9166666667	37.8333333333,35.5	37.7,36.0	37.5975,36.11	37.5855555556,34.7569444444	37.7,34.9166666667
355	365	1504234800	1504235999	7	40.8472222222,35.8247222222	40.8141666667,35.97	40.4166666667,36.2	40.2155555556,35.8383333333	40.1666666667,35.75	40.1666666667,35.6544444444	40.8472222222,35.8247222222
355	365	1504234800	1504235999	34	37.5975,36.11	37.5983333333,36.2916666667	37.2480555556,36.4805555556	37.2602777778,37.2147222222	37.2638888889,37.3772222222	37.5313888889,37.59	37.2166666667,37.5	37.1713888889,37.3336111111	37.1208333333,37.2433333333	36.9541666667,37.1541666667	36.8,37.1777777778	36.7036111111,37.4005555556	36.6488888889,37.3830555556	36.65,37.0638888889	36.8333333333,36.6666666667	36.7844444444,36.6413888889	36.5,36.5875	36.2333333333,36.7	36.1666666667,36.3666666667	35.8666666667,36.1833333333	35.8833333333,36.0333333333	35.9166666667,35.6666666667	35.9191666667,34.6638888889	36.5219444444,34.5413888889	36.3222222222,34.8333333333	36.1666666667,35.4	36.1730555556,35.4588888889	36.2,35.7	36.3833333333,36.15	36.6,36.3333333333	36.9305555556,36.4722222222	37.0,36.5	37.35,36.3666666667	37.5975,36.11
355	365	1504234800	1504235999	11	39.0411111111,35.3786111111	38.9386111111,35.7938888889	38.7905555556,36.3469444444	38.4419444444,36.2375	38.1977777778,35.9244444444	38.1086111111,35.4986111111	38.1977777778,35.0727777778	38.2644444444,34.9866666667	38.4419444444,34.7597222222	38.5,34.7166666667	39.0411111111,35.3786111111
355	365	1504234800	1504235999	9	37.3538888889,34.4838888889	36.1730555556,35.4588888889	36.1666666667,35.4	36.3222222222,34.8333333333	36.5219444444,34.5413888889	36.6255555556,34.5205555556	36.64,34.4730555556	37.0,34.3666666667	37.3538888889,34.4838888889
355	365	1504234800	1504235999	8	37.8341666667,36.9875	37.7666666667,37.1166666667	37.5313888889,37.59	37.2638888889,37.3772222222	37.2602777778,37.2147222222	37.2480555556,36.4805555556	37.5983333333,36.2916666667	37.8341666667,36.9875
355	365	1504234800	1504235999	12	37.5855555556,34.7569444444	37.5975,36.11	37.35,36.3666666667	37.0,36.5	36.9305555556,36.4722222222	36.6,36.3333333333	36.3833333333,36.15	36.2,35.7	36.1730555556,35.4588888889	37.3538888889,34.4838888889	37.4,34.5	37.5855555556,34.7569444444
355	365	1504234800	1504235999	10	37.1713888889,37.3336111111	37.2166666667,37.5	37.1388888889,37.6541666667	36.9847222222,37.7666666667	36.7833333333,37.73	36.7036111111,37.4005555556	36.8,37.1777777778	36.9541666667,37.1541666667	37.1208333333,37.2433333333	37.1713888889,37.3336111111
355	365	1504234800	1504235999	7	38.7497222222,37.4919444444	38.6544444444,38.3308333333	37.7211111111,38.6680555556	37.8333333333,37.5975	37.8352777778,37.5725	38.3791666667,37.0111111111	38.7497222222,37.4919444444
355	365	1504234800	1504235999	46	39.1313888889,35.3997222222	38.7894444444,37.1441666667	38.7497222222,37.4919444444	38.3791666667,37.0111111111	37.8352777778,37.5725	37.8333333333,37.5975	37.7211111111,38.6680555556	37.6411111111,38.6966666667	37.4597222222,38.515	36.8280555556,38.5525	36.845,38.98	36.7086111111,39.0283333333	36.6666666667,38.75	36.9,38.3666666667	36.6488888889,37.3830555556	36.7036111111,37.4005555556	36.7833333333,37.73	36.9847222222,37.7666666667	37.1388888889,37.6541666667	37.2166666667,37.5	37.5313888889,37.59	37.7666666667,37.1166666667	37.8341666667,36.9875	37.5983333333,36.2916666667	37.5975,36.11	37.7,36.0	37.8333333333,35.5	37.7,34.9166666667	37.5855555556,34.7569444444	37.4,34.5	37.3538888889,34.4838888889	37.0,34.3666666667	36.64,34.4730555556	36.8786111111,33.7191666667	37.5766666667,33.6288888889	38.5,34.7166666667	38.4419444444,34.7597222222	38.2644444444,34.9866666667	38.1977777778,35.0727777778	38.1086111111,35.4986111111	38.1977777778,35.9244444444	38.4419444444,36.2375	38.7905555556,36.3469444444	38.9386111111,35.7938888889	39.0411111111,35.3786111111	39.1313888889,35.3997222222
355	365	1504234800	1504235999	13	40.8141666667,35.97	40.4172222222,37.675	39.4783333333,38.0313888889	39.0844444444,38.1755555556	39.1591666667,38.0255555556	38.7497222222,37.4919444444	38.7894444444,37.1441666667	39.1313888889,35.3997222222	40.1666666667,35.6544444444	40.1666666667,35.75	40.2155555556,35.8383333333	40.4166666667,36.2	40.8141666667,35.97
355	365	1504234800	1504235999	5	39.1591666667,38.0255555556	39.0844444444,38.1755555556	38.6544444444,38.3308333333	38.7497222222,37.4919444444	39.1591666667,38.0255555556
355	365	1504234800	1504235999	5	37.6411111111,38.6966666667	36.845,38.98	36.8280555556,38.5525	37.4597222222,38.515	37.6411111111,38.6966666667
0	345	1504234800	1504235999	13	40.8141666667,35.97	40.4172222222,37.675	39.4783333333,38.0313888889	39.0844444444,38.1755555556	39.1591666667,38.0255555556	38.7497222222,37.4919444444	38.7894444444,37.1441666667	39.1313888889,35.3997222222	40.1666666667,35.6544444444	40.1666666667,35.75	40.2155555556,35.8383333333	40.4166666667,36.2	40.8141666667,35.97
0	345	1504234800	1504235999	46	39.1313888889,35.3997222222	38.7894444444,37.1441666667	38.7497222222,37.4919444444	38.3791666667,37.0111111111	37.8352777778,37.5725	37.8333333333,37.5975	37.7211111111,38.6680555556	37.6411111111,38.6966666667	37.4597222222,38.515	36.8280555556,38.5525	36.845,38.98	36.7086111111,39.0283333333	36.6666666667,38.75	36.9,38.3666666667	36.6488888889,37.3830555556	36.7036111111,37.4005555556	36.7833333333,37.73	36.9847222222,37.7666666667	37.1388888889,37.6541666667	37.2166666667,37.5	37.5313888889,37.59	37.7666666667,37.1166666667	37.8341666667,36.9875	37.5983333333,36.2916666667	37.5975,36.11	37.7,36.0	37.8333333333,35.5	37.7,34.9166666667	37.5855555556,34.7569444444	37.4,34.5	37.3538888889,34.4838888889	37.0,34.3666666667	36.64,34.4730555556	36.8786111111,33.7191666667	37.5766666667,33.6288888889	38.5,34.7166666667	38.4419444444,34.7597222222	38.2644444444,34.9866666667	38.1977777778,35.0727777778	38.1086111111,35.4986111111	38.1977777778,35.9244444444	38.4419444444,36.2375	38.7905555556,36.3469444444	38.9386111111,35.7938888889	39.0411111111,35.3786111111	39.1313888889,35.3997222222
0	345	1504234800	1504235999	34	37.5975,36.11	37.5983333333,36.2916666667	37.2480555556,36.4805555556	37.2602777778,37.2147222222	37.2638888889,37.3772222222	37.5313888889,37.59	37.2166666667,37.5	37.1713888889,37.3336111111	37.1208333333,37.2433333333	36.9541666667,37.1541666667	36.8,37.1777777778	36.7036111111,37.4005555556	36.6488888889,37.3830555556	36.65,37.0638888889	36.8333333333,36.6666666667	36.7844444444,36.6413888889	36.5,36.5875	36.2333333333,36.7	36.1666666667,36.3666666667	35.8666666667,36.1833333333	35.8833333333,36.0333333333	35.9166666667,35.6666666667	35.9191666667,34.6638888889	36.5219444444,34.5413888889	36.3222222222,34.8333333333	36.1666666667,35.4	36.1730555556,35.4588888889	36.2,35.7	36.3833333333,36.15	36.6,36.3333333333	36.9305555556,36.4722222222	37.0,36.5	37.35,36.3666666667	37.5975,36.11
205	345	1504234800	1504235999	8	37.8341666667,36.9875	37.7666666667,37.1166666667	37.5313888889,37.59	37.2638888889,37.3772222222	37.2602777778,37.2147222222	37.2480555556,36.4805555556	37.5983333333,36.2916666667	37.8341666667,36.9875
205	345	1504234800	1504235999	5	37.6411111111,38.6966666667	36.845,38.98	36.8280555556,38.5525	37.4597222222,38.515	37.6411111111,38.6966666667
275	345	1504234800	1504235999	6	37.7,34.9166666667	37.8333333333,35.5	37.7,36.0	37.5975,36.11	37.5855555556,34.7569444444	37.7,34.9166666667
275	345	1504234800	1504235999	7	40.8472222222,35.8247222222	40.8141666667,35.97	40.4166666667,36.2	40.2155555556,35.8383333333	40.1666666667,35.75	40.1666666667,35.6544444444	40.8472222222,35.8247222222
275	345	1504234800	1504235999	11	39.0411111111,35.3786111111	38.9386111111,35.7938888889	38.7905555556,36.3469444444	38.4419444444,36.2375	38.1977777778,35.9244444444	38.1086111111,35.4986111111	38.1977777778,35.0727777778	38.2644444444,34.9866666667	38.4419444444,34.7597222222	38.5,34.7166666667	39.0411111111,35.3786111111
275	345	1504234800	1504235999	9	37.3538888889,34.4838888889	36.1730555556,35.4588888889	36.1666666667,35.4	36.3222222222,34.8333333333	36.5219444444,34.5413888889	36.6255555556,34.5205555556	36.64,34.4730555556	37.0,34.3666666667	37.3538888889,34.4838888889
275	345	1504234800	1504235999	12	37.5855555556,34.7569444444	37.5975,36.11	37.35,36.3666666667	37.0,36.5	36.9305555556,36.4722222222	36.6,36.3333333333	36.3833333333,36.15	36.2,35.7	36.1730555556,35.4588888889	37.3538888889,34.4838888889	37.4,34.5	37.5855555556,34.7569444444
275	345	1504234800	1504235999	7	38.7497222222,37.4919444444	38.6544444444,38.3308333333	37.7211111111,38.6680555556	37.8333333333,37.5975	37.8352777778,37.5725	38.3791666667,37.0111111111	38.7497222222,37.4919444444
275	345	1504234800	1504235999	5	39.1591666667,38.0255555556	39.0844444444,38.1755555556	38.6544444444,38.3308333333	38.7497222222,37.4919444444	39.1591666667,38.0255555556
345	355	1504234800	1504235999	6	37.7,34.9166666667	37.8333333333,35.5	37.7,36.0	37.5975,36.11	37.5855555556,34.7569444444	37.7,34.9166666667
345	355	1504234800	1504235999	7	40.8472222222,35.8247222222	40.8141666667,35.97	40.4166666667,36.2	40.2155555556,35.8383333333	40.1666666667,35.75	40.1666666667,35.6544444444	40.8472222222,35.8247222222
345	355	1504234800	1504235999	13	40.8141666667,35.97	40.4172222222,37.675	39.4783333333,38.0313888889	39.0844444444,38.1755555556	39.1591666667,38.0255555556	38.7497222222,37.4919444444	38.7894444444,37.1441666667	39.1313888889,35.3997222222	40.1666666667,35.6544444444	40.1666666667,35.75	40.2155555556,35.8383333333	40.4166666667,36.2	40.8141666667,35.97
345	355	1504234800	1504235999	8	37.8341666667,36.9875	37.7666666667,37.1166666667	37.5313888889,37.59	37.2638888889,37.3772222222	37.2602777778,37.2147222222	37.2480555556,36.4805555556	37.5983333333,36.2916666667	37.8341666667,36.9875
345	355	1504234800	1504235999	9	37.3538888889,34.4838888889	36.1730555556,35.4588888889	36.1666666667,35.4	36.3222222222,34.8333333333	36.5219444444,34.5413888889	36.6255555556,34.5205555556	36.64,34.4730555556	37.0,34.3666666667	37.3538888889,34.4838888889
345	355	1504234800	1504235999	11	39.0411111111,35.3786111111	38.9386111111,35.7938888889	38.7905555556,36.3469444444	38.4419444444,36.2375	38.1977777778,35.9244444444	38.1086111111,35.4986111111	38.1977777778,35.0727777778	38.2644444444,34.9866666667	38.4419444444,34.7597222222	38.5,34.7166666667	39.0411111111,35.3786111111
345	355	1504234800	1504235999	12	37.5855555556,34.7569444444	37.5975,36.11	37.35,36.3666666667	37.0,36.5	36.9305555556,36.4722222222	36.6,36.3333333333	36.3833333333,36.15	36.2,35.7	36.1730555556,35.4588888889	37.3538888889,34.4838888889	37.4,34.5	37.5855555556,34.7569444444
345	355	1504234800	1504235999	10	37.1713888889,37.3336111111	37.2166666667,37.5	37.1388888889,37.6541666667	36.9847222222,37.7666666667	36.7833333333,37.73	36.7036111111,37.4005555556	36.8,37.1777777778	36.9541666667,37.1541666667	37.1208333333,37.2433333333	37.1713888889,37.3336111111
345	355	1504234800	1504235999	7	38.7497222222,37.4919444444	38.6544444444,38.3308333333	37.7211111111,38.6680555556	37.8333333333,37.5975	37.8352777778,37.5725	38.3791666667,37.0111111111	38.7497222222,37.4919444444
345	355	1504234800	1504235999	46	39.1313888889,35.3997222222	38.7894444444,37.1441666667	38.7497222222,37.4919444444	38.3791666667,37.0111111111	37.8352777778,37.5725	37.8333333333,37.5975	37.7211111111,38.6680555556	37.6411111111,38.6966666667	37.4597222222,38.515	36.8280555556,38.5525	36.845,38.98	36.7086111111,39.0283333333	36.6666666667,38.75	36.9,38.3666666667	36.6488888889,37.3830555556	36.7036111111,37.4005555556	36.7833333333,37.73	36.9847222222,37.7666666667	37.1388888889,37.6541666667	37.2166666667,37.5	37.5313888889,37.59	37.7666666667,37.1166666667	37.8341666667,36.9875	37.5983333333,36.2916666667	37.5975,36.11	37.7,36.0	37.8333333333,35.5	37.7,34.9166666667	37.5855555556,34.7569444444	37.4,34.5	37.3538888889,34.4838888889	37.0,34.3666666667	36.64,34.4730555556	36.8786111111,33.7191666667	37.5766666667,33.6288888889	38.5,34.7166666667	38.4419444444,34.7597222222	38.2644444444,34.9866666667	38.1977777778,35.0727777778	38.1086111111,35.4986111111	38.1977777778,35.9244444444	38.4419444444,36.2375	38.7905555556,36.3469444444	38.9386111111,35.7938888889	39.0411111111,35.3786111111	39.1313888889,35.3997222222
345	355	1504234800	1504235999	34	37.5975,36.11	37.5983333333,36.2916666667	37.2480555556,36.4805555556	37.2602777778,37.2147222222	37.2638888889,37.3772222222	37.5313888889,37.59	37.2166666667,37.5	37.1713888889,37.3336111111	37.1208333333,37.2433333333	36.9541666667,37.1541666667	36.8,37.1777777778	36.7036111111,37.4005555556	36.6488888889,37.3830555556	36.65,37.0638888889	36.8333333333,36.6666666667	36.7844444444,36.6413888889	36.5,36.5875	36.2333333333,36.7	36.1666666667,36.3666666667	35.8666666667,36.1833333333	35.8833333333,36.0333333333	35.9166666667,35.6666666667	35.9191666667,34.6638888889	36.5219444444,34.5413888889	36.3222222222,34.8333333333	36.1666666667,35.4	36.1730555556,35.4588888889	36.2,35.7	36.3833333333,36.15	36.6,36.3333333333	36.9305555556,36.4722222222	37.0,36.5	37.35,36.3666666667	37.5975,36.11
345	355	1504234800	1504235999	5	39.1591666667,38.0255555556	39.0844444444,38.1755555556	38.6544444444,38.3308333333	38.7497222222,37.4919444444	39.1591666667,38.0255555556
345	355	1504234800	1504235999	5	37.6411111111,38.6966666667	36.845,38.98	36.8280555556,38.5525	37.4597222222,38.515	37.6411111111,38.6966666667
375	999	1504234800	1504235999	6	37.7,34.9166666667	37.8333333333,35.5	37.7,36.0	37.5975,36.11	37.5855555556,34.7569444444	37.7,34.9166666667
375	999	1504234800	1504235999	7	40.8472222222,35.8247222222	40.8141666667,35.97	40.4166666667,36.2	40.2155555556,35.8383333333	40.1666666667,35.75	40.1666666667,35.6544444444	40.8472222222,35.8247222222
375	999	1504234800	1504235999	34	37.5975,36.11	37.5983333333,36.2916666667	37.2480555556,36.4805555556	37.2602777778,37.2147222222	37.2638888889,37.3772222222	37.5313888889,37.59	37.2166666667,37.5	37.1713888889,37.3336111111	37.1208333333,37.2433333333	36.9541666667,37.1541666667	36.8,37.1777777778	36.7036111111,37.4005555556	36.6488888889,37.3830555556	36.65,37.0638888889	36.8333333333,36.6666666667	36.7844444444,36.6413888889	36.5,36.5875	36.2333333333,36.7	36.1666666667,36.3666666667	35.8666666667,36.1833333333	35.8833333333,36.0333333333	35.9166666667,35.6666666667	35.9191666667,34.6638888889	36.5219444444,34.5413888889	36.3222222222,34.8333333333	36.1666666667,35.4	36.1730555556,35.4588888889	36.2,35.7	36.3833333333,36.15	36.6,36.3333333333	36.9305555556,36.4722222222	37.0,36.5	37.35,36.3666666667	37.5975,36.11
375	999	1504234800	1504235999	8	37.8341666667,36.9875	37.7666666667,37.1166666667	37.5313888889,37.59	37.2638888889,37.3772222222	37.2602777778,37.2147222222	37.2480555556,36.4805555556	37.5983333333,36.2916666667	37.8341666667,36.9875
375	999	1504234800	1504235999	9	37.3538888889,34.4838888889	36.1730555556,35.4588888889	36.1666666667,35.4	36.3222222222,34.8333333333	36.5219444444,34.5413888889	36.6255555556,34.5205555556	36.64,34.4730555556	37.0,34.3666666667	37.3538888889,34.4838888889
375	999	1504234800	1504235999	11	39.0411111111,35.3786111111	38.9386111111,35.7938888889	38.7905555556,36.3469444444	38.4419444444,36.2375	38.1977777778,35.9244444444	38.1086111111,35.4986111111	38.1977777778,35.0727777778	38.2644444444,34.9866666667	38.4419444444,34.7597222222	38.5,34.7166666667	39.0411111111,35.3786111111
375	999	1504234800	1504235999	12	37.5855555556,34.7569444444	37.5975,36.11	37.35,36.3666666667	37.0,36.5	36.9305555556,36.4722222222	36.6,36.3333333333	36.3833333333,36.15	36.2,35.7	36.1730555556,35.4588888889	37.3538888889,34.4838888889	37.4,34.5	37.5855555556,34.7569444444
375	999	1504234800	1504235999	10	37.1713888889,37.3336111111	37.2166666667,37.5	37.1388888889,37.6541666667	36.9847222222,37.7666666667	36.7833333333,37.73	36.7036111111,37.4005555556	36.8,37.1777777778	36.9541666667,37.1541666667	37.1208333333,37.2433333333	37.1713888889,37.3336111111
375	999	1504234800	1504235999	7	38.7497222222,37.4919444444	38.6544444444,38.3308333333	37.7211111111,38.6680555556	37.8333333333,37.5975	37.8352777778,37.5725	38.3791666667,37.0111111111	38.7497222222,37.4919444444
375	999	1504234800	1504235999	46	39.1313888889,35.3997222222	38.7894444444,37.1441666667	38.7497222222,37.4919444444	38.3791666667,37.0111111111	37.8352777778,37.5725	37.8333333333,37.5975	37.7211111111,38.6680555556	37.6411111111,38.6966666667	37.4597222222,38.515	36.8280555556,38.5525	36.845,38.98	36.7086111111,39.0283333333	36.6666666667,38.75	36.9,38.3666666667	36.6488888889,37.3830555556	36.7036111111,37.4005555556	36.7833333333,37.73	36.9847222222,37.7666666667	37.1388888889,37.6541666667	37.2166666667,37.5	37.5313888889,37.59	37.7666666667,37.1166666667	37.8341666667,36.9875	37.5983333333,36.2916666667	37.5975,36.11	37.7,36.0	37.8333333333,35.5	37.7,34.9166666667	37.5855555556,34.7569444444	37.4,34.5	37.3538888889,34.4838888889	37.0,34.3666666667	36.64,34.4730555556	36.8786111111,33.7191666667	37.5766666667,33.6288888889	38.5,34.7166666667	38.4419444444,34.7597222222	38.2644444444,34.9866666667	38.1977777778,35.0727777778	38.1086111111,35.4986111111	38.1977777778,35.9244444444	38.4419444444,36.2375	38.7905555556,36.3469444444	38.9386111111,35.7938888889	39.0411111111,35.3786111111	39.1313888889,35.3997222222
375	999	1504234800	1504235999	13	40.8141666667,35.97	40.4172222222,37.675	39.4783333333,38.0313888889	39.0844444444,38.1755555556	39.1591666667,38.0255555556	38.7497222222,37.4919444444	38.7894444444,37.1441666667	39.1313888889,35.3997222222	40.1666666667,35.6544444444	40.1666666667,35.75	40.2155555556,35.8383333333	40.4166666667,36.2	40.8141666667,35.97
375	999	1504234800	1504235999	5	39.1591666667,38.0255555556	39.0844444444,38.1755555556	38.6544444444,38.3308333333	38.7497222222,37.4919444444	39.1591666667,38.0255555556
375	999	1504234800	1504235999	5	37.6411111111,38.6966666667	36.845,38.98	36.8280555556,38.5525	37.4597222222,38.515	37.6411111111,38.6966666667
