55
245	345	1504281600	1504310399	10	39.1769444444,40.1227777778	39.3058333333,40.3075	39.3391666667,40.5775	39.3336111111,40.8044444444	39.3183333333,40.8530555556	39.2647222222,40.9641666667	39.2358333333,41.0013888889	39.1794444444,41.075	39.0966666667,41.1561111111	39.1769444444,40.1227777778
245	345	1504281600	1504310399	5	39.0,41.7472222222	38.9416666667,41.9833333333	38.8469444444,42.0336111111	38.9930555556,41.7086111111	39.0,41.7472222222
245	345	1504281600	1504310399	9	41.3516666667,40.2358333333	40.9969444444,40.4266666667	40.6441666667,40.2308333333	40.4986111111,39.7663888889	40.6441666667,39.3019444444	40.9969444444,39.1061111111	41.3516666667,39.2969444444	41.4991666667,39.7663888889	41.3516666667,40.2358333333
245	345	1504281600	1504310399	10	40.3666666667,41.2333333333	40.1666666667,41.6666666667	39.9972222222,41.7166666667	39.7833333333,41.6805555556	39.5833333333,41.4666666667	39.5333333333,41.1	39.6666666667,40.75	39.975,40.65	40.3,40.8166666667	40.3666666667,41.2333333333
365	375	1504281600	1504310399	15	42.6822222222,37.7122222222	42.6533333333,37.8083333333	42.1838888889,39.4030555556	41.9,40.3333333333	41.7991666667,40.6563888889	41.6975,40.9786111111	41.6,41.2819444444	40.3666666667,41.2333333333	40.9969444444,40.4266666667	41.3516666667,40.2358333333	41.4991666667,39.7663888889	41.3516666667,39.2969444444	40.9969444444,39.1061111111	41.1780555556,37.6886111111	42.6822222222,37.7122222222
365	375	1504281600	1504310399	59	41.6,41.2819444444	41.5488888889,41.4497222222	41.5166666667,41.5486111111	41.4836111111,41.655	41.4975,41.7088888889	41.4897222222,41.7216666667	41.475,41.7161111111	41.4641666667,41.7816666667	41.4347222222,41.8233333333	41.4608333333,41.8788888889	41.5,41.9077777778	41.5244444444,41.9655555556	41.5252777778,41.9769444444	41.5063888889,41.9925	41.4941666667,42.0483333333	41.5116666667,42.0869444444	41.5141666667,42.1838888889	41.4933333333,42.2041666667	41.4938888889,42.2888888889	41.4711111111,42.3338888889	41.4663888889,42.4077777778	41.4427777778,42.4391666667	41.4391666667,42.4708333333	41.44,42.5205555556	41.4683333333,42.5105555556	41.5105555556,42.5697222222	41.5616666667,42.5780555556	41.5758333333,42.5961111111	41.5783333333,42.7838888889	41.5575,42.8183333333	41.5166666667,42.7969444444	41.4925,42.8094444444	41.4727777778,42.8516666667	41.4994444444,42.8711111111	41.4280555556,42.9788888889	41.3033333333,43.1988888889	41.2533333333,43.1252777778	41.2469444444,43.1977777778	41.1761111111,43.2272222222	41.2022222222,43.3741666667	41.1794444444,43.4377777778	41.1333333333,43.4666666667	41.0919444444,43.4497222222	41.0597222222,43.4708333333	41.0275,43.4719444444	40.9855555556,43.5994444444	40.9330555556,43.6713888889	40.8444444444,43.6761111111	40.84,43.685	40.8119444444,43.7133333333	40.7361111111,43.7488888889	40.7077777778,43.7363888889	40.6897222222,43.3744444444	40.735,43.3316666667	40.8083333333,43.0986111111	40.735,42.8655555556	40.6161111111,42.7822222222	40.3666666667,41.2333333333	41.6,41.2819444444
365	375	1504281600	1504310399	24	40.3666666667,41.2333333333	40.3,40.8166666667	39.975,40.65	39.6666666667,40.75	39.5333333333,41.1	39.0966666667,41.1561111111	39.1794444444,41.075	39.2358333333,41.0013888889	39.2647222222,40.9641666667	39.3183333333,40.8530555556	39.3336111111,40.8044444444	39.3391666667,40.5775	39.3058333333,40.3075	39.1769444444,40.1227777778	39.1888888889,39.9722222222	39.4783333333,38.0313888889	40.4172222222,37.675	41.1780555556,37.6886111111	40.9969444444,39.1061111111	40.6441666667,39.3019444444	40.4986111111,39.7663888889	40.6441666667,40.2308333333	40.9969444444,40.4266666667	40.3666666667,41.2333333333
365	375	1504281600	1504310399	10	39.1769444444,40.1227777778	39.3058333333,40.3075	39.3391666667,40.5775	39.3336111111,40.8044444444	39.3183333333,40.8530555556	39.2647222222,40.9641666667	39.2358333333,41.0013888889	39.1794444444,41.075	39.0966666667,41.1561111111	39.1769444444,40.1227777778
365	375	1504281600	1504310399	5	39.0,41.7472222222	38.9416666667,41.9833333333	38.8469444444,42.0336111111	38.9930555556,41.7086111111	39.0,41.7472222222
365	375	1504281600	1504310399	9	41.3516666667,40.2358333333	40.9969444444,40.4266666667	40.6441666667,40.2308333333	40.4986111111,39.7663888889	40.6441666667,39.3019444444	40.9969444444,39.1061111111	41.3516666667,39.2969444444	41.4991666667,39.7663888889	41.3516666667,40.2358333333
365	375	1504281600	1504310399	11	38.9944444444,42.1538888889	38.8833333333,43.3130555556	38.8263888889,43.5805555556	38.6738888889,43.7752777778	38.4655555556,43.8461111111	38.2572222222,43.7741666667	38.2227777778,43.7305555556	38.1494444444,43.6369444444	38.505,42.7880555556	38.8030555556,42.1333333333	38.9944444444,42.1538888889
365	375	1504281600	1504310399	12	40.8083333333,43.0986111111	40.735,43.3316666667	40.6897222222,43.3744444444	40.5694444444,43.425	40.3816666667,43.3311111111	40.3083333333,43.0986111111	40.3816666667,42.8661111111	40.4663888889,42.7966666667	40.5583333333,42.7694444444	40.6161111111,42.7822222222	40.735,42.8655555556	40.8083333333,43.0986111111
365	375	1504281600	1504310399	61	37.8972222222,44.2361111111	38.1494444444,43.6369444444	38.2227777778,43.7305555556	38.2572222222,43.7741666667	38.4655555556,43.8461111111	38.6738888889,43.7752777778	38.8263888889,43.5805555556	38.8833333333,43.3130555556	38.9944444444,42.1538888889	38.8030555556,42.1333333333	38.8469444444,42.0336111111	38.9416666667,41.9833333333	39.0,41.7472222222	38.9930555556,41.7086111111	39.0661111111,41.545	39.0966666667,41.1561111111	39.5333333333,41.1	39.5833333333,41.4666666667	39.7833333333,41.6805555556	39.9972222222,41.7166666667	40.1666666667,41.6666666667	40.3666666667,41.2333333333	40.6161111111,42.7822222222	40.5583333333,42.7694444444	40.4663888889,42.7966666667	40.3816666667,42.8661111111	40.3083333333,43.0986111111	40.3816666667,43.3311111111	40.5694444444,43.425	40.6897222222,43.3744444444	40.7077777778,43.7363888889	40.6813888889,43.7491666667	40.5875,43.6869444444	40.5655555556,43.6497222222	40.5625,43.6469444444	40.5275,43.6469444444	40.5366666667,43.6311111111	40.5208333333,43.6352777778	40.5269444444,43.6241666667	40.5063888889,43.5833333333	40.4775,43.5475	40.4569444444,43.5563888889	40.4180555556,43.6208333333	40.3855555556,43.6097222222	40.3452777778,43.5925	40.0013888889,43.345	39.7888888889,43.4002777778	39.6758333333,43.5097222222	39.5622222222,43.9827777778	40.0,44.4191666667	39.9644444444,44.4886111111	39.9036111111,44.5575	39.8772222222,44.5644444444	39.8505555556,44.5969444444	39.8255555556,44.6016666667	39.3833333333,44.45	39.3233333333,44.0866666667	38.9097222222,44.2083333333	38.3222222222,44.5041666667	38.0488888889,44.2997222222	37.8972222222,44.2361111111
365	375	1504281600	1504310399	24	40.3452777778,43.5925	40.2711111111,43.6391666667	40.2569444444,43.6816666667	40.2244444444,43.6822222222	40.2208333333,43.6588888889	40.1641666667,43.7138888889	40.1483333333,43.6613888889	40.1155555556,43.6647222222	40.0797222222,43.7188888889	40.0794444444,43.7697222222	40.0183333333,43.9055555556	40.0308333333,44.1125	40.0197222222,44.1713888889	40.035,44.1980555556	40.0452777778,44.2788888889	40.0316666667,44.2988888889	40.0286111111,44.3397222222	40.0,44.3755555556	40.0,44.4191666667	39.5622222222,43.9827777778	39.6758333333,43.5097222222	39.7888888889,43.4002777778	40.0013888889,43.345	40.3452777778,43.5925
365	375	1504281600	1504310399	10	40.3666666667,41.2333333333	40.1666666667,41.6666666667	39.9972222222,41.7166666667	39.7833333333,41.6805555556	39.5833333333,41.4666666667	39.5333333333,41.1	39.6666666667,40.75	39.975,40.65	40.3,40.8166666667	40.3666666667,41.2333333333
180	345	1504281600	1504310399	24	40.3452777778,43.5925	40.2711111111,43.6391666667	40.2569444444,43.6816666667	40.2244444444,43.6822222222	40.2208333333,43.6588888889	40.1641666667,43.7138888889	40.1483333333,43.6613888889	40.1155555556,43.6647222222	40.0797222222,43.7188888889	40.0794444444,43.7697222222	40.0183333333,43.9055555556	40.0308333333,44.1125	40.0197222222,44.1713888889	40.035,44.1980555556	40.0452777778,44.2788888889	40.0316666667,44.2988888889	40.0286111111,44.3397222222	40.0,44.3755555556	40.0,44.4191666667	39.5622222222,43.9827777778	39.6758333333,43.5097222222	39.7888888889,43.4002777778	40.0013888889,43.345	40.3452777778,43.5925
355	365	1504281600	1504310399	11	38.9944444444,42.1538888889	38.8833333333,43.3130555556	38.8263888889,43.5805555556	38.6738888889,43.7752777778	38.4655555556,43.8461111111	38.2572222222,43.7741666667	38.2227777778,43.7305555556	38.1494444444,43.6369444444	38.505,42.7880555556	38.8030555556,42.1333333333	38.9944444444,42.1538888889
355	365	1504281600	1504310399	59	41.6,41.2819444444	41.5488888889,41.4497222222	41.5166666667,41.5486111111	41.4836111111,41.655	41.4975,41.7088888889	41.4897222222,41.7216666667	41.475,41.7161111111	41.4641666667,41.7816666667	41.4347222222,41.8233333333	41.4608333333,41.8788888889	41.5,41.9077777778	41.5244444444,41.9655555556	41.5252777778,41.9769444444	41.5063888889,41.9925	41.4941666667,42.0483333333	41.5116666667,42.0869444444	41.5141666667,42.1838888889	41.4933333333,42.2041666667	41.4938888889,42.2888888889	41.4711111111,42.3338888889	41.4663888889,42.4077777778	41.4427777778,42.4391666667	41.4391666667,42.4708333333	41.44,42.5205555556	41.4683333333,42.5105555556	41.5105555556,42.5697222222	41.5616666667,42.5780555556	41.5758333333,42.5961111111	41.5783333333,42.7838888889	41.5575,42.8183333333	41.5166666667,42.7969444444	41.4925,42.8094444444	41.4727777778,42.8516666667	41.4994444444,42.8711111111	41.4280555556,42.9788888889	41.3033333333,43.1988888889	41.2533333333,43.1252777778	41.2469444444,43.1977777778	41.1761111111,43.2272222222	41.2022222222,43.3741666667	41.1794444444,43.4377777778	41.1333333333,43.4666666667	41.0919444444,43.4497222222	41.0597222222,43.4708333333	41.0275,43.4719444444	40.9855555556,43.5994444444	40.9330555556,43.6713888889	40.8444444444,43.6761111111	40.84,43.685	40.8119444444,43.7133333333	40.7361111111,43.7488888889	40.7077777778,43.7363888889	40.6897222222,43.3744444444	40.735,43.3316666667	40.8083333333,43.0986111111	40.735,42.8655555556	40.6161111111,42.7822222222	40.3666666667,41.2333333333	41.6,41.2819444444
355	365	1504281600	1504310399	10	40.3666666667,41.2333333333	40.1666666667,41.6666666667	39.9972222222,41.7166666667	39.7833333333,41.6805555556	39.5833333333,41.4666666667	39.5333333333,41.1	39.6666666667,40.75	39.975,40.65	40.3,40.8166666667	40.3666666667,41.2333333333
355	365	1504281600	1504310399	10	39.1769444444,40.1227777778	39.3058333333,40.3075	39.3391666667,40.5775	39.3336111111,40.8044444444	39.3183333333,40.8530555556	39.2647222222,40.9641666667	39.2358333333,41.0013888889	39.1794444444,41.075	39.0966666667,41.1561111111	39.1769444444,40.1227777778
355	365	1504281600	1504310399	5	39.0,41.7472222222	38.9416666667,41.9833333333	38.8469444444,42.0336111111	38.9930555556,41.7086111111	39.0,41.7472222222
355	365	1504281600	1504310399	24	40.3666666667,41.2333333333	40.3,40.8166666667	39.975,40.65	39.6666666667,40.75	39.5333333333,41.1	39.0966666667,41.1561111111	39.1794444444,41.075	39.2358333333,41.0013888889	39.2647222222,40.9641666667	39.3183333333,40.8530555556	39.3336111111,40.8044444444	39.3391666667,40.5775	39.3058333333,40.3075	39.1769444444,40.1227777778	39.1888888889,39.9722222222	39.4783333333,38.0313888889	40.4172222222,37.675	41.1780555556,37.6886111111	40.9969444444,39.1061111111	40.6441666667,39.3019444444	40.4986111111,39.7663888889	40.6441666667,40.2308333333	40.9969444444,40.4266666667	40.3666666667,41.2333333333
355	365	1504281600	1504310399	9	41.3516666667,40.2358333333	40.9969444444,40.4266666667	40.6441666667,40.2308333333	40.4986111111,39.7663888889	40.6441666667,39.3019444444	40.9969444444,39.1061111111	41.3516666667,39.2969444444	41.4991666667,39.7663888889	41.3516666667,40.2358333333
355	365	1504281600	1504310399	15	42.6822222222,37.7122222222	42.6533333333,37.8083333333	42.1838888889,39.4030555556	41.9,40.3333333333	41.7991666667,40.6563888889	41.6975,40.9786111111	41.6,41.2819444444	40.3666666667,41.2333333333	40.9969444444,40.4266666667	41.3516666667,40.2358333333	41.4991666667,39.7663888889	41.3516666667,39.2969444444	40.9969444444,39.1061111111	41.1780555556,37.6886111111	42.6822222222,37.7122222222
355	365	1504281600	1504310399	12	40.8083333333,43.0986111111	40.735,43.3316666667	40.6897222222,43.3744444444	40.5694444444,43.425	40.3816666667,43.3311111111	40.3083333333,43.0986111111	40.3816666667,42.8661111111	40.4663888889,42.7966666667	40.5583333333,42.7694444444	40.6161111111,42.7822222222	40.735,42.8655555556	40.8083333333,43.0986111111
355	365	1504281600	1504310399	61	37.8972222222,44.2361111111	38.1494444444,43.6369444444	38.2227777778,43.7305555556	38.2572222222,43.7741666667	38.4655555556,43.8461111111	38.6738888889,43.7752777778	38.8263888889,43.5805555556	38.8833333333,43.3130555556	38.9944444444,42.1538888889	38.8030555556,42.1333333333	38.8469444444,42.0336111111	38.9416666667,41.9833333333	39.0,41.7472222222	38.9930555556,41.7086111111	39.0661111111,41.545	39.0966666667,41.1561111111	39.5333333333,41.1	39.5833333333,41.4666666667	39.7833333333,41.6805555556	39.9972222222,41.7166666667	40.1666666667,41.6666666667	40.3666666667,41.2333333333	40.6161111111,42.7822222222	40.5583333333,42.7694444444	40.4663888889,42.7966666667	40.3816666667,42.8661111111	40.3083333333,43.0986111111	40.3816666667,43.3311111111	40.5694444444,43.425	40.6897222222,43.3744444444	40.7077777778,43.7363888889	40.6813888889,43.7491666667	40.5875,43.6869444444	40.5655555556,43.6497222222	40.5625,43.6469444444	40.5275,43.6469444444	40.5366666667,43.6311111111	40.5208333333,43.6352777778	40.5269444444,43.6241666667	40.5063888889,43.5833333333	40.4775,43.5475	40.4569444444,43.5563888889	40.4180555556,43.6208333333	40.3855555556,43.6097222222	40.3452777778,43.5925	40.0013888889,43.345	39.7888888889,43.4002777778	39.6758333333,43.5097222222	39.5622222222,43.9827777778	40.0,44.4191666667	39.9644444444,44.4886111111	39.9036111111,44.5575	39.8772222222,44.5644444444	39.8505555556,44.5969444444	39.8255555556,44.6016666667	39.3833333333,44.45	39.3233333333,44.0866666667	38.9097222222,44.2083333333	38.3222222222,44.5041666667	38.0488888889,44.2997222222	37.8972222222,44.2361111111
355	365	1504281600	1504310399	24	40.3452777778,43.5925	40.2711111111,43.6391666667	40.2569444444,43.6816666667	40.2244444444,43.6822222222	40.2208333333,43.6588888889	40.1641666667,43.7138888889	40.1483333333,43.6613888889	40.1155555556,43.6647222222	40.0797222222,43.7188888889	40.0794444444,43.7697222222	40.0183333333,43.9055555556	40.0308333333,44.1125	40.0197222222,44.1713888889	40.035,44.1980555556	40.0452777778,44.2788888889	40.0316666667,44.2988888889	40.0286111111,44.3397222222	40.0,44.3755555556	40.0,44.4191666667	39.5622222222,43.9827777778	39.6758333333,43.5097222222	39.7888888889,43.4002777778	40.0013888889,43.345	40.3452777778,43.5925
0	345	1504281600	1504310399	61	37.8972222222,44.2361111111	38.1494444444,43.6369444444	38.2227777778,43.7305555556	38.2572222222,43.7741666667	38.4655555556,43.8461111111	38.6738888889,43.7752777778	38.8263888889,43.5805555556	38.8833333333,43.3130555556	38.9944444444,42.1538888889	38.8030555556,42.1333333333	38.8469444444,42.0336111111	38.9416666667,41.9833333333	39.0,41.7472222222	38.9930555556,41.7086111111	39.0661111111,41.545	39.0966666667,41.1561111111	39.5333333333,41.1	39.5833333333,41.4666666667	39.7833333333,41.6805555556	39.9972222222,41.7166666667	40.1666666667,41.6666666667	40.3666666667,41.2333333333	40.6161111111,42.7822222222	40.5583333333,42.7694444444	40.4663888889,42.7966666667	40.3816666667,42.8661111111	40.3083333333,43.0986111111	40.3816666667,43.3311111111	40.5694444444,43.425	40.6897222222,43.3744444444	40.7077777778,43.7363888889	40.6813888889,43.7491666667	40.5875,43.6869444444	40.5655555556,43.6497222222	40.5625,43.6469444444	40.5275,43.6469444444	40.5366666667,43.6311111111	40.5208333333,43.6352777778	40.5269444444,43.6241666667	40.5063888889,43.5833333333	40.4775,43.5475	40.4569444444,43.5563888889	40.4180555556,43.6208333333	40.3855555556,43.6097222222	40.3452777778,43.5925	40.0013888889,43.345	39.7888888889,43.4002777778	39.6758333333,43.5097222222	39.5622222222,43.9827777778	40.0,44.4191666667	39.9644444444,44.4886111111	39.9036111111,44.5575	39.8772222222,44.5644444444	39.8505555556,44.5969444444	39.8255555556,44.6016666667	39.3833333333,44.45	39.3233333333,44.0866666667	38.9097222222,44.2083333333	38.3222222222,44.5041666667	38.0488888889,44.2997222222	37.8972222222,44.2361111111
0	345	1504281600	1504310399	15	42.6822222222,37.7122222222	42.6533333333,37.8083333333	42.1838888889,39.4030555556	41.9,40.3333333333	41.7991666667,40.6563888889	41.6975,40.9786111111	41.6,41.2819444444	40.3666666667,41.2333333333	40.9969444444,40.4266666667	41.3516666667,40.2358333333	41.4991666667,39.7663888889	41.3516666667,39.2969444444	40.9969444444,39.1061111111	41.1780555556,37.6886111111	42.6822222222,37.7122222222
0	345	1504281600	1504310399	59	41.6,41.2819444444	41.5488888889,41.4497222222	41.5166666667,41.5486111111	41.4836111111,41.655	41.4975,41.7088888889	41.4897222222,41.7216666667	41.475,41.7161111111	41.4641666667,41.7816666667	41.4347222222,41.8233333333	41.4608333333,41.8788888889	41.5,41.9077777778	41.5244444444,41.9655555556	41.5252777778,41.9769444444	41.5063888889,41.9925	41.4941666667,42.0483333333	41.5116666667,42.0869444444	41.5141666667,42.1838888889	41.4933333333,42.2041666667	41.4938888889,42.2888888889	41.4711111111,42.3338888889	41.4663888889,42.4077777778	41.4427777778,42.4391666667	41.4391666667,42.4708333333	41.44,42.5205555556	41.4683333333,42.5105555556	41.5105555556,42.5697222222	41.5616666667,42.5780555556	41.5758333333,42.5961111111	41.5783333333,42.7838888889	41.5575,42.8183333333	41.5166666667,42.7969444444	41.4925,42.8094444444	41.4727777778,42.8516666667	41.4994444444,42.8711111111	41.4280555556,42.9788888889	41.3033333333,43.1988888889	41.2533333333,43.1252777778	41.2469444444,43.1977777778	41.1761111111,43.2272222222	41.2022222222,43.3741666667	41.1794444444,43.4377777778	41.1333333333,43.4666666667	41.0919444444,43.4497222222	41.0597222222,43.4708333333	41.0275,43.4719444444	40.9855555556,43.5994444444	40.9330555556,43.6713888889	40.8444444444,43.6761111111	40.84,43.685	40.8119444444,43.7133333333	40.7361111111,43.7488888889	40.7077777778,43.7363888889	40.6897222222,43.3744444444	40.735,43.3316666667	40.8083333333,43.0986111111	40.735,42.8655555556	40.6161111111,42.7822222222	40.3666666667,41.2333333333	41.6,41.2819444444
0	345	1504281600	1504310399	24	40.3666666667,41.2333333333	40.3,40.8166666667	39.975,40.65	39.6666666667,40.75	39.5333333333,41.1	39.0966666667,41.1561111111	39.1794444444,41.075	39.2358333333,41.0013888889	39.2647222222,40.9641666667	39.3183333333,40.8530555556	39.3336111111,40.8044444444	39.3391666667,40.5775	39.3058333333,40.3075	39.1769444444,40.1227777778	39.1888888889,39.9722222222	39.4783333333,38.0313888889	40.4172222222,37.675	41.1780555556,37.6886111111	40.9969444444,39.1061111111	40.6441666667,39.3019444444	40.4986111111,39.7663888889	40.6441666667,40.2308333333	40.9969444444,40.4266666667	40.3666666667,41.2333333333
205	345	1504281600	1504310399	11	38.9944444444,42.1538888889	38.8833333333,43.3130555556	38.8263888889,43.5805555556	38.6738888889,43.7752777778	38.4655555556,43.8461111111	38.2572222222,43.7741666667	38.2227777778,43.7305555556	38.1494444444,43.6369444444	38.505,42.7880555556	38.8030555556,42.1333333333	38.9944444444,42.1538888889
155	345	1504281600	1504310399	12	40.8083333333,43.0986111111	40.735,43.3316666667	40.6897222222,43.3744444444	40.5694444444,43.425	40.3816666667,43.3311111111	40.3083333333,43.0986111111	40.3816666667,42.8661111111	40.4663888889,42.7966666667	40.5583333333,42.7694444444	40.6161111111,42.7822222222	40.735,42.8655555556	40.8083333333,43.0986111111
345	355	1504281600	1504310399	11	38.9944444444,42.1538888889	38.8833333333,43.3130555556	38.8263888889,43.5805555556	38.6738888889,43.7752777778	38.4655555556,43.8461111111	38.2572222222,43.7741666667	38.2227777778,43.7305555556	38.1494444444,43.6369444444	38.505,42.7880555556	38.8030555556,42.1333333333	38.9944444444,42.1538888889
345	355	1504281600	1504310399	59	41.6,41.2819444444	41.5488888889,41.4497222222	41.5166666667,41.5486111111	41.4836111111,41.655	41.4975,41.7088888889	41.4897222222,41.7216666667	41.475,41.7161111111	41.4641666667,41.7816666667	41.4347222222,41.8233333333	41.4608333333,41.8788888889	41.5,41.9077777778	41.5244444444,41.9655555556	41.5252777778,41.9769444444	41.5063888889,41.9925	41.4941666667,42.0483333333	41.5116666667,42.0869444444	41.5141666667,42.1838888889	41.4933333333,42.2041666667	41.4938888889,42.2888888889	41.4711111111,42.3338888889	41.4663888889,42.4077777778	41.4427777778,42.4391666667	41.4391666667,42.4708333333	41.44,42.5205555556	41.4683333333,42.5105555556	41.5105555556,42.5697222222	41.5616666667,42.5780555556	41.5758333333,42.5961111111	41.5783333333,42.7838888889	41.5575,42.8183333333	41.5166666667,42.7969444444	41.4925,42.8094444444	41.4727777778,42.8516666667	41.4994444444,42.8711111111	41.4280555556,42.9788888889	41.3033333333,43.1988888889	41.2533333333,43.1252777778	41.2469444444,43.1977777778	41.1761111111,43.2272222222	41.2022222222,43.3741666667	41.1794444444,43.4377777778	41.1333333333,43.4666666667	41.0919444444,43.4497222222	41.0597222222,43.4708333333	41.0275,43.4719444444	40.9855555556,43.5994444444	40.9330555556,43.6713888889	40.8444444444,43.6761111111	40.84,43.685	40.8119444444,43.7133333333	40.7361111111,43.7488888889	40.7077777778,43.7363888889	40.6897222222,43.3744444444	40.735,43.3316666667	40.8083333333,43.0986111111	40.735,42.8655555556	40.6161111111,42.7822222222	40.3666666667,41.2333333333	41.6,41.2819444444
345	355	1504281600	1504310399	10	40.3666666667,41.2333333333	40.1666666667,41.6666666667	39.9972222222,41.7166666667	39.7833333333,41.6805555556	39.5833333333,41.4666666667	39.5333333333,41.1	39.6666666667,40.75	39.975,40.65	40.3,40.8166666667	40.3666666667,41.2333333333
345	355	1504281600	1504310399	10	39.1769444444,40.1227777778	39.3058333333,40.3075	39.3391666667,40.5775	39.3336111111,40.8044444444	39.3183333333,40.8530555556	39.2647222222,40.9641666667	39.2358333333,41.0013888889	39.1794444444,41.075	39.0966666667,41.1561111111	39.1769444444,40.1227777778
345	355	1504281600	1504310399	5	39.0,41.7472222222	38.9416666667,41.9833333333	38.8469444444,42.0336111111	38.9930555556,41.7086111111	39.0,41.7472222222
345	355	1504281600	1504310399	24	40.3666666667,41.2333333333	40.3,40.8166666667	39.975,40.65	39.6666666667,40.75	39.5333333333,41.1	39.0966666667,41.1561111111	39.1794444444,41.075	39.2358333333,41.0013888889	39.2647222222,40.9641666667	39.3183333333,40.8530555556	39.3336111111,40.8044444444	39.3391666667,40.5775	39.3058333333,40.3075	39.1769444444,40.1227777778	39.1888888889,39.9722222222	39.4783333333,38.0313888889	40.4172222222,37.675	41.1780555556,37.6886111111	40.9969444444,39.1061111111	40.6441666667,39.3019444444	40.4986111111,39.7663888889	40.6441666667,40.2308333333	40.9969444444,40.4266666667	40.3666666667,41.2333333333
345	355	1504281600	1504310399	9	41.3516666667,40.2358333333	40.9969444444,40.4266666667	40.6441666667,40.2308333333	40.4986111111,39.7663888889	40.6441666667,39.3019444444	40.9969444444,39.1061111111	41.3516666667,39.2969444444	41.4991666667,39.7663888889	41.3516666667,40.2358333333
345	355	1504281600	1504310399	15	42.6822222222,37.7122222222	42.6533333333,37.8083333333	42.1838888889,39.4030555556	41.9,40.3333333333	41.7991666667,40.6563888889	41.6975,40.9786111111	41.6,41.2819444444	40.3666666667,41.2333333333	40.9969444444,40.4266666667	41.3516666667,40.2358333333	41.4991666667,39.7663888889	41.3516666667,39.2969444444	40.9969444444,39.1061111111	41.1780555556,37.6886111111	42.6822222222,37.7122222222
345	355	1504281600	1504310399	12	40.8083333333,43.0986111111	40.735,43.3316666667	40.6897222222,43.3744444444	40.5694444444,43.425	40.3816666667,43.3311111111	40.3083333333,43.0986111111	40.3816666667,42.8661111111	40.4663888889,42.7966666667	40.5583333333,42.7694444444	40.6161111111,42.7822222222	40.735,42.8655555556	40.8083333333,43.0986111111
345	355	1504281600	1504310399	61	37.8972222222,44.2361111111	38.1494444444,43.6369444444	38.2227777778,43.7305555556	38.2572222222,43.7741666667	38.4655555556,43.8461111111	38.6738888889,43.7752777778	38.8263888889,43.5805555556	38.8833333333,43.3130555556	38.9944444444,42.1538888889	38.8030555556,42.1333333333	38.8469444444,42.0336111111	38.9416666667,41.9833333333	39.0,41.7472222222	38.9930555556,41.7086111111	39.0661111111,41.545	39.0966666667,41.1561111111	39.5333333333,41.1	39.5833333333,41.4666666667	39.7833333333,41.6805555556	39.9972222222,41.7166666667	40.1666666667,41.6666666667	40.3666666667,41.2333333333	40.6161111111,42.7822222222	40.5583333333,42.7694444444	40.4663888889,42.7966666667	40.3816666667,42.8661111111	40.3083333333,43.0986111111	40.3816666667,43.3311111111	40.5694444444,43.425	40.6897222222,43.3744444444	40.7077777778,43.7363888889	40.6813888889,43.7491666667	40.5875,43.6869444444	40.5655555556,43.6497222222	40.5625,43.6469444444	40.5275,43.6469444444	40.5366666667,43.6311111111	40.5208333333,43.6352777778	40.5269444444,43.6241666667	40.5063888889,43.5833333333	40.4775,43.5475	40.4569444444,43.5563888889	40.4180555556,43.6208333333	40.3855555556,43.6097222222	40.3452777778,43.5925	40.0013888889,43.345	39.7888888889,43.4002777778	39.6758333333,43.5097222222	39.5622222222,43.9827777778	40.0,44.4191666667	39.9644444444,44.4886111111	39.9036111111,44.5575	39.8772222222,44.5644444444	39.8505555556,44.5969444444	39.8255555556,44.6016666667	39.3833333333,44.45	39.3233333333,44.0866666667	38.9097222222,44.2083333333	38.3222222222,44.5041666667	38.0488888889,44.2997222222	37.8972222222,44.2361111111
345	355	1504281600	1504310399	24	40.3452777778,43.5925	40.2711111111,43.6391666667	40.2569444444,43.6816666667	40.2244444444,43.6822222222	40.2208333333,43.6588888889	40.1641666667,43.7138888889	40.1483333333,43.6613888889	40.1155555556,43.6647222222	40.0797222222,43.7188888889	40.0794444444,43.7697222222	40.0183333333,43.9055555556	40.0308333333,44.1125	40.0197222222,44.1713888889	40.035,44.1980555556	40.0452777778,44.2788888889	40.0316666667,44.2988888889	40.0286111111,44.3397222222	40.0,44.3755555556	40.0,44.4191666667	39.5622222222,43.9827777778	39.6758333333,43.5097222222	39.7888888889,43.4002777778	40.0013888889,43.345	40.3452777778,43.5925
375	999	1504281600	1504310399	11	38.9944444444,42.1538888889	38.8833333333,43.3130555556	38.8263888889,43.5805555556	38.6738888889,43.7752777778	38.4655555556,43.8461111111	38.2572222222,43.7741666667	38.2227777778,43.7305555556	38.1494444444,43.6369444444	38.505,42.7880555556	38.8030555556,42.1333333333	38.9944444444,42.1538888889
375	999	1504281600	1504310399	59	41.6,41.2819444444	41.5488888889,41.4497222222	41.5166666667,41.5486111111	41.4836111111,41.655	41.4975,41.7088888889	41.4897222222,41.7216666667	41.475,41.7161111111	41.4641666667,41.7816666667	41.4347222222,41.8233333333	41.4608333333,41.8788888889	41.5,41.9077777778	41.5244444444,41.9655555556	41.5252777778,41.9769444444	41.5063888889,41.9925	41.4941666667,42.0483333333	41.5116666667,42.0869444444	41.5141666667,42.1838888889	41.4933333333,42.2041666667	41.4938888889,42.2888888889	41.4711111111,42.3338888889	41.4663888889,42.4077777778	41.4427777778,42.4391666667	41.4391666667,42.4708333333	41.44,42.5205555556	41.4683333333,42.5105555556	41.5105555556,42.5697222222	41.5616666667,42.5780555556	41.5758333333,42.5961111111	41.5783333333,42.7838888889	41.5575,42.8183333333	41.5166666667,42.7969444444	41.4925,42.8094444444	41.4727777778,42.8516666667	41.4994444444,42.8711111111	41.4280555556,42.9788888889	41.3033333333,43.1988888889	41.2533333333,43.1252777778	41.2469444444,43.1977777778	41.1761111111,43.2272222222	41.2022222222,43.3741666667	41.1794444444,43.4377777778	41.1333333333,43.4666666667	41.0919444444,43.4497222222	41.0597222222,43.4708333333	41.0275,43.4719444444	40.9855555556,43.5994444444	40.9330555556,43.6713888889	40.8444444444,43.6761111111	40.84,43.685	40.8119444444,43.7133333333	40.7361111111,43.7488888889	40.7077777778,43.7363888889	40.6897222222,43.3744444444	40.735,43.3316666667	40.8083333333,43.0986111111	40.735,42.8655555556	40.6161111111,42.7822222222	40.3666666667,41.2333333333	41.6,41.2819444444
375	999	1504281600	1504310399	10	40.3666666667,41.2333333333	40.1666666667,41.6666666667	39.9972222222,41.7166666667	39.7833333333,41.6805555556	39.5833333333,41.4666666667	39.5333333333,41.1	39.6666666667,40.75	39.975,40.65	40.3,40.8166666667	40.3666666667,41.2333333333
375	999	1504281600	1504310399	10	39.1769444444,40.1227777778	39.3058333333,40.3075	39.3391666667,40.5775	39.3336111111,40.8044444444	39.3183333333,40.8530555556	39.2647222222,40.9641666667	39.2358333333,41.0013888889	39.1794444444,41.075	39.0966666667,41.1561111111	39.1769444444,40.1227777778
375	999	1504281600	1504310399	5	39.0,41.7472222222	38.9416666667,41.9833333333	38.8469444444,42.0336111111	38.9930555556,41.7086111111	39.0,41.7472222222
375	999	1504281600	1504310399	24	40.3666666667,41.2333333333	40.3,40.8166666667	39.975,40.65	39.6666666667,40.75	39.5333333333,41.1	39.0966666667,41.1561111111	39.1794444444,41.075	39.2358333333,41.0013888889	39.2647222222,40.9641666667	39.3183333333,40.8530555556	39.3336111111,40.8044444444	39.3391666667,40.5775	39.3058333333,40.3075	39.1769444444,40.1227777778	39.1888888889,39.9722222222	39.4783333333,38.0313888889	40.4172222222,37.675	41.1780555556,37.6886111111	40.9969444444,39.1061111111	40.6441666667,39.3019444444	40.4986111111,39.7663888889	40.6441666667,40.2308333333	40.9969444444,40.4266666667	40.3666666667,41.2333333333
375	999	1504281600	1504310399	9	41.3516666667,40.2358333333	40.9969444444,40.4266666667	40.6441666667,40.2308333333	40.4986111111,39.7663888889	40.6441666667,39.3019444444	40.9969444444,39.1061111111	41.3516666667,39.2969444444	41.4991666667,39.7663888889	41.3516666667,40.2358333333
375	999	1504281600	1504310399	15	42.6822222222,37.7122222222	42.6533333333,37.8083333333	42.1838888889,39.4030555556	41.9,40.3333333333	41.7991666667,40.6563888889	41.6975,40.9786111111	41.6,41.2819444444	40.3666666667,41.2333333333	40.9969444444,40.4266666667	41.3516666667,40.2358333333	41.4991666667,39.7663888889	41.3516666667,39.2969444444	40.9969444444,39.1061111111	41.1780555556,37.6886111111	42.6822222222,37.7122222222
375	999	1504281600	1504310399	12	40.8083333333,43.0986111111	40.735,43.3316666667	40.6897222222,43.3744444444	40.5694444444,43.425	40.3816666667,43.3311111111	40.3083333333,43.0986111111	40.3816666667,42.8661111111	40.4663888889,42.7966666667	40.5583333333,42.7694444444	40.6161111111,42.7822222222	40.735,42.8655555556	40.8083333333,43.0986111111
375	999	1504281600	1504310399	61	37.8972222222,44.2361111111	38.1494444444,43.6369444444	38.2227777778,43.7305555556	38.2572222222,43.7741666667	38.4655555556,43.8461111111	38.6738888889,43.7752777778	38.8263888889,43.5805555556	38.8833333333,43.3130555556	38.9944444444,42.1538888889	38.8030555556,42.1333333333	38.8469444444,42.0336111111	38.9416666667,41.9833333333	39.0,41.7472222222	38.9930555556,41.7086111111	39.0661111111,41.545	39.0966666667,41.1561111111	39.5333333333,41.1	39.5833333333,41.4666666667	39.7833333333,41.6805555556	39.9972222222,41.7166666667	40.1666666667,41.6666666667	40.3666666667,41.2333333333	40.6161111111,42.7822222222	40.5583333333,42.7694444444	40.4663888889,42.7966666667	40.3816666667,42.8661111111	40.3083333333,43.0986111111	40.3816666667,43.3311111111	40.5694444444,43.425	40.6897222222,43.3744444444	40.7077777778,43.7363888889	40.6813888889,43.7491666667	40.5875,43.6869444444	40.5655555556,43.6497222222	40.5625,43.6469444444	40.5275,43.6469444444	40.5366666667,43.6311111111	40.5208333333,43.6352777778	40.5269444444,43.6241666667	40.5063888889,43.5833333333	40.4775,43.5475	40.4569444444,43.5563888889	40.4180555556,43.6208333333	40.3855555556,43.6097222222	40.3452777778,43.5925	40.0013888889,43.345	39.7888888889,43.4002777778	39.6758333333,43.5097222222	39.5622222222,43.9827777778	40.0,44.4191666667	39.9644444444,44.4886111111	39.9036111111,44.5575	39.8772222222,44.5644444444	39.8505555556,44.5969444444	39.8255555556,44.6016666667	39.3833333333,44.45	39.3233333333,44.0866666667	38.9097222222,44.2083333333	38.3222222222,44.5041666667	38.0488888889,44.2997222222	37.8972222222,44.2361111111
375	999	1504281600	1504310399	24	40.3452777778,43.5925	40.2711111111,43.6391666667	40.2569444444,43.6816666667	40.2244444444,43.6822222222	40.2208333333,43.6588888889	40.1641666667,43.7138888889	40.1483333333,43.6613888889	40.1155555556,43.6647222222	40.0797222222,43.7188888889	40.0794444444,43.7697222222	40.0183333333,43.9055555556	40.0308333333,44.1125	40.0197222222,44.1713888889	40.035,44.1980555556	40.0452777778,44.2788888889	40.0316666667,44.2988888889	40.0286111111,44.3397222222	40.0,44.3755555556	40.0,44.4191666667	39.5622222222,43.9827777778	39.6758333333,43.5097222222	39.7888888889,43.4002777778	40.0013888889,43.345	40.3452777778,43.5925
