75
245	345	1504238400	1504310399	16	39.0966666667,41.1561111111	39.0647222222,41.1877777778	38.8430555556,41.2441666667	38.6894444444,41.2030555556	38.5580555556,41.1305555556	38.4344444444,40.9366666667	38.3683333333,40.8025	38.3375,40.6380555556	38.3883333333,40.3888888889	38.4627777778,40.1758333333	38.6333333333,40.0261111111	38.7930555556,39.9613888889	38.8313888889,39.9561111111	39.0175,39.9883333333	39.1769444444,40.1227777778	39.0966666667,41.1561111111
245	345	1504238400	1504310399	8	38.9930555556,41.7086111111	38.8469444444,42.0336111111	38.7833333333,42.0666666667	38.6166666667,42.0333333333	38.6833333333,41.25	38.8333333333,41.3333333333	38.9583333333,41.5	38.9930555556,41.7086111111
365	375	1504238400	1504310399	48	38.1611111111,42.0644444444	38.0594444444,43.2394444444	38.1047222222,43.5794444444	38.1494444444,43.6369444444	37.8972222222,44.2361111111	37.7083333333,44.6266666667	37.1083333333,44.6666666667	36.9416666667,44.2666666667	37.3055555556,44.1666666667	37.2247222222,43.6405555556	37.35,43.2166666667	37.3763888889,43.1183333333	37.3055555556,42.8236111111	37.2488888889,42.6497222222	37.0833333333,42.3333333333	37.1941666667,42.4147222222	37.3586111111,42.4661111111	37.4913888889,42.4422222222	37.5688888889,42.3830555556	37.6347222222,42.2988888889	37.6825,42.1611111111	37.6919444444,42.0475	37.6883333333,41.9552777778	37.6602777778,41.8666666667	37.6102777778,41.7722222222	37.525,41.6836111111	37.4502777778,41.6430555556	37.3555555556,41.6263888889	37.2669444444,41.6394444444	37.1944444444,41.6825	37.1952777778,41.6825	37.1033333333,41.7911111111	37.0,41.5	37.0722222222,41.2302777778	37.0333333333,41.1986111111	37.0333333333,40.8333333333	36.6666666667,39.3333333333	37.2555555556,39.2594444444	37.4166666667,39.2880555556	37.5988888889,39.2133333333	37.8166666667,39.1666666667	37.4,39.4	37.1666666667,39.7666666667	37.0333333333,40.3333333333	37.25,40.8	37.5,41.1666666667	37.9444444444,41.2722222222	38.1611111111,42.0644444444
365	375	1504238400	1504310399	16	39.0966666667,41.1561111111	39.0647222222,41.1877777778	38.8430555556,41.2441666667	38.6894444444,41.2030555556	38.5580555556,41.1305555556	38.4344444444,40.9366666667	38.3683333333,40.8025	38.3375,40.6380555556	38.3883333333,40.3888888889	38.4627777778,40.1758333333	38.6333333333,40.0261111111	38.7930555556,39.9613888889	38.8313888889,39.9561111111	39.0175,39.9883333333	39.1769444444,40.1227777778	39.0966666667,41.1561111111
365	375	1504238400	1504310399	9	38.4166666667,39.4222222222	37.9444444444,41.2722222222	37.5,41.1666666667	37.25,40.8	37.0333333333,40.3333333333	37.1666666667,39.7666666667	37.4,39.4	37.8166666667,39.1666666667	38.4166666667,39.4222222222
365	375	1504238400	1504310399	7	37.2555555556,39.2594444444	36.6666666667,39.3333333333	36.7086111111,39.0283333333	36.845,38.98	36.855,39.1811111111	36.9547222222,39.2033333333	37.2555555556,39.2594444444
365	375	1504238400	1504310399	4	37.5988888889,39.2133333333	37.4166666667,39.2880555556	37.2555555556,39.2594444444	37.5988888889,39.2133333333
365	375	1504238400	1504310399	36	37.8166666667,39.1666666667	38.4888888889,39.0972222222	38.4577777778,39.2522222222	38.5325,39.4322222222	38.6241666667,39.5125	38.6938888889,39.5333333333	38.8663888889,39.4702777778	39.1888888889,39.9722222222	39.1769444444,40.1227777778	39.0175,39.9883333333	38.8313888889,39.9561111111	38.7930555556,39.9613888889	38.6333333333,40.0261111111	38.4627777778,40.1758333333	38.3883333333,40.3888888889	38.3375,40.6380555556	38.3683333333,40.8025	38.4344444444,40.9366666667	38.5580555556,41.1305555556	38.6894444444,41.2030555556	38.8430555556,41.2441666667	39.0647222222,41.1877777778	39.0966666667,41.1561111111	39.0661111111,41.545	38.9930555556,41.7086111111	38.9583333333,41.5	38.8333333333,41.3333333333	38.6833333333,41.25	38.6166666667,42.0333333333	38.7833333333,42.0666666667	38.8469444444,42.0336111111	38.8030555556,42.1333333333	38.1611111111,42.0644444444	37.9444444444,41.2722222222	38.4166666667,39.4222222222	37.8166666667,39.1666666667
365	375	1504238400	1504310399	7	38.8030555556,42.1333333333	38.505,42.7880555556	38.1494444444,43.6369444444	38.1047222222,43.5794444444	38.0594444444,43.2394444444	38.1611111111,42.0644444444	38.8030555556,42.1333333333
365	375	1504238400	1504310399	14	38.8663888889,39.4702777778	38.6938888889,39.5333333333	38.6241666667,39.5125	38.5325,39.4322222222	38.4577777778,39.2522222222	38.4888888889,39.0972222222	38.515,39.0272222222	38.6052777778,38.9319444444	38.7347222222,38.895	38.7561111111,38.9022222222	38.8422222222,38.9419444444	38.9297222222,39.0788888889	38.9563888889,39.2994444444	38.8663888889,39.4702777778
365	375	1504238400	1504310399	11	39.4783333333,38.0313888889	39.1888888889,39.9722222222	38.8663888889,39.4702777778	38.9563888889,39.2994444444	38.9297222222,39.0788888889	38.8422222222,38.9419444444	38.7561111111,38.9022222222	38.7347222222,38.895	39.0547222222,38.2352777778	39.0844444444,38.1755555556	39.4783333333,38.0313888889
365	375	1504238400	1504310399	9	39.0844444444,38.1755555556	39.0547222222,38.2352777778	38.7347222222,38.895	38.5244444444,38.8505555556	37.9925,38.7305555556	37.7202777778,38.6775	37.7211111111,38.6680555556	38.6544444444,38.3308333333	39.0844444444,38.1755555556
365	375	1504238400	1504310399	8	38.9930555556,41.7086111111	38.8469444444,42.0336111111	38.7833333333,42.0666666667	38.6166666667,42.0333333333	38.6833333333,41.25	38.8333333333,41.3333333333	38.9583333333,41.5	38.9930555556,41.7086111111
365	375	1504238400	1504310399	7	37.8266666667,38.8841666667	37.8266666667,39.1177777778	37.5988888889,39.2133333333	37.2555555556,39.2594444444	36.9547222222,39.2033333333	37.7736111111,38.8272222222	37.8266666667,38.8841666667
365	375	1504238400	1504310399	15	38.7347222222,38.895	38.6052777778,38.9319444444	38.515,39.0272222222	38.4888888889,39.0972222222	37.8166666667,39.1666666667	37.5988888889,39.2133333333	37.8266666667,39.1177777778	37.8266666667,38.8841666667	37.7736111111,38.8272222222	37.6411111111,38.6966666667	37.7211111111,38.6680555556	37.7202777778,38.6775	37.9925,38.7305555556	38.5244444444,38.8505555556	38.7347222222,38.895
365	375	1504238400	1504310399	20	37.6919444444,42.0475	37.6825,42.1611111111	37.6347222222,42.2988888889	37.5688888889,42.3830555556	37.4913888889,42.4422222222	37.3586111111,42.4661111111	37.1941666667,42.4147222222	37.0833333333,42.3333333333	37.2666666667,42.25	37.1033333333,41.7911111111	37.1952777778,41.6825	37.1944444444,41.6825	37.2669444444,41.6394444444	37.3555555556,41.6263888889	37.4502777778,41.6430555556	37.525,41.6836111111	37.6102777778,41.7722222222	37.6602777778,41.8666666667	37.6883333333,41.9552777778	37.6919444444,42.0475
365	375	1504238400	1504310399	6	37.7736111111,38.8272222222	36.9547222222,39.2033333333	36.855,39.1811111111	36.845,38.98	37.6411111111,38.6966666667	37.7736111111,38.8272222222
355	365	1504238400	1504310399	48	38.1611111111,42.0644444444	38.0594444444,43.2394444444	38.1047222222,43.5794444444	38.1494444444,43.6369444444	37.8972222222,44.2361111111	37.7083333333,44.6266666667	37.1083333333,44.6666666667	36.9416666667,44.2666666667	37.3055555556,44.1666666667	37.2247222222,43.6405555556	37.35,43.2166666667	37.3763888889,43.1183333333	37.3055555556,42.8236111111	37.2488888889,42.6497222222	37.0833333333,42.3333333333	37.1941666667,42.4147222222	37.3586111111,42.4661111111	37.4913888889,42.4422222222	37.5688888889,42.3830555556	37.6347222222,42.2988888889	37.6825,42.1611111111	37.6919444444,42.0475	37.6883333333,41.9552777778	37.6602777778,41.8666666667	37.6102777778,41.7722222222	37.525,41.6836111111	37.4502777778,41.6430555556	37.3555555556,41.6263888889	37.2669444444,41.6394444444	37.1944444444,41.6825	37.1952777778,41.6825	37.1033333333,41.7911111111	37.0,41.5	37.0722222222,41.2302777778	37.0333333333,41.1986111111	37.0333333333,40.8333333333	36.6666666667,39.3333333333	37.2555555556,39.2594444444	37.4166666667,39.2880555556	37.5988888889,39.2133333333	37.8166666667,39.1666666667	37.4,39.4	37.1666666667,39.7666666667	37.0333333333,40.3333333333	37.25,40.8	37.5,41.1666666667	37.9444444444,41.2722222222	38.1611111111,42.0644444444
355	365	1504238400	1504310399	14	38.8663888889,39.4702777778	38.6938888889,39.5333333333	38.6241666667,39.5125	38.5325,39.4322222222	38.4577777778,39.2522222222	38.4888888889,39.0972222222	38.515,39.0272222222	38.6052777778,38.9319444444	38.7347222222,38.895	38.7561111111,38.9022222222	38.8422222222,38.9419444444	38.9297222222,39.0788888889	38.9563888889,39.2994444444	38.8663888889,39.4702777778
355	365	1504238400	1504310399	16	39.0966666667,41.1561111111	39.0647222222,41.1877777778	38.8430555556,41.2441666667	38.6894444444,41.2030555556	38.5580555556,41.1305555556	38.4344444444,40.9366666667	38.3683333333,40.8025	38.3375,40.6380555556	38.3883333333,40.3888888889	38.4627777778,40.1758333333	38.6333333333,40.0261111111	38.7930555556,39.9613888889	38.8313888889,39.9561111111	39.0175,39.9883333333	39.1769444444,40.1227777778	39.0966666667,41.1561111111
355	365	1504238400	1504310399	9	38.4166666667,39.4222222222	37.9444444444,41.2722222222	37.5,41.1666666667	37.25,40.8	37.0333333333,40.3333333333	37.1666666667,39.7666666667	37.4,39.4	37.8166666667,39.1666666667	38.4166666667,39.4222222222
355	365	1504238400	1504310399	7	37.2555555556,39.2594444444	36.6666666667,39.3333333333	36.7086111111,39.0283333333	36.845,38.98	36.855,39.1811111111	36.9547222222,39.2033333333	37.2555555556,39.2594444444
355	365	1504238400	1504310399	4	37.5988888889,39.2133333333	37.4166666667,39.2880555556	37.2555555556,39.2594444444	37.5988888889,39.2133333333
355	365	1504238400	1504310399	36	37.8166666667,39.1666666667	38.4888888889,39.0972222222	38.4577777778,39.2522222222	38.5325,39.4322222222	38.6241666667,39.5125	38.6938888889,39.5333333333	38.8663888889,39.4702777778	39.1888888889,39.9722222222	39.1769444444,40.1227777778	39.0175,39.9883333333	38.8313888889,39.9561111111	38.7930555556,39.9613888889	38.6333333333,40.0261111111	38.4627777778,40.1758333333	38.3883333333,40.3888888889	38.3375,40.6380555556	38.3683333333,40.8025	38.4344444444,40.9366666667	38.5580555556,41.1305555556	38.6894444444,41.2030555556	38.8430555556,41.2441666667	39.0647222222,41.1877777778	39.0966666667,41.1561111111	39.0661111111,41.545	38.9930555556,41.7086111111	38.9583333333,41.5	38.8333333333,41.3333333333	38.6833333333,41.25	38.6166666667,42.0333333333	38.7833333333,42.0666666667	38.8469444444,42.0336111111	38.8030555556,42.1333333333	38.1611111111,42.0644444444	37.9444444444,41.2722222222	38.4166666667,39.4222222222	37.8166666667,39.1666666667
355	365	1504238400	1504310399	6	37.7736111111,38.8272222222	36.9547222222,39.2033333333	36.855,39.1811111111	36.845,38.98	37.6411111111,38.6966666667	37.7736111111,38.8272222222
355	365	1504238400	1504310399	15	38.7347222222,38.895	38.6052777778,38.9319444444	38.515,39.0272222222	38.4888888889,39.0972222222	37.8166666667,39.1666666667	37.5988888889,39.2133333333	37.8266666667,39.1177777778	37.8266666667,38.8841666667	37.7736111111,38.8272222222	37.6411111111,38.6966666667	37.7211111111,38.6680555556	37.7202777778,38.6775	37.9925,38.7305555556	38.5244444444,38.8505555556	38.7347222222,38.895
355	365	1504238400	1504310399	11	39.4783333333,38.0313888889	39.1888888889,39.9722222222	38.8663888889,39.4702777778	38.9563888889,39.2994444444	38.9297222222,39.0788888889	38.8422222222,38.9419444444	38.7561111111,38.9022222222	38.7347222222,38.895	39.0547222222,38.2352777778	39.0844444444,38.1755555556	39.4783333333,38.0313888889
355	365	1504238400	1504310399	9	39.0844444444,38.1755555556	39.0547222222,38.2352777778	38.7347222222,38.895	38.5244444444,38.8505555556	37.9925,38.7305555556	37.7202777778,38.6775	37.7211111111,38.6680555556	38.6544444444,38.3308333333	39.0844444444,38.1755555556
355	365	1504238400	1504310399	8	38.9930555556,41.7086111111	38.8469444444,42.0336111111	38.7833333333,42.0666666667	38.6166666667,42.0333333333	38.6833333333,41.25	38.8333333333,41.3333333333	38.9583333333,41.5	38.9930555556,41.7086111111
355	365	1504238400	1504310399	7	37.8266666667,38.8841666667	37.8266666667,39.1177777778	37.5988888889,39.2133333333	37.2555555556,39.2594444444	36.9547222222,39.2033333333	37.7736111111,38.8272222222	37.8266666667,38.8841666667
355	365	1504238400	1504310399	7	38.8030555556,42.1333333333	38.505,42.7880555556	38.1494444444,43.6369444444	38.1047222222,43.5794444444	38.0594444444,43.2394444444	38.1611111111,42.0644444444	38.8030555556,42.1333333333
355	365	1504238400	1504310399	20	37.6919444444,42.0475	37.6825,42.1611111111	37.6347222222,42.2988888889	37.5688888889,42.3830555556	37.4913888889,42.4422222222	37.3586111111,42.4661111111	37.1941666667,42.4147222222	37.0833333333,42.3333333333	37.2666666667,42.25	37.1033333333,41.7911111111	37.1952777778,41.6825	37.1944444444,41.6825	37.2669444444,41.6394444444	37.3555555556,41.6263888889	37.4502777778,41.6430555556	37.525,41.6836111111	37.6102777778,41.7722222222	37.6602777778,41.8666666667	37.6883333333,41.9552777778	37.6919444444,42.0475
0	345	1504238400	1504310399	48	38.1611111111,42.0644444444	38.0594444444,43.2394444444	38.1047222222,43.5794444444	38.1494444444,43.6369444444	37.8972222222,44.2361111111	37.7083333333,44.6266666667	37.1083333333,44.6666666667	36.9416666667,44.2666666667	37.3055555556,44.1666666667	37.2247222222,43.6405555556	37.35,43.2166666667	37.3763888889,43.1183333333	37.3055555556,42.8236111111	37.2488888889,42.6497222222	37.0833333333,42.3333333333	37.1941666667,42.4147222222	37.3586111111,42.4661111111	37.4913888889,42.4422222222	37.5688888889,42.3830555556	37.6347222222,42.2988888889	37.6825,42.1611111111	37.6919444444,42.0475	37.6883333333,41.9552777778	37.6602777778,41.8666666667	37.6102777778,41.7722222222	37.525,41.6836111111	37.4502777778,41.6430555556	37.3555555556,41.6263888889	37.2669444444,41.6394444444	37.1944444444,41.6825	37.1952777778,41.6825	37.1033333333,41.7911111111	37.0,41.5	37.0722222222,41.2302777778	37.0333333333,41.1986111111	37.0333333333,40.8333333333	36.6666666667,39.3333333333	37.2555555556,39.2594444444	37.4166666667,39.2880555556	37.5988888889,39.2133333333	37.8166666667,39.1666666667	37.4,39.4	37.1666666667,39.7666666667	37.0333333333,40.3333333333	37.25,40.8	37.5,41.1666666667	37.9444444444,41.2722222222	38.1611111111,42.0644444444
0	345	1504238400	1504310399	7	37.2555555556,39.2594444444	36.6666666667,39.3333333333	36.7086111111,39.0283333333	36.845,38.98	36.855,39.1811111111	36.9547222222,39.2033333333	37.2555555556,39.2594444444
0	345	1504238400	1504310399	36	37.8166666667,39.1666666667	38.4888888889,39.0972222222	38.4577777778,39.2522222222	38.5325,39.4322222222	38.6241666667,39.5125	38.6938888889,39.5333333333	38.8663888889,39.4702777778	39.1888888889,39.9722222222	39.1769444444,40.1227777778	39.0175,39.9883333333	38.8313888889,39.9561111111	38.7930555556,39.9613888889	38.6333333333,40.0261111111	38.4627777778,40.1758333333	38.3883333333,40.3888888889	38.3375,40.6380555556	38.3683333333,40.8025	38.4344444444,40.9366666667	38.5580555556,41.1305555556	38.6894444444,41.2030555556	38.8430555556,41.2441666667	39.0647222222,41.1877777778	39.0966666667,41.1561111111	39.0661111111,41.545	38.9930555556,41.7086111111	38.9583333333,41.5	38.8333333333,41.3333333333	38.6833333333,41.25	38.6166666667,42.0333333333	38.7833333333,42.0666666667	38.8469444444,42.0336111111	38.8030555556,42.1333333333	38.1611111111,42.0644444444	37.9444444444,41.2722222222	38.4166666667,39.4222222222	37.8166666667,39.1666666667
0	345	1504238400	1504310399	15	38.7347222222,38.895	38.6052777778,38.9319444444	38.515,39.0272222222	38.4888888889,39.0972222222	37.8166666667,39.1666666667	37.5988888889,39.2133333333	37.8266666667,39.1177777778	37.8266666667,38.8841666667	37.7736111111,38.8272222222	37.6411111111,38.6966666667	37.7211111111,38.6680555556	37.7202777778,38.6775	37.9925,38.7305555556	38.5244444444,38.8505555556	38.7347222222,38.895
0	345	1504238400	1504310399	11	39.4783333333,38.0313888889	39.1888888889,39.9722222222	38.8663888889,39.4702777778	38.9563888889,39.2994444444	38.9297222222,39.0788888889	38.8422222222,38.9419444444	38.7561111111,38.9022222222	38.7347222222,38.895	39.0547222222,38.2352777778	39.0844444444,38.1755555556	39.4783333333,38.0313888889
205	345	1504238400	1504310399	4	37.5988888889,39.2133333333	37.4166666667,39.2880555556	37.2555555556,39.2594444444	37.5988888889,39.2133333333
205	345	1504238400	1504310399	7	38.8030555556,42.1333333333	38.505,42.7880555556	38.1494444444,43.6369444444	38.1047222222,43.5794444444	38.0594444444,43.2394444444	38.1611111111,42.0644444444	38.8030555556,42.1333333333
205	345	1504238400	1504310399	20	37.6919444444,42.0475	37.6825,42.1611111111	37.6347222222,42.2988888889	37.5688888889,42.3830555556	37.4913888889,42.4422222222	37.3586111111,42.4661111111	37.1941666667,42.4147222222	37.0833333333,42.3333333333	37.2666666667,42.25	37.1033333333,41.7911111111	37.1952777778,41.6825	37.1944444444,41.6825	37.2669444444,41.6394444444	37.3555555556,41.6263888889	37.4502777778,41.6430555556	37.525,41.6836111111	37.6102777778,41.7722222222	37.6602777778,41.8666666667	37.6883333333,41.9552777778	37.6919444444,42.0475
205	345	1504238400	1504310399	7	37.8266666667,38.8841666667	37.8266666667,39.1177777778	37.5988888889,39.2133333333	37.2555555556,39.2594444444	36.9547222222,39.2033333333	37.7736111111,38.8272222222	37.8266666667,38.8841666667
205	345	1504238400	1504310399	6	37.7736111111,38.8272222222	36.9547222222,39.2033333333	36.855,39.1811111111	36.845,38.98	37.6411111111,38.6966666667	37.7736111111,38.8272222222
155	345	1504238400	1504310399	14	38.8663888889,39.4702777778	38.6938888889,39.5333333333	38.6241666667,39.5125	38.5325,39.4322222222	38.4577777778,39.2522222222	38.4888888889,39.0972222222	38.515,39.0272222222	38.6052777778,38.9319444444	38.7347222222,38.895	38.7561111111,38.9022222222	38.8422222222,38.9419444444	38.9297222222,39.0788888889	38.9563888889,39.2994444444	38.8663888889,39.4702777778
275	345	1504238400	1504310399	9	39.0844444444,38.1755555556	39.0547222222,38.2352777778	38.7347222222,38.895	38.5244444444,38.8505555556	37.9925,38.7305555556	37.7202777778,38.6775	37.7211111111,38.6680555556	38.6544444444,38.3308333333	39.0844444444,38.1755555556
275	345	1504238400	1504310399	9	38.4166666667,39.4222222222	37.9444444444,41.2722222222	37.5,41.1666666667	37.25,40.8	37.0333333333,40.3333333333	37.1666666667,39.7666666667	37.4,39.4	37.8166666667,39.1666666667	38.4166666667,39.4222222222
345	355	1504238400	1504310399	48	38.1611111111,42.0644444444	38.0594444444,43.2394444444	38.1047222222,43.5794444444	38.1494444444,43.6369444444	37.8972222222,44.2361111111	37.7083333333,44.6266666667	37.1083333333,44.6666666667	36.9416666667,44.2666666667	37.3055555556,44.1666666667	37.2247222222,43.6405555556	37.35,43.2166666667	37.3763888889,43.1183333333	37.3055555556,42.8236111111	37.2488888889,42.6497222222	37.0833333333,42.3333333333	37.1941666667,42.4147222222	37.3586111111,42.4661111111	37.4913888889,42.4422222222	37.5688888889,42.3830555556	37.6347222222,42.2988888889	37.6825,42.1611111111	37.6919444444,42.0475	37.6883333333,41.9552777778	37.6602777778,41.8666666667	37.6102777778,41.7722222222	37.525,41.6836111111	37.4502777778,41.6430555556	37.3555555556,41.6263888889	37.2669444444,41.6394444444	37.1944444444,41.6825	37.1952777778,41.6825	37.1033333333,41.7911111111	37.0,41.5	37.0722222222,41.2302777778	37.0333333333,41.1986111111	37.0333333333,40.8333333333	36.6666666667,39.3333333333	37.2555555556,39.2594444444	37.4166666667,39.2880555556	37.5988888889,39.2133333333	37.8166666667,39.1666666667	37.4,39.4	37.1666666667,39.7666666667	37.0333333333,40.3333333333	37.25,40.8	37.5,41.1666666667	37.9444444444,41.2722222222	38.1611111111,42.0644444444
345	355	1504238400	1504310399	14	38.8663888889,39.4702777778	38.6938888889,39.5333333333	38.6241666667,39.5125	38.5325,39.4322222222	38.4577777778,39.2522222222	38.4888888889,39.0972222222	38.515,39.0272222222	38.6052777778,38.9319444444	38.7347222222,38.895	38.7561111111,38.9022222222	38.8422222222,38.9419444444	38.9297222222,39.0788888889	38.9563888889,39.2994444444	38.8663888889,39.4702777778
345	355	1504238400	1504310399	16	39.0966666667,41.1561111111	39.0647222222,41.1877777778	38.8430555556,41.2441666667	38.6894444444,41.2030555556	38.5580555556,41.1305555556	38.4344444444,40.9366666667	38.3683333333,40.8025	38.3375,40.6380555556	38.3883333333,40.3888888889	38.4627777778,40.1758333333	38.6333333333,40.0261111111	38.7930555556,39.9613888889	38.8313888889,39.9561111111	39.0175,39.9883333333	39.1769444444,40.1227777778	39.0966666667,41.1561111111
345	355	1504238400	1504310399	9	38.4166666667,39.4222222222	37.9444444444,41.2722222222	37.5,41.1666666667	37.25,40.8	37.0333333333,40.3333333333	37.1666666667,39.7666666667	37.4,39.4	37.8166666667,39.1666666667	38.4166666667,39.4222222222
345	355	1504238400	1504310399	7	37.2555555556,39.2594444444	36.6666666667,39.3333333333	36.7086111111,39.0283333333	36.845,38.98	36.855,39.1811111111	36.9547222222,39.2033333333	37.2555555556,39.2594444444
345	355	1504238400	1504310399	4	37.5988888889,39.2133333333	37.4166666667,39.2880555556	37.2555555556,39.2594444444	37.5988888889,39.2133333333
345	355	1504238400	1504310399	36	37.8166666667,39.1666666667	38.4888888889,39.0972222222	38.4577777778,39.2522222222	38.5325,39.4322222222	38.6241666667,39.5125	38.6938888889,39.5333333333	38.8663888889,39.4702777778	39.1888888889,39.9722222222	39.1769444444,40.1227777778	39.0175,39.9883333333	38.8313888889,39.9561111111	38.7930555556,39.9613888889	38.6333333333,40.0261111111	38.4627777778,40.1758333333	38.3883333333,40.3888888889	38.3375,40.6380555556	38.3683333333,40.8025	38.4344444444,40.9366666667	38.5580555556,41.1305555556	38.6894444444,41.2030555556	38.8430555556,41.2441666667	39.0647222222,41.1877777778	39.0966666667,41.1561111111	39.0661111111,41.545	38.9930555556,41.7086111111	38.9583333333,41.5	38.8333333333,41.3333333333	38.6833333333,41.25	38.6166666667,42.0333333333	38.7833333333,42.0666666667	38.8469444444,42.0336111111	38.8030555556,42.1333333333	38.1611111111,42.0644444444	37.9444444444,41.2722222222	38.4166666667,39.4222222222	37.8166666667,39.1666666667
345	355	1504238400	1504310399	6	37.7736111111,38.8272222222	36.9547222222,39.2033333333	36.855,39.1811111111	36.845,38.98	37.6411111111,38.6966666667	37.7736111111,38.8272222222
345	355	1504238400	1504310399	15	38.7347222222,38.895	38.6052777778,38.9319444444	38.515,39.0272222222	38.4888888889,39.0972222222	37.8166666667,39.1666666667	37.5988888889,39.2133333333	37.8266666667,39.1177777778	37.8266666667,38.8841666667	37.7736111111,38.8272222222	37.6411111111,38.6966666667	37.7211111111,38.6680555556	37.7202777778,38.6775	37.9925,38.7305555556	38.5244444444,38.8505555556	38.7347222222,38.895
345	355	1504238400	1504310399	11	39.4783333333,38.0313888889	39.1888888889,39.9722222222	38.8663888889,39.4702777778	38.9563888889,39.2994444444	38.9297222222,39.0788888889	38.8422222222,38.9419444444	38.7561111111,38.9022222222	38.7347222222,38.895	39.0547222222,38.2352777778	39.0844444444,38.1755555556	39.4783333333,38.0313888889
345	355	1504238400	1504310399	9	39.0844444444,38.1755555556	39.0547222222,38.2352777778	38.7347222222,38.895	38.5244444444,38.8505555556	37.9925,38.7305555556	37.7202777778,38.6775	37.7211111111,38.6680555556	38.6544444444,38.3308333333	39.0844444444,38.1755555556
345	355	1504238400	1504310399	7	38.8030555556,42.1333333333	38.505,42.7880555556	38.1494444444,43.6369444444	38.1047222222,43.5794444444	38.0594444444,43.2394444444	38.1611111111,42.0644444444	38.8030555556,42.1333333333
345	355	1504238400	1504310399	7	37.8266666667,38.8841666667	37.8266666667,39.1177777778	37.5988888889,39.2133333333	37.2555555556,39.2594444444	36.9547222222,39.2033333333	37.7736111111,38.8272222222	37.8266666667,38.8841666667
345	355	1504238400	1504310399	8	38.9930555556,41.7086111111	38.8469444444,42.0336111111	38.7833333333,42.0666666667	38.6166666667,42.0333333333	38.6833333333,41.25	38.8333333333,41.3333333333	38.9583333333,41.5	38.9930555556,41.7086111111
345	355	1504238400	1504310399	20	37.6919444444,42.0475	37.6825,42.1611111111	37.6347222222,42.2988888889	37.5688888889,42.3830555556	37.4913888889,42.4422222222	37.3586111111,42.4661111111	37.1941666667,42.4147222222	37.0833333333,42.3333333333	37.2666666667,42.25	37.1033333333,41.7911111111	37.1952777778,41.6825	37.1944444444,41.6825	37.2669444444,41.6394444444	37.3555555556,41.6263888889	37.4502777778,41.6430555556	37.525,41.6836111111	37.6102777778,41.7722222222	37.6602777778,41.8666666667	37.6883333333,41.9552777778	37.6919444444,42.0475
375	999	1504238400	1504310399	48	38.1611111111,42.0644444444	38.0594444444,43.2394444444	38.1047222222,43.5794444444	38.1494444444,43.6369444444	37.8972222222,44.2361111111	37.7083333333,44.6266666667	37.1083333333,44.6666666667	36.9416666667,44.2666666667	37.3055555556,44.1666666667	37.2247222222,43.6405555556	37.35,43.2166666667	37.3763888889,43.1183333333	37.3055555556,42.8236111111	37.2488888889,42.6497222222	37.0833333333,42.3333333333	37.1941666667,42.4147222222	37.3586111111,42.4661111111	37.4913888889,42.4422222222	37.5688888889,42.3830555556	37.6347222222,42.2988888889	37.6825,42.1611111111	37.6919444444,42.0475	37.6883333333,41.9552777778	37.6602777778,41.8666666667	37.6102777778,41.7722222222	37.525,41.6836111111	37.4502777778,41.6430555556	37.3555555556,41.6263888889	37.2669444444,41.6394444444	37.1944444444,41.6825	37.1952777778,41.6825	37.1033333333,41.7911111111	37.0,41.5	37.0722222222,41.2302777778	37.0333333333,41.1986111111	37.0333333333,40.8333333333	36.6666666667,39.3333333333	37.2555555556,39.2594444444	37.4166666667,39.2880555556	37.5988888889,39.2133333333	37.8166666667,39.1666666667	37.4,39.4	37.1666666667,39.7666666667	37.0333333333,40.3333333333	37.25,40.8	37.5,41.1666666667	37.9444444444,41.2722222222	38.1611111111,42.0644444444
375	999	1504238400	1504310399	7	37.2555555556,39.2594444444	36.6666666667,39.3333333333	36.7086111111,39.0283333333	36.845,38.98	36.855,39.1811111111	36.9547222222,39.2033333333	37.2555555556,39.2594444444
375	999	1504238400	1504310399	16	39.0966666667,41.1561111111	39.0647222222,41.1877777778	38.8430555556,41.2441666667	38.6894444444,41.2030555556	38.5580555556,41.1305555556	38.4344444444,40.9366666667	38.3683333333,40.8025	38.3375,40.6380555556	38.3883333333,40.3888888889	38.4627777778,40.1758333333	38.6333333333,40.0261111111	38.7930555556,39.9613888889	38.8313888889,39.9561111111	39.0175,39.9883333333	39.1769444444,40.1227777778	39.0966666667,41.1561111111
375	999	1504238400	1504310399	9	38.4166666667,39.4222222222	37.9444444444,41.2722222222	37.5,41.1666666667	37.25,40.8	37.0333333333,40.3333333333	37.1666666667,39.7666666667	37.4,39.4	37.8166666667,39.1666666667	38.4166666667,39.4222222222
375	999	1504238400	1504310399	7	38.8030555556,42.1333333333	38.505,42.7880555556	38.1494444444,43.6369444444	38.1047222222,43.5794444444	38.0594444444,43.2394444444	38.1611111111,42.0644444444	38.8030555556,42.1333333333
375	999	1504238400	1504310399	14	38.8663888889,39.4702777778	38.6938888889,39.5333333333	38.6241666667,39.5125	38.5325,39.4322222222	38.4577777778,39.2522222222	38.4888888889,39.0972222222	38.515,39.0272222222	38.6052777778,38.9319444444	38.7347222222,38.895	38.7561111111,38.9022222222	38.8422222222,38.9419444444	38.9297222222,39.0788888889	38.9563888889,39.2994444444	38.8663888889,39.4702777778
375	999	1504238400	1504310399	4	37.5988888889,39.2133333333	37.4166666667,39.2880555556	37.2555555556,39.2594444444	37.5988888889,39.2133333333
375	999	1504238400	1504310399	36	37.8166666667,39.1666666667	38.4888888889,39.0972222222	38.4577777778,39.2522222222	38.5325,39.4322222222	38.6241666667,39.5125	38.6938888889,39.5333333333	38.8663888889,39.4702777778	39.1888888889,39.9722222222	39.1769444444,40.1227777778	39.0175,39.9883333333	38.8313888889,39.9561111111	38.7930555556,39.9613888889	38.6333333333,40.0261111111	38.4627777778,40.1758333333	38.3883333333,40.3888888889	38.3375,40.6380555556	38.3683333333,40.8025	38.4344444444,40.9366666667	38.5580555556,41.1305555556	38.6894444444,41.2030555556	38.8430555556,41.2441666667	39.0647222222,41.1877777778	39.0966666667,41.1561111111	39.0661111111,41.545	38.9930555556,41.7086111111	38.9583333333,41.5	38.8333333333,41.3333333333	38.6833333333,41.25	38.6166666667,42.0333333333	38.7833333333,42.0666666667	38.8469444444,42.0336111111	38.8030555556,42.1333333333	38.1611111111,42.0644444444	37.9444444444,41.2722222222	38.4166666667,39.4222222222	37.8166666667,39.1666666667
375	999	1504238400	1504310399	6	37.7736111111,38.8272222222	36.9547222222,39.2033333333	36.855,39.1811111111	36.845,38.98	37.6411111111,38.6966666667	37.7736111111,38.8272222222
375	999	1504238400	1504310399	15	38.7347222222,38.895	38.6052777778,38.9319444444	38.515,39.0272222222	38.4888888889,39.0972222222	37.8166666667,39.1666666667	37.5988888889,39.2133333333	37.8266666667,39.1177777778	37.8266666667,38.8841666667	37.7736111111,38.8272222222	37.6411111111,38.6966666667	37.7211111111,38.6680555556	37.7202777778,38.6775	37.9925,38.7305555556	38.5244444444,38.8505555556	38.7347222222,38.895
375	999	1504238400	1504310399	11	39.4783333333,38.0313888889	39.1888888889,39.9722222222	38.8663888889,39.4702777778	38.9563888889,39.2994444444	38.9297222222,39.0788888889	38.8422222222,38.9419444444	38.7561111111,38.9022222222	38.7347222222,38.895	39.0547222222,38.2352777778	39.0844444444,38.1755555556	39.4783333333,38.0313888889
375	999	1504238400	1504310399	9	39.0844444444,38.1755555556	39.0547222222,38.2352777778	38.7347222222,38.895	38.5244444444,38.8505555556	37.9925,38.7305555556	37.7202777778,38.6775	37.7211111111,38.6680555556	38.6544444444,38.3308333333	39.0844444444,38.1755555556
375	999	1504238400	1504310399	8	38.9930555556,41.7086111111	38.8469444444,42.0336111111	38.7833333333,42.0666666667	38.6166666667,42.0333333333	38.6833333333,41.25	38.8333333333,41.3333333333	38.9583333333,41.5	38.9930555556,41.7086111111
375	999	1504238400	1504310399	7	37.8266666667,38.8841666667	37.8266666667,39.1177777778	37.5988888889,39.2133333333	37.2555555556,39.2594444444	36.9547222222,39.2033333333	37.7736111111,38.8272222222	37.8266666667,38.8841666667
375	999	1504238400	1504310399	20	37.6919444444,42.0475	37.6825,42.1611111111	37.6347222222,42.2988888889	37.5688888889,42.3830555556	37.4913888889,42.4422222222	37.3586111111,42.4661111111	37.1941666667,42.4147222222	37.0833333333,42.3333333333	37.2666666667,42.25	37.1033333333,41.7911111111	37.1952777778,41.6825	37.1944444444,41.6825	37.2669444444,41.6394444444	37.3555555556,41.6263888889	37.4502777778,41.6430555556	37.525,41.6836111111	37.6102777778,41.7722222222	37.6602777778,41.8666666667	37.6883333333,41.9552777778	37.6919444444,42.0475
