10
365	375	1504245600	1504281599	7	41.8,33.45	41.8,33.5447222222	41.5255555556,33.3941666667	41.1744444444,33.7122222222	41.1891666667,33.4336111111	41.1672222222,33.1536111111	41.8,33.45
365	375	1504245600	1504281599	17	40.9988888889,30.9994444444	42.3202777778,29.5347222222	42.3638888889,29.6241666667	42.4616666667,29.8702777778	42.5166666667,30.0166666667	42.5405555556,30.0727777778	42.6105555556,30.2644444444	42.7388888889,30.5961111111	42.8,30.75	42.8,31.0	42.7988888889,31.9477777778	42.7988888889,33.1811111111	42.7805555556,34.0877777778	41.8,33.5447222222	41.8,33.45	41.1672222222,33.1536111111	40.9988888889,30.9994444444
355	365	1504245600	1504281599	7	41.8,33.45	41.8,33.5447222222	41.5255555556,33.3941666667	41.1744444444,33.7122222222	41.1891666667,33.4336111111	41.1672222222,33.1536111111	41.8,33.45
355	365	1504245600	1504281599	17	40.9988888889,30.9994444444	42.3202777778,29.5347222222	42.3638888889,29.6241666667	42.4616666667,29.8702777778	42.5166666667,30.0166666667	42.5405555556,30.0727777778	42.6105555556,30.2644444444	42.7388888889,30.5961111111	42.8,30.75	42.8,31.0	42.7988888889,31.9477777778	42.7988888889,33.1811111111	42.7805555556,34.0877777778	41.8,33.5447222222	41.8,33.45	41.1672222222,33.1536111111	40.9988888889,30.9994444444
0	345	1504245600	1504281599	17	40.9988888889,30.9994444444	42.3202777778,29.5347222222	42.3638888889,29.6241666667	42.4616666667,29.8702777778	42.5166666667,30.0166666667	42.5405555556,30.0727777778	42.6105555556,30.2644444444	42.7388888889,30.5961111111	42.8,30.75	42.8,31.0	42.7988888889,31.9477777778	42.7988888889,33.1811111111	42.7805555556,34.0877777778	41.8,33.5447222222	41.8,33.45	41.1672222222,33.1536111111	40.9988888889,30.9994444444
155	345	1504245600	1504281599	7	41.8,33.45	41.8,33.5447222222	41.5255555556,33.3941666667	41.1744444444,33.7122222222	41.1891666667,33.4336111111	41.1672222222,33.1536111111	41.8,33.45
345	355	1504245600	1504281599	7	41.8,33.45	41.8,33.5447222222	41.5255555556,33.3941666667	41.1744444444,33.7122222222	41.1891666667,33.4336111111	41.1672222222,33.1536111111	41.8,33.45
345	355	1504245600	1504281599	17	40.9988888889,30.9994444444	42.3202777778,29.5347222222	42.3638888889,29.6241666667	42.4616666667,29.8702777778	42.5166666667,30.0166666667	42.5405555556,30.0727777778	42.6105555556,30.2644444444	42.7388888889,30.5961111111	42.8,30.75	42.8,31.0	42.7988888889,31.9477777778	42.7988888889,33.1811111111	42.7805555556,34.0877777778	41.8,33.5447222222	41.8,33.45	41.1672222222,33.1536111111	40.9988888889,30.9994444444
375	999	1504245600	1504281599	7	41.8,33.45	41.8,33.5447222222	41.5255555556,33.3941666667	41.1744444444,33.7122222222	41.1891666667,33.4336111111	41.1672222222,33.1536111111	41.8,33.45
375	999	1504245600	1504281599	17	40.9988888889,30.9994444444	42.3202777778,29.5347222222	42.3638888889,29.6241666667	42.4616666667,29.8702777778	42.5166666667,30.0166666667	42.5405555556,30.0727777778	42.6105555556,30.2644444444	42.7388888889,30.5961111111	42.8,30.75	42.8,31.0	42.7988888889,31.9477777778	42.7988888889,33.1811111111	42.7805555556,34.0877777778	41.8,33.5447222222	41.8,33.45	41.1672222222,33.1536111111	40.9988888889,30.9994444444
