35
245	345	1504224000	1504234799	9	41.7555555556,36.5658333333	41.5666666667,36.9	41.2555555556,37.0658333333	40.9666666667,36.9	40.7555555556,36.5658333333	40.9666666667,36.2	41.2555555556,36.0658333333	41.5666666667,36.2	41.7555555556,36.5658333333
365	375	1504224000	1504234799	9	41.5,35.5666666667	40.8141666667,35.97	40.8472222222,35.8247222222	41.0,34.5972222222	41.0169444444,34.6122222222	41.2666666667,34.8333333333	41.3916666667,35.0	41.4666666667,35.1	41.5,35.5666666667
365	375	1504224000	1504234799	12	42.7322222222,36.2663888889	42.725,36.5	42.72,36.6166666667	42.7088888889,36.9147222222	42.7033333333,37.12	42.6833333333,37.6666666667	42.6822222222,37.7122222222	41.1780555556,37.6886111111	41.2555555556,37.0658333333	41.5666666667,36.9	41.7555555556,36.5658333333	42.7322222222,36.2663888889
365	375	1504224000	1504234799	15	42.7805555556,34.0877777778	42.75,35.0	42.1855555556,35.0127777778	41.9741666667,34.7347222222	41.8322222222,35.1661111111	41.5,35.5666666667	41.4666666667,35.1	41.3916666667,35.0	41.2666666667,34.8333333333	41.0169444444,34.6122222222	41.0,34.5972222222	41.0980555556,34.0727777778	41.8,34.4166666667	41.8,33.5447222222	42.7805555556,34.0877777778
365	375	1504224000	1504234799	6	41.8,33.5447222222	41.8,34.4166666667	41.0980555556,34.0727777778	41.1744444444,33.7122222222	41.5255555556,33.3941666667	41.8,33.5447222222
365	375	1504224000	1504234799	17	42.1855555556,35.0127777778	42.75,35.0	42.7322222222,36.2663888889	41.7555555556,36.5658333333	41.5666666667,36.2	41.2555555556,36.0658333333	40.9666666667,36.2	40.7555555556,36.5658333333	40.9666666667,36.9	41.2555555556,37.0658333333	41.1780555556,37.6886111111	40.4172222222,37.675	40.8141666667,35.97	41.5,35.5666666667	41.8322222222,35.1661111111	42.1233333333,35.3791666667	42.1855555556,35.0127777778
365	375	1504224000	1504234799	5	42.1855555556,35.0127777778	42.1233333333,35.3791666667	41.8322222222,35.1661111111	41.9741666667,34.7347222222	42.1855555556,35.0127777778
365	375	1504224000	1504234799	9	41.7555555556,36.5658333333	41.5666666667,36.9	41.2555555556,37.0658333333	40.9666666667,36.9	40.7555555556,36.5658333333	40.9666666667,36.2	41.2555555556,36.0658333333	41.5666666667,36.2	41.7555555556,36.5658333333
355	365	1504224000	1504234799	9	41.5,35.5666666667	40.8141666667,35.97	40.8472222222,35.8247222222	41.0,34.5972222222	41.0169444444,34.6122222222	41.2666666667,34.8333333333	41.3916666667,35.0	41.4666666667,35.1	41.5,35.5666666667
355	365	1504224000	1504234799	12	42.7322222222,36.2663888889	42.725,36.5	42.72,36.6166666667	42.7088888889,36.9147222222	42.7033333333,37.12	42.6833333333,37.6666666667	42.6822222222,37.7122222222	41.1780555556,37.6886111111	41.2555555556,37.0658333333	41.5666666667,36.9	41.7555555556,36.5658333333	42.7322222222,36.2663888889
355	365	1504224000	1504234799	15	42.7805555556,34.0877777778	42.75,35.0	42.1855555556,35.0127777778	41.9741666667,34.7347222222	41.8322222222,35.1661111111	41.5,35.5666666667	41.4666666667,35.1	41.3916666667,35.0	41.2666666667,34.8333333333	41.0169444444,34.6122222222	41.0,34.5972222222	41.0980555556,34.0727777778	41.8,34.4166666667	41.8,33.5447222222	42.7805555556,34.0877777778
355	365	1504224000	1504234799	6	41.8,33.5447222222	41.8,34.4166666667	41.0980555556,34.0727777778	41.1744444444,33.7122222222	41.5255555556,33.3941666667	41.8,33.5447222222
355	365	1504224000	1504234799	17	42.1855555556,35.0127777778	42.75,35.0	42.7322222222,36.2663888889	41.7555555556,36.5658333333	41.5666666667,36.2	41.2555555556,36.0658333333	40.9666666667,36.2	40.7555555556,36.5658333333	40.9666666667,36.9	41.2555555556,37.0658333333	41.1780555556,37.6886111111	40.4172222222,37.675	40.8141666667,35.97	41.5,35.5666666667	41.8322222222,35.1661111111	42.1233333333,35.3791666667	42.1855555556,35.0127777778
355	365	1504224000	1504234799	5	42.1855555556,35.0127777778	42.1233333333,35.3791666667	41.8322222222,35.1661111111	41.9741666667,34.7347222222	42.1855555556,35.0127777778
355	365	1504224000	1504234799	9	41.7555555556,36.5658333333	41.5666666667,36.9	41.2555555556,37.0658333333	40.9666666667,36.9	40.7555555556,36.5658333333	40.9666666667,36.2	41.2555555556,36.0658333333	41.5666666667,36.2	41.7555555556,36.5658333333
0	345	1504224000	1504234799	12	42.7322222222,36.2663888889	42.725,36.5	42.72,36.6166666667	42.7088888889,36.9147222222	42.7033333333,37.12	42.6833333333,37.6666666667	42.6822222222,37.7122222222	41.1780555556,37.6886111111	41.2555555556,37.0658333333	41.5666666667,36.9	41.7555555556,36.5658333333	42.7322222222,36.2663888889
0	345	1504224000	1504234799	17	42.1855555556,35.0127777778	42.75,35.0	42.7322222222,36.2663888889	41.7555555556,36.5658333333	41.5666666667,36.2	41.2555555556,36.0658333333	40.9666666667,36.2	40.7555555556,36.5658333333	40.9666666667,36.9	41.2555555556,37.0658333333	41.1780555556,37.6886111111	40.4172222222,37.675	40.8141666667,35.97	41.5,35.5666666667	41.8322222222,35.1661111111	42.1233333333,35.3791666667	42.1855555556,35.0127777778
0	345	1504224000	1504234799	15	42.7805555556,34.0877777778	42.75,35.0	42.1855555556,35.0127777778	41.9741666667,34.7347222222	41.8322222222,35.1661111111	41.5,35.5666666667	41.4666666667,35.1	41.3916666667,35.0	41.2666666667,34.8333333333	41.0169444444,34.6122222222	41.0,34.5972222222	41.0980555556,34.0727777778	41.8,34.4166666667	41.8,33.5447222222	42.7805555556,34.0877777778
155	345	1504224000	1504234799	6	41.8,33.5447222222	41.8,34.4166666667	41.0980555556,34.0727777778	41.1744444444,33.7122222222	41.5255555556,33.3941666667	41.8,33.5447222222
275	345	1504224000	1504234799	9	41.5,35.5666666667	40.8141666667,35.97	40.8472222222,35.8247222222	41.0,34.5972222222	41.0169444444,34.6122222222	41.2666666667,34.8333333333	41.3916666667,35.0	41.4666666667,35.1	41.5,35.5666666667
240	345	1504224000	1504234799	5	42.1855555556,35.0127777778	42.1233333333,35.3791666667	41.8322222222,35.1661111111	41.9741666667,34.7347222222	42.1855555556,35.0127777778
345	355	1504224000	1504234799	9	41.5,35.5666666667	40.8141666667,35.97	40.8472222222,35.8247222222	41.0,34.5972222222	41.0169444444,34.6122222222	41.2666666667,34.8333333333	41.3916666667,35.0	41.4666666667,35.1	41.5,35.5666666667
345	355	1504224000	1504234799	12	42.7322222222,36.2663888889	42.725,36.5	42.72,36.6166666667	42.7088888889,36.9147222222	42.7033333333,37.12	42.6833333333,37.6666666667	42.6822222222,37.7122222222	41.1780555556,37.6886111111	41.2555555556,37.0658333333	41.5666666667,36.9	41.7555555556,36.5658333333	42.7322222222,36.2663888889
345	355	1504224000	1504234799	15	42.7805555556,34.0877777778	42.75,35.0	42.1855555556,35.0127777778	41.9741666667,34.7347222222	41.8322222222,35.1661111111	41.5,35.5666666667	41.4666666667,35.1	41.3916666667,35.0	41.2666666667,34.8333333333	41.0169444444,34.6122222222	41.0,34.5972222222	41.0980555556,34.0727777778	41.8,34.4166666667	41.8,33.5447222222	42.7805555556,34.0877777778
345	355	1504224000	1504234799	6	41.8,33.5447222222	41.8,34.4166666667	41.0980555556,34.0727777778	41.1744444444,33.7122222222	41.5255555556,33.3941666667	41.8,33.5447222222
345	355	1504224000	1504234799	17	42.1855555556,35.0127777778	42.75,35.0	42.7322222222,36.2663888889	41.7555555556,36.5658333333	41.5666666667,36.2	41.2555555556,36.0658333333	40.9666666667,36.2	40.7555555556,36.5658333333	40.9666666667,36.9	41.2555555556,37.0658333333	41.1780555556,37.6886111111	40.4172222222,37.675	40.8141666667,35.97	41.5,35.5666666667	41.8322222222,35.1661111111	42.1233333333,35.3791666667	42.1855555556,35.0127777778
345	355	1504224000	1504234799	5	42.1855555556,35.0127777778	42.1233333333,35.3791666667	41.8322222222,35.1661111111	41.9741666667,34.7347222222	42.1855555556,35.0127777778
345	355	1504224000	1504234799	9	41.7555555556,36.5658333333	41.5666666667,36.9	41.2555555556,37.0658333333	40.9666666667,36.9	40.7555555556,36.5658333333	40.9666666667,36.2	41.2555555556,36.0658333333	41.5666666667,36.2	41.7555555556,36.5658333333
375	999	1504224000	1504234799	9	41.5,35.5666666667	40.8141666667,35.97	40.8472222222,35.8247222222	41.0,34.5972222222	41.0169444444,34.6122222222	41.2666666667,34.8333333333	41.3916666667,35.0	41.4666666667,35.1	41.5,35.5666666667
375	999	1504224000	1504234799	12	42.7322222222,36.2663888889	42.725,36.5	42.72,36.6166666667	42.7088888889,36.9147222222	42.7033333333,37.12	42.6833333333,37.6666666667	42.6822222222,37.7122222222	41.1780555556,37.6886111111	41.2555555556,37.0658333333	41.5666666667,36.9	41.7555555556,36.5658333333	42.7322222222,36.2663888889
375	999	1504224000	1504234799	15	42.7805555556,34.0877777778	42.75,35.0	42.1855555556,35.0127777778	41.9741666667,34.7347222222	41.8322222222,35.1661111111	41.5,35.5666666667	41.4666666667,35.1	41.3916666667,35.0	41.2666666667,34.8333333333	41.0169444444,34.6122222222	41.0,34.5972222222	41.0980555556,34.0727777778	41.8,34.4166666667	41.8,33.5447222222	42.7805555556,34.0877777778
375	999	1504224000	1504234799	6	41.8,33.5447222222	41.8,34.4166666667	41.0980555556,34.0727777778	41.1744444444,33.7122222222	41.5255555556,33.3941666667	41.8,33.5447222222
375	999	1504224000	1504234799	17	42.1855555556,35.0127777778	42.75,35.0	42.7322222222,36.2663888889	41.7555555556,36.5658333333	41.5666666667,36.2	41.2555555556,36.0658333333	40.9666666667,36.2	40.7555555556,36.5658333333	40.9666666667,36.9	41.2555555556,37.0658333333	41.1780555556,37.6886111111	40.4172222222,37.675	40.8141666667,35.97	41.5,35.5666666667	41.8322222222,35.1661111111	42.1233333333,35.3791666667	42.1855555556,35.0127777778
375	999	1504224000	1504234799	5	42.1855555556,35.0127777778	42.1233333333,35.3791666667	41.8322222222,35.1661111111	41.9741666667,34.7347222222	42.1855555556,35.0127777778
375	999	1504224000	1504234799	9	41.7555555556,36.5658333333	41.5666666667,36.9	41.2555555556,37.0658333333	40.9666666667,36.9	40.7555555556,36.5658333333	40.9666666667,36.2	41.2555555556,36.0658333333	41.5666666667,36.2	41.7555555556,36.5658333333
