105
240	325	1504234800	1504235999	14	36.6577777778,32.3036111111	36.5722222222,32.5955555556	36.5625,32.6011111111	36.3405555556,32.7233333333	36.1138888889,32.6247222222	36.1088888889,32.6105555556	36.0,32.3069444444	36.0308333333,32.1161111111	36.0997222222,31.8916666667	36.3175,31.8911111111	36.2488888889,32.1161111111	36.5655555556,32.1161111111	36.6255555556,32.1161111111	36.6577777778,32.3036111111
335	345	1504234800	1504235999	5	36.8977777778,30.8980555556	36.3802777778,30.8191666667	36.3902777778,30.7322222222	36.9008333333,30.8008333333	36.8977777778,30.8980555556
335	345	1504234800	1504235999	5	39.5213888889,30.3763888889	39.5469444444,30.5008333333	39.65,30.7666666667	39.3511111111,30.475	39.5213888889,30.3763888889
335	345	1504234800	1504235999	6	37.1063888889,30.9244444444	36.8977777778,30.8980555556	36.9008333333,30.8008333333	36.9044444444,30.6902777778	37.1222222222,30.7383333333	37.1063888889,30.9244444444
335	345	1504234800	1504235999	8	38.3333333333,32.25	38.3791666667,32.5236111111	38.1008333333,32.8947222222	37.6666666667,32.95	37.3333333333,32.4666666667	37.6666666667,32.0	38.0,32.0	38.3333333333,32.25
335	345	1504234800	1504235999	5	38.9072222222,29.7405555556	38.6097222222,29.8686111111	38.6136111111,29.6405555556	38.755,29.5552777778	38.9072222222,29.7405555556
335	345	1504234800	1504235999	27	38.1008333333,32.8947222222	37.9194444444,33.1358333333	37.5766666667,33.6288888889	36.8786111111,33.7191666667	36.64,34.4730555556	36.55,34.5	36.5219444444,34.5413888889	35.9191666667,34.6638888889	35.9172222222,34.1352777778	35.9166666667,34.0166666667	35.9155555556,33.5494444444	35.9233333333,33.4416666667	35.93,33.3166666667	35.9333333333,33.2833333333	35.9488888889,33.0	35.9705555556,32.6133333333	36.1088888889,32.6105555556	36.1138888889,32.6247222222	36.3405555556,32.7233333333	36.5625,32.6011111111	36.8816666667,32.5944444444	36.8894444444,32.1075	37.5727777778,32.0711111111	37.6666666667,32.0	37.3333333333,32.4666666667	37.6666666667,32.95	38.1008333333,32.8947222222
335	345	1504234800	1504235999	14	36.6577777778,32.3036111111	36.5722222222,32.5955555556	36.5625,32.6011111111	36.3405555556,32.7233333333	36.1138888889,32.6247222222	36.1088888889,32.6105555556	36.0,32.3069444444	36.0308333333,32.1161111111	36.0997222222,31.8916666667	36.3175,31.8911111111	36.2488888889,32.1161111111	36.5655555556,32.1161111111	36.6255555556,32.1161111111	36.6577777778,32.3036111111
335	345	1504234800	1504235999	4	38.9072222222,29.7405555556	38.7847222222,29.9255555556	38.6097222222,29.8686111111	38.9072222222,29.7405555556
335	345	1504234800	1504235999	5	36.6255555556,34.5205555556	36.5219444444,34.5413888889	36.55,34.5	36.64,34.4730555556	36.6255555556,34.5205555556
335	345	1504234800	1504235999	9	39.3511111111,30.475	39.25,30.5333333333	39.1666666667,30.5666666667	39.0413888889,30.6486111111	38.655,30.905	38.2702777778,30.0033333333	38.6097222222,29.8686111111	38.7847222222,29.9255555556	39.3511111111,30.475
335	345	1504234800	1504235999	12	38.1338888889,30.1897222222	38.0972222222,30.5333333333	36.9580555556,29.965	37.1108333333,29.9227777778	37.23,29.9994444444	37.4322222222,29.9994444444	37.5786111111,29.9941666667	37.5488888889,30.1661111111	37.6655555556,30.2327777778	38.0155555556,30.2327777778	38.0633333333,30.1313888889	38.1338888889,30.1897222222
335	345	1504234800	1504235999	4	38.1236111111,30.0019444444	38.0633333333,30.1313888889	37.9036111111,30.0	38.1236111111,30.0019444444
335	345	1504234800	1504235999	29	38.0972222222,30.5333333333	38.0088888889,31.3566666667	37.8975,31.5402777778	37.5727777778,32.0711111111	36.8894444444,32.1075	36.8816666667,32.5944444444	36.5625,32.6011111111	36.5722222222,32.5955555556	36.6577777778,32.3036111111	36.6255555556,32.1161111111	36.5655555556,32.1161111111	36.2488888889,32.1161111111	36.3175,31.8911111111	36.0997222222,31.8916666667	36.0308333333,32.1161111111	36.0,32.3069444444	36.1088888889,32.6105555556	35.9705555556,32.6133333333	36.0027777778,31.9275	36.025,31.55	36.0416666667,30.825	36.0466666667,30.7038888889	36.3936111111,30.6908333333	36.3902777778,30.7322222222	36.3802777778,30.8191666667	36.8977777778,30.8980555556	37.1063888889,30.9244444444	37.1222222222,30.7383333333	38.0972222222,30.5333333333
335	345	1504234800	1504235999	9	39.4616666667,29.6219444444	39.4291666667,30.0544444444	39.46,30.1244444444	39.4988888889,30.2661111111	39.5213888889,30.3763888889	39.3511111111,30.475	38.7847222222,29.9255555556	38.9072222222,29.7405555556	39.4616666667,29.6219444444
335	345	1504234800	1504235999	5	39.3541666667,29.35	39.4616666667,29.6219444444	38.9072222222,29.7405555556	39.2594444444,29.3666666667	39.3541666667,29.35
335	345	1504234800	1504235999	6	36.9044444444,30.6902777778	36.9008333333,30.8008333333	36.3902777778,30.7322222222	36.3936111111,30.6908333333	36.6936111111,30.6775	36.9044444444,30.6902777778
335	345	1504234800	1504235999	23	39.265,31.3	38.3791666667,32.5236111111	38.3333333333,32.25	38.0,32.0	37.6666666667,32.0	37.5727777778,32.0711111111	37.8975,31.5402777778	38.0088888889,31.3566666667	38.0972222222,30.5333333333	38.1338888889,30.1897222222	38.0633333333,30.1313888889	38.1236111111,30.0019444444	38.1522222222,30.0019444444	38.6655555556,29.4702777778	38.755,29.5552777778	38.6136111111,29.6405555556	38.6097222222,29.8686111111	38.2702777778,30.0033333333	38.655,30.905	39.0413888889,30.6486111111	39.05,30.6666666667	39.15,30.8805555556	39.265,31.3
335	345	1504234800	1504235999	9	39.65,30.7666666667	39.265,31.3	39.15,30.8805555556	39.05,30.6666666667	39.0413888889,30.6486111111	39.1666666667,30.5666666667	39.25,30.5333333333	39.3511111111,30.475	39.65,30.7666666667
335	345	1504234800	1504235999	7	38.0633333333,30.1313888889	38.0155555556,30.2327777778	37.6655555556,30.2327777778	37.5488888889,30.1661111111	37.5786111111,29.9941666667	37.9036111111,30.0	38.0633333333,30.1313888889
335	345	1504234800	1504235999	13	38.0972222222,30.5333333333	37.1222222222,30.7383333333	36.9044444444,30.6902777778	36.6936111111,30.6775	36.3936111111,30.6908333333	36.0466666667,30.7038888889	36.0822222222,29.9994444444	36.0752777778,29.8091666667	36.7108333333,29.7613888889	36.8,29.7544444444	36.9583333333,29.7430555556	36.9580555556,29.965	38.0972222222,30.5333333333
335	345	1504234800	1504235999	6	38.6655555556,29.4702777778	39.1394444444,29.3875	39.2594444444,29.3666666667	38.9072222222,29.7405555556	38.755,29.5552777778	38.6655555556,29.4702777778
210	325	1504234800	1504235999	4	38.1236111111,30.0019444444	38.0633333333,30.1313888889	37.9036111111,30.0	38.1236111111,30.0019444444
95	325	1504234800	1504235999	5	38.9072222222,29.7405555556	38.6097222222,29.8686111111	38.6136111111,29.6405555556	38.755,29.5552777778	38.9072222222,29.7405555556
275	325	1504234800	1504235999	5	36.6255555556,34.5205555556	36.5219444444,34.5413888889	36.55,34.5	36.64,34.4730555556	36.6255555556,34.5205555556
275	325	1504234800	1504235999	5	39.5213888889,30.3763888889	39.5469444444,30.5008333333	39.65,30.7666666667	39.3511111111,30.475	39.5213888889,30.3763888889
275	325	1504234800	1504235999	8	38.3333333333,32.25	38.3791666667,32.5236111111	38.1008333333,32.8947222222	37.6666666667,32.95	37.3333333333,32.4666666667	37.6666666667,32.0	38.0,32.0	38.3333333333,32.25
275	325	1504234800	1504235999	9	39.65,30.7666666667	39.265,31.3	39.15,30.8805555556	39.05,30.6666666667	39.0413888889,30.6486111111	39.1666666667,30.5666666667	39.25,30.5333333333	39.3511111111,30.475	39.65,30.7666666667
325	335	1504234800	1504235999	5	36.8977777778,30.8980555556	36.3802777778,30.8191666667	36.3902777778,30.7322222222	36.9008333333,30.8008333333	36.8977777778,30.8980555556
325	335	1504234800	1504235999	5	36.6255555556,34.5205555556	36.5219444444,34.5413888889	36.55,34.5	36.64,34.4730555556	36.6255555556,34.5205555556
325	335	1504234800	1504235999	6	37.1063888889,30.9244444444	36.8977777778,30.8980555556	36.9008333333,30.8008333333	36.9044444444,30.6902777778	37.1222222222,30.7383333333	37.1063888889,30.9244444444
325	335	1504234800	1504235999	8	38.3333333333,32.25	38.3791666667,32.5236111111	38.1008333333,32.8947222222	37.6666666667,32.95	37.3333333333,32.4666666667	37.6666666667,32.0	38.0,32.0	38.3333333333,32.25
325	335	1504234800	1504235999	5	39.3541666667,29.35	39.4616666667,29.6219444444	38.9072222222,29.7405555556	39.2594444444,29.3666666667	39.3541666667,29.35
325	335	1504234800	1504235999	27	38.1008333333,32.8947222222	37.9194444444,33.1358333333	37.5766666667,33.6288888889	36.8786111111,33.7191666667	36.64,34.4730555556	36.55,34.5	36.5219444444,34.5413888889	35.9191666667,34.6638888889	35.9172222222,34.1352777778	35.9166666667,34.0166666667	35.9155555556,33.5494444444	35.9233333333,33.4416666667	35.93,33.3166666667	35.9333333333,33.2833333333	35.9488888889,33.0	35.9705555556,32.6133333333	36.1088888889,32.6105555556	36.1138888889,32.6247222222	36.3405555556,32.7233333333	36.5625,32.6011111111	36.8816666667,32.5944444444	36.8894444444,32.1075	37.5727777778,32.0711111111	37.6666666667,32.0	37.3333333333,32.4666666667	37.6666666667,32.95	38.1008333333,32.8947222222
325	335	1504234800	1504235999	5	38.9072222222,29.7405555556	38.6097222222,29.8686111111	38.6136111111,29.6405555556	38.755,29.5552777778	38.9072222222,29.7405555556
325	335	1504234800	1504235999	9	39.3511111111,30.475	39.25,30.5333333333	39.1666666667,30.5666666667	39.0413888889,30.6486111111	38.655,30.905	38.2702777778,30.0033333333	38.6097222222,29.8686111111	38.7847222222,29.9255555556	39.3511111111,30.475
325	335	1504234800	1504235999	14	36.6577777778,32.3036111111	36.5722222222,32.5955555556	36.5625,32.6011111111	36.3405555556,32.7233333333	36.1138888889,32.6247222222	36.1088888889,32.6105555556	36.0,32.3069444444	36.0308333333,32.1161111111	36.0997222222,31.8916666667	36.3175,31.8911111111	36.2488888889,32.1161111111	36.5655555556,32.1161111111	36.6255555556,32.1161111111	36.6577777778,32.3036111111
325	335	1504234800	1504235999	9	39.65,30.7666666667	39.265,31.3	39.15,30.8805555556	39.05,30.6666666667	39.0413888889,30.6486111111	39.1666666667,30.5666666667	39.25,30.5333333333	39.3511111111,30.475	39.65,30.7666666667
325	335	1504234800	1504235999	5	39.5213888889,30.3763888889	39.5469444444,30.5008333333	39.65,30.7666666667	39.3511111111,30.475	39.5213888889,30.3763888889
325	335	1504234800	1504235999	12	38.1338888889,30.1897222222	38.0972222222,30.5333333333	36.9580555556,29.965	37.1108333333,29.9227777778	37.23,29.9994444444	37.4322222222,29.9994444444	37.5786111111,29.9941666667	37.5488888889,30.1661111111	37.6655555556,30.2327777778	38.0155555556,30.2327777778	38.0633333333,30.1313888889	38.1338888889,30.1897222222
325	335	1504234800	1504235999	4	38.1236111111,30.0019444444	38.0633333333,30.1313888889	37.9036111111,30.0	38.1236111111,30.0019444444
325	335	1504234800	1504235999	29	38.0972222222,30.5333333333	38.0088888889,31.3566666667	37.8975,31.5402777778	37.5727777778,32.0711111111	36.8894444444,32.1075	36.8816666667,32.5944444444	36.5625,32.6011111111	36.5722222222,32.5955555556	36.6577777778,32.3036111111	36.6255555556,32.1161111111	36.5655555556,32.1161111111	36.2488888889,32.1161111111	36.3175,31.8911111111	36.0997222222,31.8916666667	36.0308333333,32.1161111111	36.0,32.3069444444	36.1088888889,32.6105555556	35.9705555556,32.6133333333	36.0027777778,31.9275	36.025,31.55	36.0416666667,30.825	36.0466666667,30.7038888889	36.3936111111,30.6908333333	36.3902777778,30.7322222222	36.3802777778,30.8191666667	36.8977777778,30.8980555556	37.1063888889,30.9244444444	37.1222222222,30.7383333333	38.0972222222,30.5333333333
325	335	1504234800	1504235999	9	39.4616666667,29.6219444444	39.4291666667,30.0544444444	39.46,30.1244444444	39.4988888889,30.2661111111	39.5213888889,30.3763888889	39.3511111111,30.475	38.7847222222,29.9255555556	38.9072222222,29.7405555556	39.4616666667,29.6219444444
325	335	1504234800	1504235999	6	36.9044444444,30.6902777778	36.9008333333,30.8008333333	36.3902777778,30.7322222222	36.3936111111,30.6908333333	36.6936111111,30.6775	36.9044444444,30.6902777778
325	335	1504234800	1504235999	23	39.265,31.3	38.3791666667,32.5236111111	38.3333333333,32.25	38.0,32.0	37.6666666667,32.0	37.5727777778,32.0711111111	37.8975,31.5402777778	38.0088888889,31.3566666667	38.0972222222,30.5333333333	38.1338888889,30.1897222222	38.0633333333,30.1313888889	38.1236111111,30.0019444444	38.1522222222,30.0019444444	38.6655555556,29.4702777778	38.755,29.5552777778	38.6136111111,29.6405555556	38.6097222222,29.8686111111	38.2702777778,30.0033333333	38.655,30.905	39.0413888889,30.6486111111	39.05,30.6666666667	39.15,30.8805555556	39.265,31.3
325	335	1504234800	1504235999	4	38.9072222222,29.7405555556	38.7847222222,29.9255555556	38.6097222222,29.8686111111	38.9072222222,29.7405555556
325	335	1504234800	1504235999	7	38.0633333333,30.1313888889	38.0155555556,30.2327777778	37.6655555556,30.2327777778	37.5488888889,30.1661111111	37.5786111111,29.9941666667	37.9036111111,30.0	38.0633333333,30.1313888889
325	335	1504234800	1504235999	13	38.0972222222,30.5333333333	37.1222222222,30.7383333333	36.9044444444,30.6902777778	36.6936111111,30.6775	36.3936111111,30.6908333333	36.0466666667,30.7038888889	36.0822222222,29.9994444444	36.0752777778,29.8091666667	36.7108333333,29.7613888889	36.8,29.7544444444	36.9583333333,29.7430555556	36.9580555556,29.965	38.0972222222,30.5333333333
325	335	1504234800	1504235999	6	38.6655555556,29.4702777778	39.1394444444,29.3875	39.2594444444,29.3666666667	38.9072222222,29.7405555556	38.755,29.5552777778	38.6655555556,29.4702777778
0	325	1504234800	1504235999	23	39.265,31.3	38.3791666667,32.5236111111	38.3333333333,32.25	38.0,32.0	37.6666666667,32.0	37.5727777778,32.0711111111	37.8975,31.5402777778	38.0088888889,31.3566666667	38.0972222222,30.5333333333	38.1338888889,30.1897222222	38.0633333333,30.1313888889	38.1236111111,30.0019444444	38.1522222222,30.0019444444	38.6655555556,29.4702777778	38.755,29.5552777778	38.6136111111,29.6405555556	38.6097222222,29.8686111111	38.2702777778,30.0033333333	38.655,30.905	39.0413888889,30.6486111111	39.05,30.6666666667	39.15,30.8805555556	39.265,31.3
0	325	1504234800	1504235999	27	38.1008333333,32.8947222222	37.9194444444,33.1358333333	37.5766666667,33.6288888889	36.8786111111,33.7191666667	36.64,34.4730555556	36.55,34.5	36.5219444444,34.5413888889	35.9191666667,34.6638888889	35.9172222222,34.1352777778	35.9166666667,34.0166666667	35.9155555556,33.5494444444	35.9233333333,33.4416666667	35.93,33.3166666667	35.9333333333,33.2833333333	35.9488888889,33.0	35.9705555556,32.6133333333	36.1088888889,32.6105555556	36.1138888889,32.6247222222	36.3405555556,32.7233333333	36.5625,32.6011111111	36.8816666667,32.5944444444	36.8894444444,32.1075	37.5727777778,32.0711111111	37.6666666667,32.0	37.3333333333,32.4666666667	37.6666666667,32.95	38.1008333333,32.8947222222
0	325	1504234800	1504235999	6	38.6655555556,29.4702777778	39.1394444444,29.3875	39.2594444444,29.3666666667	38.9072222222,29.7405555556	38.755,29.5552777778	38.6655555556,29.4702777778
245	325	1504234800	1504235999	5	36.8977777778,30.8980555556	36.3802777778,30.8191666667	36.3902777778,30.7322222222	36.9008333333,30.8008333333	36.8977777778,30.8980555556
245	325	1504234800	1504235999	6	37.1063888889,30.9244444444	36.8977777778,30.8980555556	36.9008333333,30.8008333333	36.9044444444,30.6902777778	37.1222222222,30.7383333333	37.1063888889,30.9244444444
245	325	1504234800	1504235999	5	39.3541666667,29.35	39.4616666667,29.6219444444	38.9072222222,29.7405555556	39.2594444444,29.3666666667	39.3541666667,29.35
245	325	1504234800	1504235999	9	39.3511111111,30.475	39.25,30.5333333333	39.1666666667,30.5666666667	39.0413888889,30.6486111111	38.655,30.905	38.2702777778,30.0033333333	38.6097222222,29.8686111111	38.7847222222,29.9255555556	39.3511111111,30.475
245	325	1504234800	1504235999	4	38.9072222222,29.7405555556	38.7847222222,29.9255555556	38.6097222222,29.8686111111	38.9072222222,29.7405555556
245	325	1504234800	1504235999	12	38.1338888889,30.1897222222	38.0972222222,30.5333333333	36.9580555556,29.965	37.1108333333,29.9227777778	37.23,29.9994444444	37.4322222222,29.9994444444	37.5786111111,29.9941666667	37.5488888889,30.1661111111	37.6655555556,30.2327777778	38.0155555556,30.2327777778	38.0633333333,30.1313888889	38.1338888889,30.1897222222
245	325	1504234800	1504235999	29	38.0972222222,30.5333333333	38.0088888889,31.3566666667	37.8975,31.5402777778	37.5727777778,32.0711111111	36.8894444444,32.1075	36.8816666667,32.5944444444	36.5625,32.6011111111	36.5722222222,32.5955555556	36.6577777778,32.3036111111	36.6255555556,32.1161111111	36.5655555556,32.1161111111	36.2488888889,32.1161111111	36.3175,31.8911111111	36.0997222222,31.8916666667	36.0308333333,32.1161111111	36.0,32.3069444444	36.1088888889,32.6105555556	35.9705555556,32.6133333333	36.0027777778,31.9275	36.025,31.55	36.0416666667,30.825	36.0466666667,30.7038888889	36.3936111111,30.6908333333	36.3902777778,30.7322222222	36.3802777778,30.8191666667	36.8977777778,30.8980555556	37.1063888889,30.9244444444	37.1222222222,30.7383333333	38.0972222222,30.5333333333
245	325	1504234800	1504235999	9	39.4616666667,29.6219444444	39.4291666667,30.0544444444	39.46,30.1244444444	39.4988888889,30.2661111111	39.5213888889,30.3763888889	39.3511111111,30.475	38.7847222222,29.9255555556	38.9072222222,29.7405555556	39.4616666667,29.6219444444
245	325	1504234800	1504235999	6	36.9044444444,30.6902777778	36.9008333333,30.8008333333	36.3902777778,30.7322222222	36.3936111111,30.6908333333	36.6936111111,30.6775	36.9044444444,30.6902777778
245	325	1504234800	1504235999	7	38.0633333333,30.1313888889	38.0155555556,30.2327777778	37.6655555556,30.2327777778	37.5488888889,30.1661111111	37.5786111111,29.9941666667	37.9036111111,30.0	38.0633333333,30.1313888889
245	325	1504234800	1504235999	13	38.0972222222,30.5333333333	37.1222222222,30.7383333333	36.9044444444,30.6902777778	36.6936111111,30.6775	36.3936111111,30.6908333333	36.0466666667,30.7038888889	36.0822222222,29.9994444444	36.0752777778,29.8091666667	36.7108333333,29.7613888889	36.8,29.7544444444	36.9583333333,29.7430555556	36.9580555556,29.965	38.0972222222,30.5333333333
355	999	1504234800	1504235999	5	36.8977777778,30.8980555556	36.3802777778,30.8191666667	36.3902777778,30.7322222222	36.9008333333,30.8008333333	36.8977777778,30.8980555556
355	999	1504234800	1504235999	5	36.6255555556,34.5205555556	36.5219444444,34.5413888889	36.55,34.5	36.64,34.4730555556	36.6255555556,34.5205555556
355	999	1504234800	1504235999	6	37.1063888889,30.9244444444	36.8977777778,30.8980555556	36.9008333333,30.8008333333	36.9044444444,30.6902777778	37.1222222222,30.7383333333	37.1063888889,30.9244444444
355	999	1504234800	1504235999	9	39.4616666667,29.6219444444	39.4291666667,30.0544444444	39.46,30.1244444444	39.4988888889,30.2661111111	39.5213888889,30.3763888889	39.3511111111,30.475	38.7847222222,29.9255555556	38.9072222222,29.7405555556	39.4616666667,29.6219444444
355	999	1504234800	1504235999	8	38.3333333333,32.25	38.3791666667,32.5236111111	38.1008333333,32.8947222222	37.6666666667,32.95	37.3333333333,32.4666666667	37.6666666667,32.0	38.0,32.0	38.3333333333,32.25
355	999	1504234800	1504235999	5	38.9072222222,29.7405555556	38.6097222222,29.8686111111	38.6136111111,29.6405555556	38.755,29.5552777778	38.9072222222,29.7405555556
355	999	1504234800	1504235999	27	38.1008333333,32.8947222222	37.9194444444,33.1358333333	37.5766666667,33.6288888889	36.8786111111,33.7191666667	36.64,34.4730555556	36.55,34.5	36.5219444444,34.5413888889	35.9191666667,34.6638888889	35.9172222222,34.1352777778	35.9166666667,34.0166666667	35.9155555556,33.5494444444	35.9233333333,33.4416666667	35.93,33.3166666667	35.9333333333,33.2833333333	35.9488888889,33.0	35.9705555556,32.6133333333	36.1088888889,32.6105555556	36.1138888889,32.6247222222	36.3405555556,32.7233333333	36.5625,32.6011111111	36.8816666667,32.5944444444	36.8894444444,32.1075	37.5727777778,32.0711111111	37.6666666667,32.0	37.3333333333,32.4666666667	37.6666666667,32.95	38.1008333333,32.8947222222
355	999	1504234800	1504235999	9	39.3511111111,30.475	39.25,30.5333333333	39.1666666667,30.5666666667	39.0413888889,30.6486111111	38.655,30.905	38.2702777778,30.0033333333	38.6097222222,29.8686111111	38.7847222222,29.9255555556	39.3511111111,30.475
355	999	1504234800	1504235999	14	36.6577777778,32.3036111111	36.5722222222,32.5955555556	36.5625,32.6011111111	36.3405555556,32.7233333333	36.1138888889,32.6247222222	36.1088888889,32.6105555556	36.0,32.3069444444	36.0308333333,32.1161111111	36.0997222222,31.8916666667	36.3175,31.8911111111	36.2488888889,32.1161111111	36.5655555556,32.1161111111	36.6255555556,32.1161111111	36.6577777778,32.3036111111
355	999	1504234800	1504235999	9	39.65,30.7666666667	39.265,31.3	39.15,30.8805555556	39.05,30.6666666667	39.0413888889,30.6486111111	39.1666666667,30.5666666667	39.25,30.5333333333	39.3511111111,30.475	39.65,30.7666666667
355	999	1504234800	1504235999	5	39.5213888889,30.3763888889	39.5469444444,30.5008333333	39.65,30.7666666667	39.3511111111,30.475	39.5213888889,30.3763888889
355	999	1504234800	1504235999	12	38.1338888889,30.1897222222	38.0972222222,30.5333333333	36.9580555556,29.965	37.1108333333,29.9227777778	37.23,29.9994444444	37.4322222222,29.9994444444	37.5786111111,29.9941666667	37.5488888889,30.1661111111	37.6655555556,30.2327777778	38.0155555556,30.2327777778	38.0633333333,30.1313888889	38.1338888889,30.1897222222
355	999	1504234800	1504235999	4	38.1236111111,30.0019444444	38.0633333333,30.1313888889	37.9036111111,30.0	38.1236111111,30.0019444444
355	999	1504234800	1504235999	29	38.0972222222,30.5333333333	38.0088888889,31.3566666667	37.8975,31.5402777778	37.5727777778,32.0711111111	36.8894444444,32.1075	36.8816666667,32.5944444444	36.5625,32.6011111111	36.5722222222,32.5955555556	36.6577777778,32.3036111111	36.6255555556,32.1161111111	36.5655555556,32.1161111111	36.2488888889,32.1161111111	36.3175,31.8911111111	36.0997222222,31.8916666667	36.0308333333,32.1161111111	36.0,32.3069444444	36.1088888889,32.6105555556	35.9705555556,32.6133333333	36.0027777778,31.9275	36.025,31.55	36.0416666667,30.825	36.0466666667,30.7038888889	36.3936111111,30.6908333333	36.3902777778,30.7322222222	36.3802777778,30.8191666667	36.8977777778,30.8980555556	37.1063888889,30.9244444444	37.1222222222,30.7383333333	38.0972222222,30.5333333333
355	999	1504234800	1504235999	5	39.3541666667,29.35	39.4616666667,29.6219444444	38.9072222222,29.7405555556	39.2594444444,29.3666666667	39.3541666667,29.35
355	999	1504234800	1504235999	6	36.9044444444,30.6902777778	36.9008333333,30.8008333333	36.3902777778,30.7322222222	36.3936111111,30.6908333333	36.6936111111,30.6775	36.9044444444,30.6902777778
355	999	1504234800	1504235999	23	39.265,31.3	38.3791666667,32.5236111111	38.3333333333,32.25	38.0,32.0	37.6666666667,32.0	37.5727777778,32.0711111111	37.8975,31.5402777778	38.0088888889,31.3566666667	38.0972222222,30.5333333333	38.1338888889,30.1897222222	38.0633333333,30.1313888889	38.1236111111,30.0019444444	38.1522222222,30.0019444444	38.6655555556,29.4702777778	38.755,29.5552777778	38.6136111111,29.6405555556	38.6097222222,29.8686111111	38.2702777778,30.0033333333	38.655,30.905	39.0413888889,30.6486111111	39.05,30.6666666667	39.15,30.8805555556	39.265,31.3
355	999	1504234800	1504235999	4	38.9072222222,29.7405555556	38.7847222222,29.9255555556	38.6097222222,29.8686111111	38.9072222222,29.7405555556
355	999	1504234800	1504235999	7	38.0633333333,30.1313888889	38.0155555556,30.2327777778	37.6655555556,30.2327777778	37.5488888889,30.1661111111	37.5786111111,29.9941666667	37.9036111111,30.0	38.0633333333,30.1313888889
355	999	1504234800	1504235999	13	38.0972222222,30.5333333333	37.1222222222,30.7383333333	36.9044444444,30.6902777778	36.6936111111,30.6775	36.3936111111,30.6908333333	36.0466666667,30.7038888889	36.0822222222,29.9994444444	36.0752777778,29.8091666667	36.7108333333,29.7613888889	36.8,29.7544444444	36.9583333333,29.7430555556	36.9580555556,29.965	38.0972222222,30.5333333333
355	999	1504234800	1504235999	6	38.6655555556,29.4702777778	39.1394444444,29.3875	39.2594444444,29.3666666667	38.9072222222,29.7405555556	38.755,29.5552777778	38.6655555556,29.4702777778
345	355	1504234800	1504235999	5	36.8977777778,30.8980555556	36.3802777778,30.8191666667	36.3902777778,30.7322222222	36.9008333333,30.8008333333	36.8977777778,30.8980555556
345	355	1504234800	1504235999	5	36.6255555556,34.5205555556	36.5219444444,34.5413888889	36.55,34.5	36.64,34.4730555556	36.6255555556,34.5205555556
345	355	1504234800	1504235999	6	37.1063888889,30.9244444444	36.8977777778,30.8980555556	36.9008333333,30.8008333333	36.9044444444,30.6902777778	37.1222222222,30.7383333333	37.1063888889,30.9244444444
345	355	1504234800	1504235999	8	38.3333333333,32.25	38.3791666667,32.5236111111	38.1008333333,32.8947222222	37.6666666667,32.95	37.3333333333,32.4666666667	37.6666666667,32.0	38.0,32.0	38.3333333333,32.25
345	355	1504234800	1504235999	9	39.4616666667,29.6219444444	39.4291666667,30.0544444444	39.46,30.1244444444	39.4988888889,30.2661111111	39.5213888889,30.3763888889	39.3511111111,30.475	38.7847222222,29.9255555556	38.9072222222,29.7405555556	39.4616666667,29.6219444444
345	355	1504234800	1504235999	27	38.1008333333,32.8947222222	37.9194444444,33.1358333333	37.5766666667,33.6288888889	36.8786111111,33.7191666667	36.64,34.4730555556	36.55,34.5	36.5219444444,34.5413888889	35.9191666667,34.6638888889	35.9172222222,34.1352777778	35.9166666667,34.0166666667	35.9155555556,33.5494444444	35.9233333333,33.4416666667	35.93,33.3166666667	35.9333333333,33.2833333333	35.9488888889,33.0	35.9705555556,32.6133333333	36.1088888889,32.6105555556	36.1138888889,32.6247222222	36.3405555556,32.7233333333	36.5625,32.6011111111	36.8816666667,32.5944444444	36.8894444444,32.1075	37.5727777778,32.0711111111	37.6666666667,32.0	37.3333333333,32.4666666667	37.6666666667,32.95	38.1008333333,32.8947222222
345	355	1504234800	1504235999	14	36.6577777778,32.3036111111	36.5722222222,32.5955555556	36.5625,32.6011111111	36.3405555556,32.7233333333	36.1138888889,32.6247222222	36.1088888889,32.6105555556	36.0,32.3069444444	36.0308333333,32.1161111111	36.0997222222,31.8916666667	36.3175,31.8911111111	36.2488888889,32.1161111111	36.5655555556,32.1161111111	36.6255555556,32.1161111111	36.6577777778,32.3036111111
345	355	1504234800	1504235999	4	38.9072222222,29.7405555556	38.7847222222,29.9255555556	38.6097222222,29.8686111111	38.9072222222,29.7405555556
345	355	1504234800	1504235999	5	39.5213888889,30.3763888889	39.5469444444,30.5008333333	39.65,30.7666666667	39.3511111111,30.475	39.5213888889,30.3763888889
345	355	1504234800	1504235999	9	39.3511111111,30.475	39.25,30.5333333333	39.1666666667,30.5666666667	39.0413888889,30.6486111111	38.655,30.905	38.2702777778,30.0033333333	38.6097222222,29.8686111111	38.7847222222,29.9255555556	39.3511111111,30.475
345	355	1504234800	1504235999	12	38.1338888889,30.1897222222	38.0972222222,30.5333333333	36.9580555556,29.965	37.1108333333,29.9227777778	37.23,29.9994444444	37.4322222222,29.9994444444	37.5786111111,29.9941666667	37.5488888889,30.1661111111	37.6655555556,30.2327777778	38.0155555556,30.2327777778	38.0633333333,30.1313888889	38.1338888889,30.1897222222
345	355	1504234800	1504235999	4	38.1236111111,30.0019444444	38.0633333333,30.1313888889	37.9036111111,30.0	38.1236111111,30.0019444444
345	355	1504234800	1504235999	29	38.0972222222,30.5333333333	38.0088888889,31.3566666667	37.8975,31.5402777778	37.5727777778,32.0711111111	36.8894444444,32.1075	36.8816666667,32.5944444444	36.5625,32.6011111111	36.5722222222,32.5955555556	36.6577777778,32.3036111111	36.6255555556,32.1161111111	36.5655555556,32.1161111111	36.2488888889,32.1161111111	36.3175,31.8911111111	36.0997222222,31.8916666667	36.0308333333,32.1161111111	36.0,32.3069444444	36.1088888889,32.6105555556	35.9705555556,32.6133333333	36.0027777778,31.9275	36.025,31.55	36.0416666667,30.825	36.0466666667,30.7038888889	36.3936111111,30.6908333333	36.3902777778,30.7322222222	36.3802777778,30.8191666667	36.8977777778,30.8980555556	37.1063888889,30.9244444444	37.1222222222,30.7383333333	38.0972222222,30.5333333333
345	355	1504234800	1504235999	5	39.3541666667,29.35	39.4616666667,29.6219444444	38.9072222222,29.7405555556	39.2594444444,29.3666666667	39.3541666667,29.35
345	355	1504234800	1504235999	7	38.0633333333,30.1313888889	38.0155555556,30.2327777778	37.6655555556,30.2327777778	37.5488888889,30.1661111111	37.5786111111,29.9941666667	37.9036111111,30.0	38.0633333333,30.1313888889
345	355	1504234800	1504235999	6	36.9044444444,30.6902777778	36.9008333333,30.8008333333	36.3902777778,30.7322222222	36.3936111111,30.6908333333	36.6936111111,30.6775	36.9044444444,30.6902777778
345	355	1504234800	1504235999	23	39.265,31.3	38.3791666667,32.5236111111	38.3333333333,32.25	38.0,32.0	37.6666666667,32.0	37.5727777778,32.0711111111	37.8975,31.5402777778	38.0088888889,31.3566666667	38.0972222222,30.5333333333	38.1338888889,30.1897222222	38.0633333333,30.1313888889	38.1236111111,30.0019444444	38.1522222222,30.0019444444	38.6655555556,29.4702777778	38.755,29.5552777778	38.6136111111,29.6405555556	38.6097222222,29.8686111111	38.2702777778,30.0033333333	38.655,30.905	39.0413888889,30.6486111111	39.05,30.6666666667	39.15,30.8805555556	39.265,31.3
345	355	1504234800	1504235999	9	39.65,30.7666666667	39.265,31.3	39.15,30.8805555556	39.05,30.6666666667	39.0413888889,30.6486111111	39.1666666667,30.5666666667	39.25,30.5333333333	39.3511111111,30.475	39.65,30.7666666667
345	355	1504234800	1504235999	5	38.9072222222,29.7405555556	38.6097222222,29.8686111111	38.6136111111,29.6405555556	38.755,29.5552777778	38.9072222222,29.7405555556
345	355	1504234800	1504235999	13	38.0972222222,30.5333333333	37.1222222222,30.7383333333	36.9044444444,30.6902777778	36.6936111111,30.6775	36.3936111111,30.6908333333	36.0466666667,30.7038888889	36.0822222222,29.9994444444	36.0752777778,29.8091666667	36.7108333333,29.7613888889	36.8,29.7544444444	36.9583333333,29.7430555556	36.9580555556,29.965	38.0972222222,30.5333333333
345	355	1504234800	1504235999	6	38.6655555556,29.4702777778	39.1394444444,29.3875	39.2594444444,29.3666666667	38.9072222222,29.7405555556	38.755,29.5552777778	38.6655555556,29.4702777778
