52
335	345	1504238400	1504245599	5	39.05,34.2333333333	39.0138888889,34.3325	38.5,34.3333333333	38.9166666667,33.95	39.05,34.2333333333
335	345	1504238400	1504245599	10	40.075,30.7705555556	40.0736111111,30.7775	40.0333333333,31.0	39.9666666667,31.5833333333	39.7186111111,31.6566666667	39.4,31.75	39.2733333333,31.3280555556	39.265,31.3	39.65,30.7666666667	40.075,30.7705555556
335	345	1504238400	1504245599	23	39.7186111111,31.6566666667	39.75,32.0666666667	39.4363888889,32.5094444444	39.3711111111,32.9216666667	39.4377777778,33.3244444444	39.5788888889,33.5852777778	39.3166666667,34.3333333333	39.0138888889,34.3325	39.05,34.2333333333	38.9166666667,33.95	38.5,34.3333333333	37.5766666667,33.6288888889	37.9194444444,33.1358333333	38.1008333333,32.8947222222	38.1888888889,32.8833333333	38.3166666667,32.8666666667	38.4,32.65	38.3916666667,32.5972222222	38.3791666667,32.5236111111	39.265,31.3	39.2733333333,31.3280555556	39.4,31.75	39.7186111111,31.6566666667
335	345	1504238400	1504245599	5	38.1888888889,32.8833333333	38.1008333333,32.8947222222	38.3791666667,32.5236111111	38.3916666667,32.5972222222	38.1888888889,32.8833333333
335	345	1504238400	1504245599	17	40.7666666667,32.8333333333	40.7405555556,33.1244444444	40.7333333333,33.1833333333	40.6083333333,33.5	40.4438888889,33.7036111111	40.3,33.8416666667	40.1683333333,33.8327777778	39.8333333333,33.75	39.5788888889,33.5852777778	39.4377777778,33.3244444444	39.3711111111,32.9216666667	39.4363888889,32.5094444444	39.75,32.0666666667	40.1591666667,32.0333333333	40.4183333333,32.1494444444	40.75,32.4666666667	40.7666666667,32.8333333333
335	345	1504238400	1504245599	8	40.8472222222,35.8247222222	40.1666666667,35.6544444444	40.1666666667,35.5505555556	40.1666666667,35.3	40.3333333333,34.8333333333	40.6,34.6	41.0,34.5972222222	40.8472222222,35.8247222222
335	345	1504238400	1504245599	7	41.1891666667,33.4336111111	41.1744444444,33.7122222222	41.0980555556,34.0727777778	41.0166666667,34.0333333333	41.0166666667,33.0833333333	41.1672222222,33.1536111111	41.1891666667,33.4336111111
335	345	1504238400	1504245599	5	38.5,34.7166666667	37.5766666667,33.6288888889	38.5,34.3333333333	38.5,34.4780555556	38.5,34.7166666667
335	345	1504238400	1504245599	6	39.0138888889,34.3325	38.9388888889,34.5430555556	38.7666666667,34.7561111111	38.5,34.4780555556	38.5,34.3333333333	39.0138888889,34.3325
335	345	1504238400	1504245599	6	39.1311111111,35.0233333333	39.0411111111,35.3786111111	38.5,34.7166666667	38.5,34.4780555556	38.7666666667,34.7561111111	39.1311111111,35.0233333333
335	345	1504238400	1504245599	5	38.4,32.65	38.3166666667,32.8666666667	38.1888888889,32.8833333333	38.3916666667,32.5972222222	38.4,32.65
335	345	1504238400	1504245599	7	39.1822222222,34.8161111111	39.1311111111,35.0233333333	38.7666666667,34.7561111111	38.9388888889,34.5430555556	39.0138888889,34.3325	39.3166666667,34.3333333333	39.1822222222,34.8161111111
335	345	1504238400	1504245599	38	40.8655555556,30.6661111111	40.9988888889,30.9994444444	41.1672222222,33.1536111111	41.0166666667,33.0833333333	41.0166666667,34.0333333333	41.0980555556,34.0727777778	41.0,34.5972222222	40.6,34.6	40.3333333333,34.8333333333	40.1666666667,35.3	40.1666666667,35.5505555556	40.1666666667,35.6544444444	39.1313888889,35.3997222222	39.0411111111,35.3786111111	39.1311111111,35.0233333333	39.1822222222,34.8161111111	39.3166666667,34.3333333333	39.5788888889,33.5852777778	39.8333333333,33.75	40.1683333333,33.8327777778	40.3,33.8416666667	40.4438888889,33.7036111111	40.6083333333,33.5	40.7333333333,33.1833333333	40.7405555556,33.1244444444	40.7666666667,32.8333333333	40.75,32.4666666667	40.4183333333,32.1494444444	40.1591666667,32.0333333333	39.75,32.0666666667	39.7186111111,31.6566666667	39.9666666667,31.5833333333	40.0333333333,31.0	40.0736111111,30.7775	40.075,30.7705555556	40.3133333333,30.7722222222	40.6313888889,30.7113888889	40.8655555556,30.6661111111
275	325	1504238400	1504245599	5	38.1888888889,32.8833333333	38.1008333333,32.8947222222	38.3791666667,32.5236111111	38.3916666667,32.5972222222	38.1888888889,32.8833333333
275	325	1504238400	1504245599	8	40.8472222222,35.8247222222	40.1666666667,35.6544444444	40.1666666667,35.5505555556	40.1666666667,35.3	40.3333333333,34.8333333333	40.6,34.6	41.0,34.5972222222	40.8472222222,35.8247222222
275	325	1504238400	1504245599	7	39.1822222222,34.8161111111	39.1311111111,35.0233333333	38.7666666667,34.7561111111	38.9388888889,34.5430555556	39.0138888889,34.3325	39.3166666667,34.3333333333	39.1822222222,34.8161111111
275	325	1504238400	1504245599	6	39.0138888889,34.3325	38.9388888889,34.5430555556	38.7666666667,34.7561111111	38.5,34.4780555556	38.5,34.3333333333	39.0138888889,34.3325
275	325	1504238400	1504245599	6	39.1311111111,35.0233333333	39.0411111111,35.3786111111	38.5,34.7166666667	38.5,34.4780555556	38.7666666667,34.7561111111	39.1311111111,35.0233333333
275	325	1504238400	1504245599	5	38.4,32.65	38.3166666667,32.8666666667	38.1888888889,32.8833333333	38.3916666667,32.5972222222	38.4,32.65
275	325	1504238400	1504245599	10	40.075,30.7705555556	40.0736111111,30.7775	40.0333333333,31.0	39.9666666667,31.5833333333	39.7186111111,31.6566666667	39.4,31.75	39.2733333333,31.3280555556	39.265,31.3	39.65,30.7666666667	40.075,30.7705555556
140	325	1504238400	1504245599	5	39.05,34.2333333333	39.0138888889,34.3325	38.5,34.3333333333	38.9166666667,33.95	39.05,34.2333333333
325	335	1504238400	1504245599	5	39.05,34.2333333333	39.0138888889,34.3325	38.5,34.3333333333	38.9166666667,33.95	39.05,34.2333333333
325	335	1504238400	1504245599	5	38.5,34.7166666667	37.5766666667,33.6288888889	38.5,34.3333333333	38.5,34.4780555556	38.5,34.7166666667
325	335	1504238400	1504245599	23	39.7186111111,31.6566666667	39.75,32.0666666667	39.4363888889,32.5094444444	39.3711111111,32.9216666667	39.4377777778,33.3244444444	39.5788888889,33.5852777778	39.3166666667,34.3333333333	39.0138888889,34.3325	39.05,34.2333333333	38.9166666667,33.95	38.5,34.3333333333	37.5766666667,33.6288888889	37.9194444444,33.1358333333	38.1008333333,32.8947222222	38.1888888889,32.8833333333	38.3166666667,32.8666666667	38.4,32.65	38.3916666667,32.5972222222	38.3791666667,32.5236111111	39.265,31.3	39.2733333333,31.3280555556	39.4,31.75	39.7186111111,31.6566666667
325	335	1504238400	1504245599	7	39.1822222222,34.8161111111	39.1311111111,35.0233333333	38.7666666667,34.7561111111	38.9388888889,34.5430555556	39.0138888889,34.3325	39.3166666667,34.3333333333	39.1822222222,34.8161111111
325	335	1504238400	1504245599	17	40.7666666667,32.8333333333	40.7405555556,33.1244444444	40.7333333333,33.1833333333	40.6083333333,33.5	40.4438888889,33.7036111111	40.3,33.8416666667	40.1683333333,33.8327777778	39.8333333333,33.75	39.5788888889,33.5852777778	39.4377777778,33.3244444444	39.3711111111,32.9216666667	39.4363888889,32.5094444444	39.75,32.0666666667	40.1591666667,32.0333333333	40.4183333333,32.1494444444	40.75,32.4666666667	40.7666666667,32.8333333333
325	335	1504238400	1504245599	8	40.8472222222,35.8247222222	40.1666666667,35.6544444444	40.1666666667,35.5505555556	40.1666666667,35.3	40.3333333333,34.8333333333	40.6,34.6	41.0,34.5972222222	40.8472222222,35.8247222222
325	335	1504238400	1504245599	7	41.1891666667,33.4336111111	41.1744444444,33.7122222222	41.0980555556,34.0727777778	41.0166666667,34.0333333333	41.0166666667,33.0833333333	41.1672222222,33.1536111111	41.1891666667,33.4336111111
325	335	1504238400	1504245599	5	38.1888888889,32.8833333333	38.1008333333,32.8947222222	38.3791666667,32.5236111111	38.3916666667,32.5972222222	38.1888888889,32.8833333333
325	335	1504238400	1504245599	6	39.0138888889,34.3325	38.9388888889,34.5430555556	38.7666666667,34.7561111111	38.5,34.4780555556	38.5,34.3333333333	39.0138888889,34.3325
325	335	1504238400	1504245599	6	39.1311111111,35.0233333333	39.0411111111,35.3786111111	38.5,34.7166666667	38.5,34.4780555556	38.7666666667,34.7561111111	39.1311111111,35.0233333333
325	335	1504238400	1504245599	5	38.4,32.65	38.3166666667,32.8666666667	38.1888888889,32.8833333333	38.3916666667,32.5972222222	38.4,32.65
325	335	1504238400	1504245599	10	40.075,30.7705555556	40.0736111111,30.7775	40.0333333333,31.0	39.9666666667,31.5833333333	39.7186111111,31.6566666667	39.4,31.75	39.2733333333,31.3280555556	39.265,31.3	39.65,30.7666666667	40.075,30.7705555556
325	335	1504238400	1504245599	38	40.8655555556,30.6661111111	40.9988888889,30.9994444444	41.1672222222,33.1536111111	41.0166666667,33.0833333333	41.0166666667,34.0333333333	41.0980555556,34.0727777778	41.0,34.5972222222	40.6,34.6	40.3333333333,34.8333333333	40.1666666667,35.3	40.1666666667,35.5505555556	40.1666666667,35.6544444444	39.1313888889,35.3997222222	39.0411111111,35.3786111111	39.1311111111,35.0233333333	39.1822222222,34.8161111111	39.3166666667,34.3333333333	39.5788888889,33.5852777778	39.8333333333,33.75	40.1683333333,33.8327777778	40.3,33.8416666667	40.4438888889,33.7036111111	40.6083333333,33.5	40.7333333333,33.1833333333	40.7405555556,33.1244444444	40.7666666667,32.8333333333	40.75,32.4666666667	40.4183333333,32.1494444444	40.1591666667,32.0333333333	39.75,32.0666666667	39.7186111111,31.6566666667	39.9666666667,31.5833333333	40.0333333333,31.0	40.0736111111,30.7775	40.075,30.7705555556	40.3133333333,30.7722222222	40.6313888889,30.7113888889	40.8655555556,30.6661111111
0	325	1504238400	1504245599	5	38.5,34.7166666667	37.5766666667,33.6288888889	38.5,34.3333333333	38.5,34.4780555556	38.5,34.7166666667
0	325	1504238400	1504245599	23	39.7186111111,31.6566666667	39.75,32.0666666667	39.4363888889,32.5094444444	39.3711111111,32.9216666667	39.4377777778,33.3244444444	39.5788888889,33.5852777778	39.3166666667,34.3333333333	39.0138888889,34.3325	39.05,34.2333333333	38.9166666667,33.95	38.5,34.3333333333	37.5766666667,33.6288888889	37.9194444444,33.1358333333	38.1008333333,32.8947222222	38.1888888889,32.8833333333	38.3166666667,32.8666666667	38.4,32.65	38.3916666667,32.5972222222	38.3791666667,32.5236111111	39.265,31.3	39.2733333333,31.3280555556	39.4,31.75	39.7186111111,31.6566666667
0	325	1504238400	1504245599	38	40.8655555556,30.6661111111	40.9988888889,30.9994444444	41.1672222222,33.1536111111	41.0166666667,33.0833333333	41.0166666667,34.0333333333	41.0980555556,34.0727777778	41.0,34.5972222222	40.6,34.6	40.3333333333,34.8333333333	40.1666666667,35.3	40.1666666667,35.5505555556	40.1666666667,35.6544444444	39.1313888889,35.3997222222	39.0411111111,35.3786111111	39.1311111111,35.0233333333	39.1822222222,34.8161111111	39.3166666667,34.3333333333	39.5788888889,33.5852777778	39.8333333333,33.75	40.1683333333,33.8327777778	40.3,33.8416666667	40.4438888889,33.7036111111	40.6083333333,33.5	40.7333333333,33.1833333333	40.7405555556,33.1244444444	40.7666666667,32.8333333333	40.75,32.4666666667	40.4183333333,32.1494444444	40.1591666667,32.0333333333	39.75,32.0666666667	39.7186111111,31.6566666667	39.9666666667,31.5833333333	40.0333333333,31.0	40.0736111111,30.7775	40.075,30.7705555556	40.3133333333,30.7722222222	40.6313888889,30.7113888889	40.8655555556,30.6661111111
245	325	1504238400	1504245599	17	40.7666666667,32.8333333333	40.7405555556,33.1244444444	40.7333333333,33.1833333333	40.6083333333,33.5	40.4438888889,33.7036111111	40.3,33.8416666667	40.1683333333,33.8327777778	39.8333333333,33.75	39.5788888889,33.5852777778	39.4377777778,33.3244444444	39.3711111111,32.9216666667	39.4363888889,32.5094444444	39.75,32.0666666667	40.1591666667,32.0333333333	40.4183333333,32.1494444444	40.75,32.4666666667	40.7666666667,32.8333333333
155	325	1504238400	1504245599	7	41.1891666667,33.4336111111	41.1744444444,33.7122222222	41.0980555556,34.0727777778	41.0166666667,34.0333333333	41.0166666667,33.0833333333	41.1672222222,33.1536111111	41.1891666667,33.4336111111
345	355	1504238400	1504245599	5	39.05,34.2333333333	39.0138888889,34.3325	38.5,34.3333333333	38.9166666667,33.95	39.05,34.2333333333
345	355	1504238400	1504245599	5	38.5,34.7166666667	37.5766666667,33.6288888889	38.5,34.3333333333	38.5,34.4780555556	38.5,34.7166666667
345	355	1504238400	1504245599	23	39.7186111111,31.6566666667	39.75,32.0666666667	39.4363888889,32.5094444444	39.3711111111,32.9216666667	39.4377777778,33.3244444444	39.5788888889,33.5852777778	39.3166666667,34.3333333333	39.0138888889,34.3325	39.05,34.2333333333	38.9166666667,33.95	38.5,34.3333333333	37.5766666667,33.6288888889	37.9194444444,33.1358333333	38.1008333333,32.8947222222	38.1888888889,32.8833333333	38.3166666667,32.8666666667	38.4,32.65	38.3916666667,32.5972222222	38.3791666667,32.5236111111	39.265,31.3	39.2733333333,31.3280555556	39.4,31.75	39.7186111111,31.6566666667
345	355	1504238400	1504245599	7	39.1822222222,34.8161111111	39.1311111111,35.0233333333	38.7666666667,34.7561111111	38.9388888889,34.5430555556	39.0138888889,34.3325	39.3166666667,34.3333333333	39.1822222222,34.8161111111
345	355	1504238400	1504245599	17	40.7666666667,32.8333333333	40.7405555556,33.1244444444	40.7333333333,33.1833333333	40.6083333333,33.5	40.4438888889,33.7036111111	40.3,33.8416666667	40.1683333333,33.8327777778	39.8333333333,33.75	39.5788888889,33.5852777778	39.4377777778,33.3244444444	39.3711111111,32.9216666667	39.4363888889,32.5094444444	39.75,32.0666666667	40.1591666667,32.0333333333	40.4183333333,32.1494444444	40.75,32.4666666667	40.7666666667,32.8333333333
345	355	1504238400	1504245599	8	40.8472222222,35.8247222222	40.1666666667,35.6544444444	40.1666666667,35.5505555556	40.1666666667,35.3	40.3333333333,34.8333333333	40.6,34.6	41.0,34.5972222222	40.8472222222,35.8247222222
345	355	1504238400	1504245599	7	41.1891666667,33.4336111111	41.1744444444,33.7122222222	41.0980555556,34.0727777778	41.0166666667,34.0333333333	41.0166666667,33.0833333333	41.1672222222,33.1536111111	41.1891666667,33.4336111111
345	355	1504238400	1504245599	5	38.1888888889,32.8833333333	38.1008333333,32.8947222222	38.3791666667,32.5236111111	38.3916666667,32.5972222222	38.1888888889,32.8833333333
345	355	1504238400	1504245599	6	39.0138888889,34.3325	38.9388888889,34.5430555556	38.7666666667,34.7561111111	38.5,34.4780555556	38.5,34.3333333333	39.0138888889,34.3325
345	355	1504238400	1504245599	6	39.1311111111,35.0233333333	39.0411111111,35.3786111111	38.5,34.7166666667	38.5,34.4780555556	38.7666666667,34.7561111111	39.1311111111,35.0233333333
345	355	1504238400	1504245599	5	38.4,32.65	38.3166666667,32.8666666667	38.1888888889,32.8833333333	38.3916666667,32.5972222222	38.4,32.65
345	355	1504238400	1504245599	10	40.075,30.7705555556	40.0736111111,30.7775	40.0333333333,31.0	39.9666666667,31.5833333333	39.7186111111,31.6566666667	39.4,31.75	39.2733333333,31.3280555556	39.265,31.3	39.65,30.7666666667	40.075,30.7705555556
345	355	1504238400	1504245599	38	40.8655555556,30.6661111111	40.9988888889,30.9994444444	41.1672222222,33.1536111111	41.0166666667,33.0833333333	41.0166666667,34.0333333333	41.0980555556,34.0727777778	41.0,34.5972222222	40.6,34.6	40.3333333333,34.8333333333	40.1666666667,35.3	40.1666666667,35.5505555556	40.1666666667,35.6544444444	39.1313888889,35.3997222222	39.0411111111,35.3786111111	39.1311111111,35.0233333333	39.1822222222,34.8161111111	39.3166666667,34.3333333333	39.5788888889,33.5852777778	39.8333333333,33.75	40.1683333333,33.8327777778	40.3,33.8416666667	40.4438888889,33.7036111111	40.6083333333,33.5	40.7333333333,33.1833333333	40.7405555556,33.1244444444	40.7666666667,32.8333333333	40.75,32.4666666667	40.4183333333,32.1494444444	40.1591666667,32.0333333333	39.75,32.0666666667	39.7186111111,31.6566666667	39.9666666667,31.5833333333	40.0333333333,31.0	40.0736111111,30.7775	40.075,30.7705555556	40.3133333333,30.7722222222	40.6313888889,30.7113888889	40.8655555556,30.6661111111
