17
0	325	1504234800	1504299599	4	40.3133333333,30.7722222222	40.075,30.7705555556	40.1408333333,30.4075	40.3133333333,30.7722222222
0	325	1504234800	1504299599	6	42.21,29.265	42.3202777778,29.5347222222	40.9988888889,30.9994444444	40.8655555556,30.6661111111	41.0666666667,30.6333333333	42.21,29.265
0	325	1504234800	1504299599	5	39.8988888889,28.9994444444	39.9155555556,29.9327777778	39.8233333333,30.0625	39.4672222222,29.2311111111	39.8988888889,28.9994444444
245	325	1504234800	1504299599	10	41.0072222222,28.74	40.9613888889,28.8105555556	40.4741666667,28.7047222222	40.5119444444,28.6511111111	40.5566666667,28.5861111111	40.6419444444,28.4619444444	40.6419444444,28.2825	40.9372222222,28.3266666667	40.9786111111,28.4080555556	41.0072222222,28.74
245	325	1504234800	1504299599	15	40.4836111111,29.9572222222	40.5686111111,29.2083333333	40.6208333333,29.1333333333	40.6858333333,29.0422222222	40.8094444444,29.0180555556	41.0319444444,29.6341666667	40.985,29.9022222222	40.7833333333,29.7	40.7416666667,29.5166666667	40.675,29.5583333333	40.7,29.75	40.6333333333,29.8166666667	40.6333333333,29.9641666667	40.575,29.9611111111	40.4836111111,29.9572222222
245	325	1504234800	1504299599	8	41.4730555556,28.9780555556	41.4694444444,29.37	41.2811111111,29.8391666667	41.1077777778,29.5888888889	41.0319444444,29.6341666667	40.8094444444,29.0180555556	40.9613888889,28.8105555556	41.4730555556,28.9780555556
245	325	1504234800	1504299599	10	39.5213888889,30.3763888889	39.4988888889,30.2661111111	39.46,30.1244444444	39.4291666667,30.0544444444	39.4616666667,29.6219444444	39.3541666667,29.35	39.3972222222,29.2686111111	39.4672222222,29.2311111111	39.8233333333,30.0625	39.5213888889,30.3763888889
245	325	1504234800	1504299599	10	40.9613888889,28.8105555556	40.8094444444,29.0180555556	40.6858333333,29.0422222222	40.6208333333,29.1333333333	40.5686111111,29.2083333333	40.4944444444,29.2061111111	40.4741666667,29.1661111111	40.3383333333,28.8975	40.4741666667,28.7047222222	40.9613888889,28.8105555556
245	325	1504234800	1504299599	5	40.9716666667,29.9794444444	40.8655555556,30.6661111111	40.6333333333,30.6333333333	40.6333333333,29.9641666667	40.9716666667,29.9794444444
245	325	1504234800	1504299599	16	40.8655555556,30.6661111111	40.6313888889,30.7113888889	40.3133333333,30.7722222222	40.1408333333,30.4075	39.9155555556,29.9327777778	39.8988888889,28.9994444444	40.2655555556,28.9994444444	40.3383333333,28.8975	40.4741666667,29.1661111111	40.4944444444,29.2061111111	40.5686111111,29.2083333333	40.4836111111,29.9572222222	40.575,29.9611111111	40.6333333333,29.9641666667	40.6333333333,30.6333333333	40.8655555556,30.6661111111
245	325	1504234800	1504299599	11	42.0166666667,28.4833333333	42.0822222222,28.7661111111	42.1166666667,29.0	41.4730555556,28.9780555556	41.4763888889,28.6355555556	41.1722222222,28.6202777778	41.0072222222,28.74	40.9786111111,28.4080555556	40.9372222222,28.3266666667	41.4786111111,28.4041666667	42.0166666667,28.4833333333
245	325	1504234800	1504299599	6	41.0666666667,29.9833333333	41.0666666667,30.6333333333	40.8655555556,30.6661111111	40.9716666667,29.9794444444	40.985,29.9022222222	41.0666666667,29.9833333333
245	325	1504234800	1504299599	6	41.4763888889,28.6355555556	41.4730555556,28.9780555556	40.9613888889,28.8105555556	41.0072222222,28.74	41.1722222222,28.6202777778	41.4763888889,28.6355555556
245	325	1504234800	1504299599	9	40.985,29.9022222222	40.9716666667,29.9794444444	40.6333333333,29.9641666667	40.6333333333,29.8166666667	40.7,29.75	40.675,29.5583333333	40.7416666667,29.5166666667	40.7833333333,29.7	40.985,29.9022222222
245	325	1504234800	1504299599	12	42.1166666667,29.0	42.1705555556,29.1427777778	42.21,29.265	41.0666666667,30.6333333333	41.0666666667,29.9833333333	40.985,29.9022222222	41.0319444444,29.6341666667	41.1077777778,29.5888888889	41.2811111111,29.8391666667	41.4694444444,29.37	41.4730555556,28.9780555556	42.1166666667,29.0
275	325	1504234800	1504299599	10	40.6419444444,28.2825	40.6419444444,28.4619444444	40.5566666667,28.5861111111	40.5119444444,28.6511111111	40.4741666667,28.7047222222	40.3383333333,28.8975	40.2655555556,28.9994444444	39.8988888889,28.9994444444	39.9394444444,28.1833333333	40.6419444444,28.2825
275	325	1504234800	1504299599	8	39.9155555556,29.9327777778	40.1408333333,30.4075	40.075,30.7705555556	39.65,30.7666666667	39.5469444444,30.5008333333	39.5213888889,30.3763888889	39.8233333333,30.0625	39.9155555556,29.9327777778
