100
335	345	1504234800	1504299599	10	41.0072222222,28.74	40.9613888889,28.8105555556	40.4741666667,28.7047222222	40.5119444444,28.6511111111	40.5566666667,28.5861111111	40.6419444444,28.4619444444	40.6419444444,28.2825	40.9372222222,28.3266666667	40.9786111111,28.4080555556	41.0072222222,28.74
335	345	1504234800	1504299599	43	42.0166666667,28.4833333333	41.4786111111,28.4041666667	40.9372222222,28.3266666667	40.8161111111,28.0847222222	40.6413888889,28.1208333333	40.6416666667,27.95	40.2166666667,27.5333333333	39.85,27.5333333333	39.4988888889,27.2244444444	39.3930555556,26.8833333333	39.2827777778,26.5316666667	39.3322222222,26.4994444444	39.4166666667,26.4333333333	39.4333333333,26.3666666667	39.3666666667,26.15	39.45,25.8833333333	39.9044444444,25.6194444444	40.1,25.5583333333	40.3833333333,25.9166666667	40.5,25.8833333333	40.5666666667,25.9	40.6666666667,25.9	40.8822222222,26.2494444444	40.95,26.3166666667	41.0666666667,26.2916666667	41.25,26.3166666667	41.3333333333,26.6	41.6333333333,26.55	41.7333333333,26.3	41.8716666667,26.5683333333	41.9833333333,26.6166666667	41.9711111111,26.7663888889	42.0408333333,27.0083333333	42.0833333333,27.1333333333	42.0655555556,27.2161111111	42.0666666667,27.2833333333	41.9886111111,27.4183333333	41.9019444444,27.5694444444	41.9666666667,27.7769444444	41.9966666667,27.8513888889	41.9822222222,28.0011111111	41.9833333333,28.3166666667	42.0166666667,28.4833333333
335	345	1504234800	1504299599	15	40.4836111111,29.9572222222	40.5686111111,29.2083333333	40.6208333333,29.1333333333	40.6858333333,29.0422222222	40.8094444444,29.0180555556	41.0319444444,29.6341666667	40.985,29.9022222222	40.7833333333,29.7	40.7416666667,29.5166666667	40.675,29.5583333333	40.7,29.75	40.6333333333,29.8166666667	40.6333333333,29.9641666667	40.575,29.9611111111	40.4836111111,29.9572222222
335	345	1504234800	1504299599	10	40.6419444444,28.2825	40.6419444444,28.4619444444	40.5566666667,28.5861111111	40.5119444444,28.6511111111	40.4741666667,28.7047222222	40.3383333333,28.8975	40.2655555556,28.9994444444	39.8988888889,28.9994444444	39.9394444444,28.1833333333	40.6419444444,28.2825
335	345	1504234800	1504299599	4	40.3133333333,30.7722222222	40.075,30.7705555556	40.1408333333,30.4075	40.3133333333,30.7722222222
335	345	1504234800	1504299599	5	40.9372222222,28.3266666667	40.6419444444,28.2825	40.6413888889,28.1208333333	40.8161111111,28.0847222222	40.9372222222,28.3266666667
335	345	1504234800	1504299599	8	41.4730555556,28.9780555556	41.4694444444,29.37	41.2811111111,29.8391666667	41.1077777778,29.5888888889	41.0319444444,29.6341666667	40.8094444444,29.0180555556	40.9613888889,28.8105555556	41.4730555556,28.9780555556
335	345	1504234800	1504299599	6	42.21,29.265	42.3202777778,29.5347222222	40.9988888889,30.9994444444	40.8655555556,30.6661111111	41.0666666667,30.6333333333	42.21,29.265
335	345	1504234800	1504299599	10	39.5213888889,30.3763888889	39.4988888889,30.2661111111	39.46,30.1244444444	39.4291666667,30.0544444444	39.4616666667,29.6219444444	39.3541666667,29.35	39.3972222222,29.2686111111	39.4672222222,29.2311111111	39.8233333333,30.0625	39.5213888889,30.3763888889
335	345	1504234800	1504299599	10	40.9613888889,28.8105555556	40.8094444444,29.0180555556	40.6858333333,29.0422222222	40.6208333333,29.1333333333	40.5686111111,29.2083333333	40.4944444444,29.2061111111	40.4741666667,29.1661111111	40.3383333333,28.8975	40.4741666667,28.7047222222	40.9613888889,28.8105555556
335	345	1504234800	1504299599	11	42.0166666667,28.4833333333	42.0822222222,28.7661111111	42.1166666667,29.0	41.4730555556,28.9780555556	41.4763888889,28.6355555556	41.1722222222,28.6202777778	41.0072222222,28.74	40.9786111111,28.4080555556	40.9372222222,28.3266666667	41.4786111111,28.4041666667	42.0166666667,28.4833333333
335	345	1504234800	1504299599	5	40.9716666667,29.9794444444	40.8655555556,30.6661111111	40.6333333333,30.6333333333	40.6333333333,29.9641666667	40.9716666667,29.9794444444
335	345	1504234800	1504299599	8	40.6416666667,27.95	40.6413888889,28.1208333333	40.6419444444,28.2825	39.9394444444,28.1833333333	39.8655555556,27.9952777778	39.85,27.5333333333	40.2166666667,27.5333333333	40.6416666667,27.95
335	345	1504234800	1504299599	16	40.8655555556,30.6661111111	40.6313888889,30.7113888889	40.3133333333,30.7722222222	40.1408333333,30.4075	39.9155555556,29.9327777778	39.8988888889,28.9994444444	40.2655555556,28.9994444444	40.3383333333,28.8975	40.4741666667,29.1661111111	40.4944444444,29.2061111111	40.5686111111,29.2083333333	40.4836111111,29.9572222222	40.575,29.9611111111	40.6333333333,29.9641666667	40.6333333333,30.6333333333	40.8655555556,30.6661111111
335	345	1504234800	1504299599	5	39.8988888889,28.9994444444	39.9155555556,29.9327777778	39.8233333333,30.0625	39.4672222222,29.2311111111	39.8988888889,28.9994444444
335	345	1504234800	1504299599	8	39.9155555556,29.9327777778	40.1408333333,30.4075	40.075,30.7705555556	39.65,30.7666666667	39.5469444444,30.5008333333	39.5213888889,30.3763888889	39.8233333333,30.0625	39.9155555556,29.9327777778
335	345	1504234800	1504299599	6	41.0666666667,29.9833333333	41.0666666667,30.6333333333	40.8655555556,30.6661111111	40.9716666667,29.9794444444	40.985,29.9022222222	41.0666666667,29.9833333333
335	345	1504234800	1504299599	6	41.4763888889,28.6355555556	41.4730555556,28.9780555556	40.9613888889,28.8105555556	41.0072222222,28.74	41.1722222222,28.6202777778	41.4763888889,28.6355555556
335	345	1504234800	1504299599	9	40.985,29.9022222222	40.9716666667,29.9794444444	40.6333333333,29.9641666667	40.6333333333,29.8166666667	40.7,29.75	40.675,29.5583333333	40.7416666667,29.5166666667	40.7833333333,29.7	40.985,29.9022222222
335	345	1504234800	1504299599	12	42.1166666667,29.0	42.1705555556,29.1427777778	42.21,29.265	41.0666666667,30.6333333333	41.0666666667,29.9833333333	40.985,29.9022222222	41.0319444444,29.6341666667	41.1077777778,29.5888888889	41.2811111111,29.8391666667	41.4694444444,29.37	41.4730555556,28.9780555556	42.1166666667,29.0
365	999	1504234800	1504299599	10	41.0072222222,28.74	40.9613888889,28.8105555556	40.4741666667,28.7047222222	40.5119444444,28.6511111111	40.5566666667,28.5861111111	40.6419444444,28.4619444444	40.6419444444,28.2825	40.9372222222,28.3266666667	40.9786111111,28.4080555556	41.0072222222,28.74
365	999	1504234800	1504299599	43	42.0166666667,28.4833333333	41.4786111111,28.4041666667	40.9372222222,28.3266666667	40.8161111111,28.0847222222	40.6413888889,28.1208333333	40.6416666667,27.95	40.2166666667,27.5333333333	39.85,27.5333333333	39.4988888889,27.2244444444	39.3930555556,26.8833333333	39.2827777778,26.5316666667	39.3322222222,26.4994444444	39.4166666667,26.4333333333	39.4333333333,26.3666666667	39.3666666667,26.15	39.45,25.8833333333	39.9044444444,25.6194444444	40.1,25.5583333333	40.3833333333,25.9166666667	40.5,25.8833333333	40.5666666667,25.9	40.6666666667,25.9	40.8822222222,26.2494444444	40.95,26.3166666667	41.0666666667,26.2916666667	41.25,26.3166666667	41.3333333333,26.6	41.6333333333,26.55	41.7333333333,26.3	41.8716666667,26.5683333333	41.9833333333,26.6166666667	41.9711111111,26.7663888889	42.0408333333,27.0083333333	42.0833333333,27.1333333333	42.0655555556,27.2161111111	42.0666666667,27.2833333333	41.9886111111,27.4183333333	41.9019444444,27.5694444444	41.9666666667,27.7769444444	41.9966666667,27.8513888889	41.9822222222,28.0011111111	41.9833333333,28.3166666667	42.0166666667,28.4833333333
365	999	1504234800	1504299599	10	39.5213888889,30.3763888889	39.4988888889,30.2661111111	39.46,30.1244444444	39.4291666667,30.0544444444	39.4616666667,29.6219444444	39.3541666667,29.35	39.3972222222,29.2686111111	39.4672222222,29.2311111111	39.8233333333,30.0625	39.5213888889,30.3763888889
365	999	1504234800	1504299599	10	40.6419444444,28.2825	40.6419444444,28.4619444444	40.5566666667,28.5861111111	40.5119444444,28.6511111111	40.4741666667,28.7047222222	40.3383333333,28.8975	40.2655555556,28.9994444444	39.8988888889,28.9994444444	39.9394444444,28.1833333333	40.6419444444,28.2825
365	999	1504234800	1504299599	5	39.8988888889,28.9994444444	39.9155555556,29.9327777778	39.8233333333,30.0625	39.4672222222,29.2311111111	39.8988888889,28.9994444444
365	999	1504234800	1504299599	4	40.3133333333,30.7722222222	40.075,30.7705555556	40.1408333333,30.4075	40.3133333333,30.7722222222
365	999	1504234800	1504299599	5	40.9372222222,28.3266666667	40.6419444444,28.2825	40.6413888889,28.1208333333	40.8161111111,28.0847222222	40.9372222222,28.3266666667
365	999	1504234800	1504299599	8	41.4730555556,28.9780555556	41.4694444444,29.37	41.2811111111,29.8391666667	41.1077777778,29.5888888889	41.0319444444,29.6341666667	40.8094444444,29.0180555556	40.9613888889,28.8105555556	41.4730555556,28.9780555556
365	999	1504234800	1504299599	6	42.21,29.265	42.3202777778,29.5347222222	40.9988888889,30.9994444444	40.8655555556,30.6661111111	41.0666666667,30.6333333333	42.21,29.265
365	999	1504234800	1504299599	15	40.4836111111,29.9572222222	40.5686111111,29.2083333333	40.6208333333,29.1333333333	40.6858333333,29.0422222222	40.8094444444,29.0180555556	41.0319444444,29.6341666667	40.985,29.9022222222	40.7833333333,29.7	40.7416666667,29.5166666667	40.675,29.5583333333	40.7,29.75	40.6333333333,29.8166666667	40.6333333333,29.9641666667	40.575,29.9611111111	40.4836111111,29.9572222222
365	999	1504234800	1504299599	10	40.9613888889,28.8105555556	40.8094444444,29.0180555556	40.6858333333,29.0422222222	40.6208333333,29.1333333333	40.5686111111,29.2083333333	40.4944444444,29.2061111111	40.4741666667,29.1661111111	40.3383333333,28.8975	40.4741666667,28.7047222222	40.9613888889,28.8105555556
365	999	1504234800	1504299599	5	40.9716666667,29.9794444444	40.8655555556,30.6661111111	40.6333333333,30.6333333333	40.6333333333,29.9641666667	40.9716666667,29.9794444444
365	999	1504234800	1504299599	8	40.6416666667,27.95	40.6413888889,28.1208333333	40.6419444444,28.2825	39.9394444444,28.1833333333	39.8655555556,27.9952777778	39.85,27.5333333333	40.2166666667,27.5333333333	40.6416666667,27.95
365	999	1504234800	1504299599	16	40.8655555556,30.6661111111	40.6313888889,30.7113888889	40.3133333333,30.7722222222	40.1408333333,30.4075	39.9155555556,29.9327777778	39.8988888889,28.9994444444	40.2655555556,28.9994444444	40.3383333333,28.8975	40.4741666667,29.1661111111	40.4944444444,29.2061111111	40.5686111111,29.2083333333	40.4836111111,29.9572222222	40.575,29.9611111111	40.6333333333,29.9641666667	40.6333333333,30.6333333333	40.8655555556,30.6661111111
365	999	1504234800	1504299599	11	42.0166666667,28.4833333333	42.0822222222,28.7661111111	42.1166666667,29.0	41.4730555556,28.9780555556	41.4763888889,28.6355555556	41.1722222222,28.6202777778	41.0072222222,28.74	40.9786111111,28.4080555556	40.9372222222,28.3266666667	41.4786111111,28.4041666667	42.0166666667,28.4833333333
365	999	1504234800	1504299599	8	39.9155555556,29.9327777778	40.1408333333,30.4075	40.075,30.7705555556	39.65,30.7666666667	39.5469444444,30.5008333333	39.5213888889,30.3763888889	39.8233333333,30.0625	39.9155555556,29.9327777778
365	999	1504234800	1504299599	6	41.0666666667,29.9833333333	41.0666666667,30.6333333333	40.8655555556,30.6661111111	40.9716666667,29.9794444444	40.985,29.9022222222	41.0666666667,29.9833333333
365	999	1504234800	1504299599	6	41.4763888889,28.6355555556	41.4730555556,28.9780555556	40.9613888889,28.8105555556	41.0072222222,28.74	41.1722222222,28.6202777778	41.4763888889,28.6355555556
365	999	1504234800	1504299599	9	40.985,29.9022222222	40.9716666667,29.9794444444	40.6333333333,29.9641666667	40.6333333333,29.8166666667	40.7,29.75	40.675,29.5583333333	40.7416666667,29.5166666667	40.7833333333,29.7	40.985,29.9022222222
365	999	1504234800	1504299599	12	42.1166666667,29.0	42.1705555556,29.1427777778	42.21,29.265	41.0666666667,30.6333333333	41.0666666667,29.9833333333	40.985,29.9022222222	41.0319444444,29.6341666667	41.1077777778,29.5888888889	41.2811111111,29.8391666667	41.4694444444,29.37	41.4730555556,28.9780555556	42.1166666667,29.0
345	355	1504234800	1504299599	10	41.0072222222,28.74	40.9613888889,28.8105555556	40.4741666667,28.7047222222	40.5119444444,28.6511111111	40.5566666667,28.5861111111	40.6419444444,28.4619444444	40.6419444444,28.2825	40.9372222222,28.3266666667	40.9786111111,28.4080555556	41.0072222222,28.74
345	355	1504234800	1504299599	43	42.0166666667,28.4833333333	41.4786111111,28.4041666667	40.9372222222,28.3266666667	40.8161111111,28.0847222222	40.6413888889,28.1208333333	40.6416666667,27.95	40.2166666667,27.5333333333	39.85,27.5333333333	39.4988888889,27.2244444444	39.3930555556,26.8833333333	39.2827777778,26.5316666667	39.3322222222,26.4994444444	39.4166666667,26.4333333333	39.4333333333,26.3666666667	39.3666666667,26.15	39.45,25.8833333333	39.9044444444,25.6194444444	40.1,25.5583333333	40.3833333333,25.9166666667	40.5,25.8833333333	40.5666666667,25.9	40.6666666667,25.9	40.8822222222,26.2494444444	40.95,26.3166666667	41.0666666667,26.2916666667	41.25,26.3166666667	41.3333333333,26.6	41.6333333333,26.55	41.7333333333,26.3	41.8716666667,26.5683333333	41.9833333333,26.6166666667	41.9711111111,26.7663888889	42.0408333333,27.0083333333	42.0833333333,27.1333333333	42.0655555556,27.2161111111	42.0666666667,27.2833333333	41.9886111111,27.4183333333	41.9019444444,27.5694444444	41.9666666667,27.7769444444	41.9966666667,27.8513888889	41.9822222222,28.0011111111	41.9833333333,28.3166666667	42.0166666667,28.4833333333
345	355	1504234800	1504299599	10	39.5213888889,30.3763888889	39.4988888889,30.2661111111	39.46,30.1244444444	39.4291666667,30.0544444444	39.4616666667,29.6219444444	39.3541666667,29.35	39.3972222222,29.2686111111	39.4672222222,29.2311111111	39.8233333333,30.0625	39.5213888889,30.3763888889
345	355	1504234800	1504299599	10	40.6419444444,28.2825	40.6419444444,28.4619444444	40.5566666667,28.5861111111	40.5119444444,28.6511111111	40.4741666667,28.7047222222	40.3383333333,28.8975	40.2655555556,28.9994444444	39.8988888889,28.9994444444	39.9394444444,28.1833333333	40.6419444444,28.2825
345	355	1504234800	1504299599	5	39.8988888889,28.9994444444	39.9155555556,29.9327777778	39.8233333333,30.0625	39.4672222222,29.2311111111	39.8988888889,28.9994444444
345	355	1504234800	1504299599	4	40.3133333333,30.7722222222	40.075,30.7705555556	40.1408333333,30.4075	40.3133333333,30.7722222222
345	355	1504234800	1504299599	5	40.9372222222,28.3266666667	40.6419444444,28.2825	40.6413888889,28.1208333333	40.8161111111,28.0847222222	40.9372222222,28.3266666667
345	355	1504234800	1504299599	8	41.4730555556,28.9780555556	41.4694444444,29.37	41.2811111111,29.8391666667	41.1077777778,29.5888888889	41.0319444444,29.6341666667	40.8094444444,29.0180555556	40.9613888889,28.8105555556	41.4730555556,28.9780555556
345	355	1504234800	1504299599	6	42.21,29.265	42.3202777778,29.5347222222	40.9988888889,30.9994444444	40.8655555556,30.6661111111	41.0666666667,30.6333333333	42.21,29.265
345	355	1504234800	1504299599	15	40.4836111111,29.9572222222	40.5686111111,29.2083333333	40.6208333333,29.1333333333	40.6858333333,29.0422222222	40.8094444444,29.0180555556	41.0319444444,29.6341666667	40.985,29.9022222222	40.7833333333,29.7	40.7416666667,29.5166666667	40.675,29.5583333333	40.7,29.75	40.6333333333,29.8166666667	40.6333333333,29.9641666667	40.575,29.9611111111	40.4836111111,29.9572222222
345	355	1504234800	1504299599	10	40.9613888889,28.8105555556	40.8094444444,29.0180555556	40.6858333333,29.0422222222	40.6208333333,29.1333333333	40.5686111111,29.2083333333	40.4944444444,29.2061111111	40.4741666667,29.1661111111	40.3383333333,28.8975	40.4741666667,28.7047222222	40.9613888889,28.8105555556
345	355	1504234800	1504299599	5	40.9716666667,29.9794444444	40.8655555556,30.6661111111	40.6333333333,30.6333333333	40.6333333333,29.9641666667	40.9716666667,29.9794444444
345	355	1504234800	1504299599	8	40.6416666667,27.95	40.6413888889,28.1208333333	40.6419444444,28.2825	39.9394444444,28.1833333333	39.8655555556,27.9952777778	39.85,27.5333333333	40.2166666667,27.5333333333	40.6416666667,27.95
345	355	1504234800	1504299599	16	40.8655555556,30.6661111111	40.6313888889,30.7113888889	40.3133333333,30.7722222222	40.1408333333,30.4075	39.9155555556,29.9327777778	39.8988888889,28.9994444444	40.2655555556,28.9994444444	40.3383333333,28.8975	40.4741666667,29.1661111111	40.4944444444,29.2061111111	40.5686111111,29.2083333333	40.4836111111,29.9572222222	40.575,29.9611111111	40.6333333333,29.9641666667	40.6333333333,30.6333333333	40.8655555556,30.6661111111
345	355	1504234800	1504299599	11	42.0166666667,28.4833333333	42.0822222222,28.7661111111	42.1166666667,29.0	41.4730555556,28.9780555556	41.4763888889,28.6355555556	41.1722222222,28.6202777778	41.0072222222,28.74	40.9786111111,28.4080555556	40.9372222222,28.3266666667	41.4786111111,28.4041666667	42.0166666667,28.4833333333
345	355	1504234800	1504299599	8	39.9155555556,29.9327777778	40.1408333333,30.4075	40.075,30.7705555556	39.65,30.7666666667	39.5469444444,30.5008333333	39.5213888889,30.3763888889	39.8233333333,30.0625	39.9155555556,29.9327777778
345	355	1504234800	1504299599	6	41.0666666667,29.9833333333	41.0666666667,30.6333333333	40.8655555556,30.6661111111	40.9716666667,29.9794444444	40.985,29.9022222222	41.0666666667,29.9833333333
345	355	1504234800	1504299599	6	41.4763888889,28.6355555556	41.4730555556,28.9780555556	40.9613888889,28.8105555556	41.0072222222,28.74	41.1722222222,28.6202777778	41.4763888889,28.6355555556
345	355	1504234800	1504299599	9	40.985,29.9022222222	40.9716666667,29.9794444444	40.6333333333,29.9641666667	40.6333333333,29.8166666667	40.7,29.75	40.675,29.5583333333	40.7416666667,29.5166666667	40.7833333333,29.7	40.985,29.9022222222
345	355	1504234800	1504299599	12	42.1166666667,29.0	42.1705555556,29.1427777778	42.21,29.265	41.0666666667,30.6333333333	41.0666666667,29.9833333333	40.985,29.9022222222	41.0319444444,29.6341666667	41.1077777778,29.5888888889	41.2811111111,29.8391666667	41.4694444444,29.37	41.4730555556,28.9780555556	42.1166666667,29.0
325	335	1504234800	1504299599	10	41.0072222222,28.74	40.9613888889,28.8105555556	40.4741666667,28.7047222222	40.5119444444,28.6511111111	40.5566666667,28.5861111111	40.6419444444,28.4619444444	40.6419444444,28.2825	40.9372222222,28.3266666667	40.9786111111,28.4080555556	41.0072222222,28.74
325	335	1504234800	1504299599	4	40.3133333333,30.7722222222	40.075,30.7705555556	40.1408333333,30.4075	40.3133333333,30.7722222222
325	335	1504234800	1504299599	10	39.5213888889,30.3763888889	39.4988888889,30.2661111111	39.46,30.1244444444	39.4291666667,30.0544444444	39.4616666667,29.6219444444	39.3541666667,29.35	39.3972222222,29.2686111111	39.4672222222,29.2311111111	39.8233333333,30.0625	39.5213888889,30.3763888889
325	335	1504234800	1504299599	10	40.6419444444,28.2825	40.6419444444,28.4619444444	40.5566666667,28.5861111111	40.5119444444,28.6511111111	40.4741666667,28.7047222222	40.3383333333,28.8975	40.2655555556,28.9994444444	39.8988888889,28.9994444444	39.9394444444,28.1833333333	40.6419444444,28.2825
325	335	1504234800	1504299599	43	42.0166666667,28.4833333333	41.4786111111,28.4041666667	40.9372222222,28.3266666667	40.8161111111,28.0847222222	40.6413888889,28.1208333333	40.6416666667,27.95	40.2166666667,27.5333333333	39.85,27.5333333333	39.4988888889,27.2244444444	39.3930555556,26.8833333333	39.2827777778,26.5316666667	39.3322222222,26.4994444444	39.4166666667,26.4333333333	39.4333333333,26.3666666667	39.3666666667,26.15	39.45,25.8833333333	39.9044444444,25.6194444444	40.1,25.5583333333	40.3833333333,25.9166666667	40.5,25.8833333333	40.5666666667,25.9	40.6666666667,25.9	40.8822222222,26.2494444444	40.95,26.3166666667	41.0666666667,26.2916666667	41.25,26.3166666667	41.3333333333,26.6	41.6333333333,26.55	41.7333333333,26.3	41.8716666667,26.5683333333	41.9833333333,26.6166666667	41.9711111111,26.7663888889	42.0408333333,27.0083333333	42.0833333333,27.1333333333	42.0655555556,27.2161111111	42.0666666667,27.2833333333	41.9886111111,27.4183333333	41.9019444444,27.5694444444	41.9666666667,27.7769444444	41.9966666667,27.8513888889	41.9822222222,28.0011111111	41.9833333333,28.3166666667	42.0166666667,28.4833333333
325	335	1504234800	1504299599	5	40.9372222222,28.3266666667	40.6419444444,28.2825	40.6413888889,28.1208333333	40.8161111111,28.0847222222	40.9372222222,28.3266666667
325	335	1504234800	1504299599	8	41.4730555556,28.9780555556	41.4694444444,29.37	41.2811111111,29.8391666667	41.1077777778,29.5888888889	41.0319444444,29.6341666667	40.8094444444,29.0180555556	40.9613888889,28.8105555556	41.4730555556,28.9780555556
325	335	1504234800	1504299599	6	42.21,29.265	42.3202777778,29.5347222222	40.9988888889,30.9994444444	40.8655555556,30.6661111111	41.0666666667,30.6333333333	42.21,29.265
325	335	1504234800	1504299599	15	40.4836111111,29.9572222222	40.5686111111,29.2083333333	40.6208333333,29.1333333333	40.6858333333,29.0422222222	40.8094444444,29.0180555556	41.0319444444,29.6341666667	40.985,29.9022222222	40.7833333333,29.7	40.7416666667,29.5166666667	40.675,29.5583333333	40.7,29.75	40.6333333333,29.8166666667	40.6333333333,29.9641666667	40.575,29.9611111111	40.4836111111,29.9572222222
325	335	1504234800	1504299599	5	39.8988888889,28.9994444444	39.9155555556,29.9327777778	39.8233333333,30.0625	39.4672222222,29.2311111111	39.8988888889,28.9994444444
325	335	1504234800	1504299599	11	42.0166666667,28.4833333333	42.0822222222,28.7661111111	42.1166666667,29.0	41.4730555556,28.9780555556	41.4763888889,28.6355555556	41.1722222222,28.6202777778	41.0072222222,28.74	40.9786111111,28.4080555556	40.9372222222,28.3266666667	41.4786111111,28.4041666667	42.0166666667,28.4833333333
325	335	1504234800	1504299599	5	40.9716666667,29.9794444444	40.8655555556,30.6661111111	40.6333333333,30.6333333333	40.6333333333,29.9641666667	40.9716666667,29.9794444444
325	335	1504234800	1504299599	8	40.6416666667,27.95	40.6413888889,28.1208333333	40.6419444444,28.2825	39.9394444444,28.1833333333	39.8655555556,27.9952777778	39.85,27.5333333333	40.2166666667,27.5333333333	40.6416666667,27.95
325	335	1504234800	1504299599	16	40.8655555556,30.6661111111	40.6313888889,30.7113888889	40.3133333333,30.7722222222	40.1408333333,30.4075	39.9155555556,29.9327777778	39.8988888889,28.9994444444	40.2655555556,28.9994444444	40.3383333333,28.8975	40.4741666667,29.1661111111	40.4944444444,29.2061111111	40.5686111111,29.2083333333	40.4836111111,29.9572222222	40.575,29.9611111111	40.6333333333,29.9641666667	40.6333333333,30.6333333333	40.8655555556,30.6661111111
325	335	1504234800	1504299599	10	40.9613888889,28.8105555556	40.8094444444,29.0180555556	40.6858333333,29.0422222222	40.6208333333,29.1333333333	40.5686111111,29.2083333333	40.4944444444,29.2061111111	40.4741666667,29.1661111111	40.3383333333,28.8975	40.4741666667,28.7047222222	40.9613888889,28.8105555556
325	335	1504234800	1504299599	8	39.9155555556,29.9327777778	40.1408333333,30.4075	40.075,30.7705555556	39.65,30.7666666667	39.5469444444,30.5008333333	39.5213888889,30.3763888889	39.8233333333,30.0625	39.9155555556,29.9327777778
325	335	1504234800	1504299599	6	41.0666666667,29.9833333333	41.0666666667,30.6333333333	40.8655555556,30.6661111111	40.9716666667,29.9794444444	40.985,29.9022222222	41.0666666667,29.9833333333
325	335	1504234800	1504299599	6	41.4763888889,28.6355555556	41.4730555556,28.9780555556	40.9613888889,28.8105555556	41.0072222222,28.74	41.1722222222,28.6202777778	41.4763888889,28.6355555556
325	335	1504234800	1504299599	9	40.985,29.9022222222	40.9716666667,29.9794444444	40.6333333333,29.9641666667	40.6333333333,29.8166666667	40.7,29.75	40.675,29.5583333333	40.7416666667,29.5166666667	40.7833333333,29.7	40.985,29.9022222222
325	335	1504234800	1504299599	12	42.1166666667,29.0	42.1705555556,29.1427777778	42.21,29.265	41.0666666667,30.6333333333	41.0666666667,29.9833333333	40.985,29.9022222222	41.0319444444,29.6341666667	41.1077777778,29.5888888889	41.2811111111,29.8391666667	41.4694444444,29.37	41.4730555556,28.9780555556	42.1166666667,29.0
355	365	1504234800	1504299599	10	41.0072222222,28.74	40.9613888889,28.8105555556	40.4741666667,28.7047222222	40.5119444444,28.6511111111	40.5566666667,28.5861111111	40.6419444444,28.4619444444	40.6419444444,28.2825	40.9372222222,28.3266666667	40.9786111111,28.4080555556	41.0072222222,28.74
355	365	1504234800	1504299599	4	40.3133333333,30.7722222222	40.075,30.7705555556	40.1408333333,30.4075	40.3133333333,30.7722222222
355	365	1504234800	1504299599	15	40.4836111111,29.9572222222	40.5686111111,29.2083333333	40.6208333333,29.1333333333	40.6858333333,29.0422222222	40.8094444444,29.0180555556	41.0319444444,29.6341666667	40.985,29.9022222222	40.7833333333,29.7	40.7416666667,29.5166666667	40.675,29.5583333333	40.7,29.75	40.6333333333,29.8166666667	40.6333333333,29.9641666667	40.575,29.9611111111	40.4836111111,29.9572222222
355	365	1504234800	1504299599	5	40.9372222222,28.3266666667	40.6419444444,28.2825	40.6413888889,28.1208333333	40.8161111111,28.0847222222	40.9372222222,28.3266666667
355	365	1504234800	1504299599	10	40.6419444444,28.2825	40.6419444444,28.4619444444	40.5566666667,28.5861111111	40.5119444444,28.6511111111	40.4741666667,28.7047222222	40.3383333333,28.8975	40.2655555556,28.9994444444	39.8988888889,28.9994444444	39.9394444444,28.1833333333	40.6419444444,28.2825
355	365	1504234800	1504299599	43	42.0166666667,28.4833333333	41.4786111111,28.4041666667	40.9372222222,28.3266666667	40.8161111111,28.0847222222	40.6413888889,28.1208333333	40.6416666667,27.95	40.2166666667,27.5333333333	39.85,27.5333333333	39.4988888889,27.2244444444	39.3930555556,26.8833333333	39.2827777778,26.5316666667	39.3322222222,26.4994444444	39.4166666667,26.4333333333	39.4333333333,26.3666666667	39.3666666667,26.15	39.45,25.8833333333	39.9044444444,25.6194444444	40.1,25.5583333333	40.3833333333,25.9166666667	40.5,25.8833333333	40.5666666667,25.9	40.6666666667,25.9	40.8822222222,26.2494444444	40.95,26.3166666667	41.0666666667,26.2916666667	41.25,26.3166666667	41.3333333333,26.6	41.6333333333,26.55	41.7333333333,26.3	41.8716666667,26.5683333333	41.9833333333,26.6166666667	41.9711111111,26.7663888889	42.0408333333,27.0083333333	42.0833333333,27.1333333333	42.0655555556,27.2161111111	42.0666666667,27.2833333333	41.9886111111,27.4183333333	41.9019444444,27.5694444444	41.9666666667,27.7769444444	41.9966666667,27.8513888889	41.9822222222,28.0011111111	41.9833333333,28.3166666667	42.0166666667,28.4833333333
355	365	1504234800	1504299599	10	40.9613888889,28.8105555556	40.8094444444,29.0180555556	40.6858333333,29.0422222222	40.6208333333,29.1333333333	40.5686111111,29.2083333333	40.4944444444,29.2061111111	40.4741666667,29.1661111111	40.3383333333,28.8975	40.4741666667,28.7047222222	40.9613888889,28.8105555556
355	365	1504234800	1504299599	8	41.4730555556,28.9780555556	41.4694444444,29.37	41.2811111111,29.8391666667	41.1077777778,29.5888888889	41.0319444444,29.6341666667	40.8094444444,29.0180555556	40.9613888889,28.8105555556	41.4730555556,28.9780555556
355	365	1504234800	1504299599	6	42.21,29.265	42.3202777778,29.5347222222	40.9988888889,30.9994444444	40.8655555556,30.6661111111	41.0666666667,30.6333333333	42.21,29.265
355	365	1504234800	1504299599	10	39.5213888889,30.3763888889	39.4988888889,30.2661111111	39.46,30.1244444444	39.4291666667,30.0544444444	39.4616666667,29.6219444444	39.3541666667,29.35	39.3972222222,29.2686111111	39.4672222222,29.2311111111	39.8233333333,30.0625	39.5213888889,30.3763888889
355	365	1504234800	1504299599	5	39.8988888889,28.9994444444	39.9155555556,29.9327777778	39.8233333333,30.0625	39.4672222222,29.2311111111	39.8988888889,28.9994444444
355	365	1504234800	1504299599	5	40.9716666667,29.9794444444	40.8655555556,30.6661111111	40.6333333333,30.6333333333	40.6333333333,29.9641666667	40.9716666667,29.9794444444
355	365	1504234800	1504299599	8	40.6416666667,27.95	40.6413888889,28.1208333333	40.6419444444,28.2825	39.9394444444,28.1833333333	39.8655555556,27.9952777778	39.85,27.5333333333	40.2166666667,27.5333333333	40.6416666667,27.95
355	365	1504234800	1504299599	16	40.8655555556,30.6661111111	40.6313888889,30.7113888889	40.3133333333,30.7722222222	40.1408333333,30.4075	39.9155555556,29.9327777778	39.8988888889,28.9994444444	40.2655555556,28.9994444444	40.3383333333,28.8975	40.4741666667,29.1661111111	40.4944444444,29.2061111111	40.5686111111,29.2083333333	40.4836111111,29.9572222222	40.575,29.9611111111	40.6333333333,29.9641666667	40.6333333333,30.6333333333	40.8655555556,30.6661111111
355	365	1504234800	1504299599	11	42.0166666667,28.4833333333	42.0822222222,28.7661111111	42.1166666667,29.0	41.4730555556,28.9780555556	41.4763888889,28.6355555556	41.1722222222,28.6202777778	41.0072222222,28.74	40.9786111111,28.4080555556	40.9372222222,28.3266666667	41.4786111111,28.4041666667	42.0166666667,28.4833333333
355	365	1504234800	1504299599	8	39.9155555556,29.9327777778	40.1408333333,30.4075	40.075,30.7705555556	39.65,30.7666666667	39.5469444444,30.5008333333	39.5213888889,30.3763888889	39.8233333333,30.0625	39.9155555556,29.9327777778
355	365	1504234800	1504299599	6	41.0666666667,29.9833333333	41.0666666667,30.6333333333	40.8655555556,30.6661111111	40.9716666667,29.9794444444	40.985,29.9022222222	41.0666666667,29.9833333333
355	365	1504234800	1504299599	6	41.4763888889,28.6355555556	41.4730555556,28.9780555556	40.9613888889,28.8105555556	41.0072222222,28.74	41.1722222222,28.6202777778	41.4763888889,28.6355555556
355	365	1504234800	1504299599	9	40.985,29.9022222222	40.9716666667,29.9794444444	40.6333333333,29.9641666667	40.6333333333,29.8166666667	40.7,29.75	40.675,29.5583333333	40.7416666667,29.5166666667	40.7833333333,29.7	40.985,29.9022222222
355	365	1504234800	1504299599	12	42.1166666667,29.0	42.1705555556,29.1427777778	42.21,29.265	41.0666666667,30.6333333333	41.0666666667,29.9833333333	40.985,29.9022222222	41.0319444444,29.6341666667	41.1077777778,29.5888888889	41.2811111111,29.8391666667	41.4694444444,29.37	41.4730555556,28.9780555556	42.1166666667,29.0
