48
325	335	1504224000	1504310399	16	39.85,27.5333333333	39.5097222222,27.5333333333	39.4413888889,27.6016666667	39.1866666667,27.8494444444	39.0863888889,27.8911111111	39.0833333333,29.0	38.6313888889,29.1197222222	38.0711111111,29.3252777778	37.6908333333,28.7319444444	37.4783333333,28.405	37.4863888889,28.165	37.6344444444,27.9986111111	38.5,28.1666666667	38.8344444444,27.8525	39.2747222222,27.4369444444	39.85,27.5333333333
325	335	1504224000	1504310399	8	38.0772222222,29.5458333333	38.1319444444,29.9844444444	38.1236111111,30.0019444444	37.9036111111,30.0	37.8119444444,29.9247222222	37.6016666667,29.8797222222	37.6861111111,29.4636111111	38.0772222222,29.5458333333
325	335	1504224000	1504310399	8	37.6016666667,29.8797222222	37.5786111111,29.9941666667	37.4322222222,29.9994444444	37.23,29.9994444444	37.1108333333,29.9227777778	36.9580555556,29.965	36.9583333333,29.7430555556	37.6016666667,29.8797222222
325	335	1504224000	1504310399	6	37.6908333333,28.7319444444	37.2883333333,29.4894444444	36.9583333333,29.7430555556	37.3977777778,28.4380555556	37.4783333333,28.405	37.6908333333,28.7319444444
325	335	1504224000	1504310399	12	39.85,27.5333333333	39.8655555556,27.9952777778	39.9394444444,28.1833333333	39.8988888889,28.9994444444	39.5316666667,29.0	39.4961111111,29.0	39.0833333333,29.0	39.0863888889,27.8911111111	39.1866666667,27.8494444444	39.4413888889,27.6016666667	39.5097222222,27.5333333333	39.85,27.5333333333
325	335	1504224000	1504310399	5	37.9036111111,30.0	37.5786111111,29.9941666667	37.6016666667,29.8797222222	37.8119444444,29.9247222222	37.9036111111,30.0
325	335	1504224000	1504310399	22	39.8988888889,28.9994444444	39.4672222222,29.2311111111	39.3972222222,29.2686111111	39.3541666667,29.35	39.2594444444,29.3666666667	39.1394444444,29.3875	38.6655555556,29.4702777778	38.1522222222,30.0019444444	38.1236111111,30.0019444444	38.1319444444,29.9844444444	38.0772222222,29.5458333333	37.6861111111,29.4636111111	37.6016666667,29.8797222222	36.9583333333,29.7430555556	37.2883333333,29.4894444444	37.6908333333,28.7319444444	38.0711111111,29.3252777778	38.6313888889,29.1197222222	39.0833333333,29.0	39.4961111111,29.0	39.5316666667,29.0	39.8988888889,28.9994444444
325	335	1504224000	1504310399	4	39.85,27.5333333333	39.2747222222,27.4369444444	39.4988888889,27.2244444444	39.85,27.5333333333
355	365	1504224000	1504310399	16	39.85,27.5333333333	39.5097222222,27.5333333333	39.4413888889,27.6016666667	39.1866666667,27.8494444444	39.0863888889,27.8911111111	39.0833333333,29.0	38.6313888889,29.1197222222	38.0711111111,29.3252777778	37.6908333333,28.7319444444	37.4783333333,28.405	37.4863888889,28.165	37.6344444444,27.9986111111	38.5,28.1666666667	38.8344444444,27.8525	39.2747222222,27.4369444444	39.85,27.5333333333
355	365	1504224000	1504310399	8	38.0772222222,29.5458333333	38.1319444444,29.9844444444	38.1236111111,30.0019444444	37.9036111111,30.0	37.8119444444,29.9247222222	37.6016666667,29.8797222222	37.6861111111,29.4636111111	38.0772222222,29.5458333333
355	365	1504224000	1504310399	8	37.6016666667,29.8797222222	37.5786111111,29.9941666667	37.4322222222,29.9994444444	37.23,29.9994444444	37.1108333333,29.9227777778	36.9580555556,29.965	36.9583333333,29.7430555556	37.6016666667,29.8797222222
355	365	1504224000	1504310399	6	37.6908333333,28.7319444444	37.2883333333,29.4894444444	36.9583333333,29.7430555556	37.3977777778,28.4380555556	37.4783333333,28.405	37.6908333333,28.7319444444
355	365	1504224000	1504310399	12	39.85,27.5333333333	39.8655555556,27.9952777778	39.9394444444,28.1833333333	39.8988888889,28.9994444444	39.5316666667,29.0	39.4961111111,29.0	39.0833333333,29.0	39.0863888889,27.8911111111	39.1866666667,27.8494444444	39.4413888889,27.6016666667	39.5097222222,27.5333333333	39.85,27.5333333333
355	365	1504224000	1504310399	5	37.9036111111,30.0	37.5786111111,29.9941666667	37.6016666667,29.8797222222	37.8119444444,29.9247222222	37.9036111111,30.0
355	365	1504224000	1504310399	22	39.8988888889,28.9994444444	39.4672222222,29.2311111111	39.3972222222,29.2686111111	39.3541666667,29.35	39.2594444444,29.3666666667	39.1394444444,29.3875	38.6655555556,29.4702777778	38.1522222222,30.0019444444	38.1236111111,30.0019444444	38.1319444444,29.9844444444	38.0772222222,29.5458333333	37.6861111111,29.4636111111	37.6016666667,29.8797222222	36.9583333333,29.7430555556	37.2883333333,29.4894444444	37.6908333333,28.7319444444	38.0711111111,29.3252777778	38.6313888889,29.1197222222	39.0833333333,29.0	39.4961111111,29.0	39.5316666667,29.0	39.8988888889,28.9994444444
355	365	1504224000	1504310399	4	39.85,27.5333333333	39.2747222222,27.4369444444	39.4988888889,27.2244444444	39.85,27.5333333333
210	325	1504224000	1504310399	8	38.0772222222,29.5458333333	38.1319444444,29.9844444444	38.1236111111,30.0019444444	37.9036111111,30.0	37.8119444444,29.9247222222	37.6016666667,29.8797222222	37.6861111111,29.4636111111	38.0772222222,29.5458333333
335	345	1504224000	1504310399	16	39.85,27.5333333333	39.5097222222,27.5333333333	39.4413888889,27.6016666667	39.1866666667,27.8494444444	39.0863888889,27.8911111111	39.0833333333,29.0	38.6313888889,29.1197222222	38.0711111111,29.3252777778	37.6908333333,28.7319444444	37.4783333333,28.405	37.4863888889,28.165	37.6344444444,27.9986111111	38.5,28.1666666667	38.8344444444,27.8525	39.2747222222,27.4369444444	39.85,27.5333333333
335	345	1504224000	1504310399	8	38.0772222222,29.5458333333	38.1319444444,29.9844444444	38.1236111111,30.0019444444	37.9036111111,30.0	37.8119444444,29.9247222222	37.6016666667,29.8797222222	37.6861111111,29.4636111111	38.0772222222,29.5458333333
335	345	1504224000	1504310399	8	37.6016666667,29.8797222222	37.5786111111,29.9941666667	37.4322222222,29.9994444444	37.23,29.9994444444	37.1108333333,29.9227777778	36.9580555556,29.965	36.9583333333,29.7430555556	37.6016666667,29.8797222222
335	345	1504224000	1504310399	6	37.6908333333,28.7319444444	37.2883333333,29.4894444444	36.9583333333,29.7430555556	37.3977777778,28.4380555556	37.4783333333,28.405	37.6908333333,28.7319444444
335	345	1504224000	1504310399	12	39.85,27.5333333333	39.8655555556,27.9952777778	39.9394444444,28.1833333333	39.8988888889,28.9994444444	39.5316666667,29.0	39.4961111111,29.0	39.0833333333,29.0	39.0863888889,27.8911111111	39.1866666667,27.8494444444	39.4413888889,27.6016666667	39.5097222222,27.5333333333	39.85,27.5333333333
335	345	1504224000	1504310399	5	37.9036111111,30.0	37.5786111111,29.9941666667	37.6016666667,29.8797222222	37.8119444444,29.9247222222	37.9036111111,30.0
335	345	1504224000	1504310399	22	39.8988888889,28.9994444444	39.4672222222,29.2311111111	39.3972222222,29.2686111111	39.3541666667,29.35	39.2594444444,29.3666666667	39.1394444444,29.3875	38.6655555556,29.4702777778	38.1522222222,30.0019444444	38.1236111111,30.0019444444	38.1319444444,29.9844444444	38.0772222222,29.5458333333	37.6861111111,29.4636111111	37.6016666667,29.8797222222	36.9583333333,29.7430555556	37.2883333333,29.4894444444	37.6908333333,28.7319444444	38.0711111111,29.3252777778	38.6313888889,29.1197222222	39.0833333333,29.0	39.4961111111,29.0	39.5316666667,29.0	39.8988888889,28.9994444444
335	345	1504224000	1504310399	4	39.85,27.5333333333	39.2747222222,27.4369444444	39.4988888889,27.2244444444	39.85,27.5333333333
275	325	1504224000	1504310399	12	39.85,27.5333333333	39.8655555556,27.9952777778	39.9394444444,28.1833333333	39.8988888889,28.9994444444	39.5316666667,29.0	39.4961111111,29.0	39.0833333333,29.0	39.0863888889,27.8911111111	39.1866666667,27.8494444444	39.4413888889,27.6016666667	39.5097222222,27.5333333333	39.85,27.5333333333
365	999	1504224000	1504310399	16	39.85,27.5333333333	39.5097222222,27.5333333333	39.4413888889,27.6016666667	39.1866666667,27.8494444444	39.0863888889,27.8911111111	39.0833333333,29.0	38.6313888889,29.1197222222	38.0711111111,29.3252777778	37.6908333333,28.7319444444	37.4783333333,28.405	37.4863888889,28.165	37.6344444444,27.9986111111	38.5,28.1666666667	38.8344444444,27.8525	39.2747222222,27.4369444444	39.85,27.5333333333
365	999	1504224000	1504310399	8	38.0772222222,29.5458333333	38.1319444444,29.9844444444	38.1236111111,30.0019444444	37.9036111111,30.0	37.8119444444,29.9247222222	37.6016666667,29.8797222222	37.6861111111,29.4636111111	38.0772222222,29.5458333333
365	999	1504224000	1504310399	8	37.6016666667,29.8797222222	37.5786111111,29.9941666667	37.4322222222,29.9994444444	37.23,29.9994444444	37.1108333333,29.9227777778	36.9580555556,29.965	36.9583333333,29.7430555556	37.6016666667,29.8797222222
365	999	1504224000	1504310399	6	37.6908333333,28.7319444444	37.2883333333,29.4894444444	36.9583333333,29.7430555556	37.3977777778,28.4380555556	37.4783333333,28.405	37.6908333333,28.7319444444
365	999	1504224000	1504310399	12	39.85,27.5333333333	39.8655555556,27.9952777778	39.9394444444,28.1833333333	39.8988888889,28.9994444444	39.5316666667,29.0	39.4961111111,29.0	39.0833333333,29.0	39.0863888889,27.8911111111	39.1866666667,27.8494444444	39.4413888889,27.6016666667	39.5097222222,27.5333333333	39.85,27.5333333333
365	999	1504224000	1504310399	5	37.9036111111,30.0	37.5786111111,29.9941666667	37.6016666667,29.8797222222	37.8119444444,29.9247222222	37.9036111111,30.0
365	999	1504224000	1504310399	22	39.8988888889,28.9994444444	39.4672222222,29.2311111111	39.3972222222,29.2686111111	39.3541666667,29.35	39.2594444444,29.3666666667	39.1394444444,29.3875	38.6655555556,29.4702777778	38.1522222222,30.0019444444	38.1236111111,30.0019444444	38.1319444444,29.9844444444	38.0772222222,29.5458333333	37.6861111111,29.4636111111	37.6016666667,29.8797222222	36.9583333333,29.7430555556	37.2883333333,29.4894444444	37.6908333333,28.7319444444	38.0711111111,29.3252777778	38.6313888889,29.1197222222	39.0833333333,29.0	39.4961111111,29.0	39.5316666667,29.0	39.8988888889,28.9994444444
365	999	1504224000	1504310399	4	39.85,27.5333333333	39.2747222222,27.4369444444	39.4988888889,27.2244444444	39.85,27.5333333333
0	325	1504224000	1504310399	22	39.8988888889,28.9994444444	39.4672222222,29.2311111111	39.3972222222,29.2686111111	39.3541666667,29.35	39.2594444444,29.3666666667	39.1394444444,29.3875	38.6655555556,29.4702777778	38.1522222222,30.0019444444	38.1236111111,30.0019444444	38.1319444444,29.9844444444	38.0772222222,29.5458333333	37.6861111111,29.4636111111	37.6016666667,29.8797222222	36.9583333333,29.7430555556	37.2883333333,29.4894444444	37.6908333333,28.7319444444	38.0711111111,29.3252777778	38.6313888889,29.1197222222	39.0833333333,29.0	39.4961111111,29.0	39.5316666667,29.0	39.8988888889,28.9994444444
245	325	1504224000	1504310399	16	39.85,27.5333333333	39.5097222222,27.5333333333	39.4413888889,27.6016666667	39.1866666667,27.8494444444	39.0863888889,27.8911111111	39.0833333333,29.0	38.6313888889,29.1197222222	38.0711111111,29.3252777778	37.6908333333,28.7319444444	37.4783333333,28.405	37.4863888889,28.165	37.6344444444,27.9986111111	38.5,28.1666666667	38.8344444444,27.8525	39.2747222222,27.4369444444	39.85,27.5333333333
245	325	1504224000	1504310399	6	37.6908333333,28.7319444444	37.2883333333,29.4894444444	36.9583333333,29.7430555556	37.3977777778,28.4380555556	37.4783333333,28.405	37.6908333333,28.7319444444
245	325	1504224000	1504310399	8	37.6016666667,29.8797222222	37.5786111111,29.9941666667	37.4322222222,29.9994444444	37.23,29.9994444444	37.1108333333,29.9227777778	36.9580555556,29.965	36.9583333333,29.7430555556	37.6016666667,29.8797222222
245	325	1504224000	1504310399	5	37.9036111111,30.0	37.5786111111,29.9941666667	37.6016666667,29.8797222222	37.8119444444,29.9247222222	37.9036111111,30.0
245	325	1504224000	1504310399	4	39.85,27.5333333333	39.2747222222,27.4369444444	39.4988888889,27.2244444444	39.85,27.5333333333
345	355	1504224000	1504310399	16	39.85,27.5333333333	39.5097222222,27.5333333333	39.4413888889,27.6016666667	39.1866666667,27.8494444444	39.0863888889,27.8911111111	39.0833333333,29.0	38.6313888889,29.1197222222	38.0711111111,29.3252777778	37.6908333333,28.7319444444	37.4783333333,28.405	37.4863888889,28.165	37.6344444444,27.9986111111	38.5,28.1666666667	38.8344444444,27.8525	39.2747222222,27.4369444444	39.85,27.5333333333
345	355	1504224000	1504310399	8	38.0772222222,29.5458333333	38.1319444444,29.9844444444	38.1236111111,30.0019444444	37.9036111111,30.0	37.8119444444,29.9247222222	37.6016666667,29.8797222222	37.6861111111,29.4636111111	38.0772222222,29.5458333333
345	355	1504224000	1504310399	8	37.6016666667,29.8797222222	37.5786111111,29.9941666667	37.4322222222,29.9994444444	37.23,29.9994444444	37.1108333333,29.9227777778	36.9580555556,29.965	36.9583333333,29.7430555556	37.6016666667,29.8797222222
345	355	1504224000	1504310399	6	37.6908333333,28.7319444444	37.2883333333,29.4894444444	36.9583333333,29.7430555556	37.3977777778,28.4380555556	37.4783333333,28.405	37.6908333333,28.7319444444
345	355	1504224000	1504310399	12	39.85,27.5333333333	39.8655555556,27.9952777778	39.9394444444,28.1833333333	39.8988888889,28.9994444444	39.5316666667,29.0	39.4961111111,29.0	39.0833333333,29.0	39.0863888889,27.8911111111	39.1866666667,27.8494444444	39.4413888889,27.6016666667	39.5097222222,27.5333333333	39.85,27.5333333333
345	355	1504224000	1504310399	5	37.9036111111,30.0	37.5786111111,29.9941666667	37.6016666667,29.8797222222	37.8119444444,29.9247222222	37.9036111111,30.0
345	355	1504224000	1504310399	22	39.8988888889,28.9994444444	39.4672222222,29.2311111111	39.3972222222,29.2686111111	39.3541666667,29.35	39.2594444444,29.3666666667	39.1394444444,29.3875	38.6655555556,29.4702777778	38.1522222222,30.0019444444	38.1236111111,30.0019444444	38.1319444444,29.9844444444	38.0772222222,29.5458333333	37.6861111111,29.4636111111	37.6016666667,29.8797222222	36.9583333333,29.7430555556	37.2883333333,29.4894444444	37.6908333333,28.7319444444	38.0711111111,29.3252777778	38.6313888889,29.1197222222	39.0833333333,29.0	39.4961111111,29.0	39.5316666667,29.0	39.8988888889,28.9994444444
345	355	1504224000	1504310399	4	39.85,27.5333333333	39.2747222222,27.4369444444	39.4988888889,27.2244444444	39.85,27.5333333333
