35
355	365	1504224000	1504310399	22	36.5333333333,28.2083333333	36.6175,28.1855555556	36.7027777778,28.1680555556	36.8111111111,28.1736111111	36.9261111111,28.2230555556	37.0786111111,28.3677777778	37.1208333333,28.3952777778	37.2391666667,28.4713888889	37.3977777778,28.4380555556	36.9583333333,29.7430555556	36.8,29.7544444444	36.7108333333,29.7613888889	36.0752777778,29.8091666667	36.0833333333,29.7083333333	36.1436111111,29.5772222222	36.1716666667,29.5	36.1833333333,29.3166666667	36.0833333333,29.25	36.2166666667,28.8166666667	36.3833333333,28.55	36.55,28.4833333333	36.5333333333,28.2083333333
355	365	1504224000	1504310399	21	37.65,26.9741666667	37.5,27.7119444444	37.4863888889,28.165	37.4783333333,28.405	37.3977777778,28.4380555556	37.2391666667,28.4713888889	37.1208333333,28.3952777778	37.0786111111,28.3677777778	36.9261111111,28.2230555556	36.8111111111,28.1736111111	36.7027777778,28.1680555556	36.6175,28.1855555556	36.5333333333,28.2083333333	36.4833333333,28.05	36.4947222222,27.9952777778	36.6666666667,27.9166666667	36.7,27.8666666667	36.9513888889,27.6097222222	37.4333333333,27.1166666667	37.625,26.9833333333	37.65,26.9741666667
355	365	1504224000	1504310399	22	39.2827777778,26.5316666667	39.3930555556,26.8833333333	39.4988888889,27.2244444444	39.2747222222,27.4369444444	38.8344444444,27.8525	38.7438888889,27.4363888889	38.7863888889,27.0594444444	38.6436111111,26.7161111111	38.25,26.8083333333	37.9586111111,26.8738888889	37.9822222222,26.5244444444	38.1072222222,26.2994444444	38.1666666667,26.25	38.2452777778,26.1669444444	38.3488888889,26.1994444444	38.4833333333,26.3	38.6,26.3166666667	38.8333333333,26.4333333333	38.8833333333,26.6333333333	39.0,26.75	39.2641666667,26.5272222222	39.2827777778,26.5316666667
355	365	1504224000	1504310399	9	37.8427777778,27.0444444444	37.8013888889,27.2844444444	37.9366666667,27.6130555556	37.6344444444,27.9986111111	37.4863888889,28.165	37.5,27.7119444444	37.65,26.9741666667	37.7,27.0833333333	37.8427777778,27.0444444444
355	365	1504224000	1504310399	7	38.7438888889,27.4363888889	38.8344444444,27.8525	38.5,28.1666666667	37.6344444444,27.9986111111	37.9366666667,27.6130555556	38.3333333333,27.525	38.7438888889,27.4363888889
355	365	1504224000	1504310399	12	38.6436111111,26.7161111111	38.7863888889,27.0594444444	38.7438888889,27.4363888889	38.3333333333,27.525	37.9366666667,27.6130555556	37.8013888889,27.2844444444	37.8427777778,27.0444444444	37.8833333333,27.0333333333	37.95,27.0	37.9586111111,26.8738888889	38.25,26.8083333333	38.6436111111,26.7161111111
365	999	1504224000	1504310399	9	37.8427777778,27.0444444444	37.8013888889,27.2844444444	37.9366666667,27.6130555556	37.6344444444,27.9986111111	37.4863888889,28.165	37.5,27.7119444444	37.65,26.9741666667	37.7,27.0833333333	37.8427777778,27.0444444444
365	999	1504224000	1504310399	7	38.7438888889,27.4363888889	38.8344444444,27.8525	38.5,28.1666666667	37.6344444444,27.9986111111	37.9366666667,27.6130555556	38.3333333333,27.525	38.7438888889,27.4363888889
365	999	1504224000	1504310399	26	37.4863888889,28.165	37.4783333333,28.405	37.3977777778,28.4380555556	36.9583333333,29.7430555556	36.8,29.7544444444	36.7108333333,29.7613888889	36.0752777778,29.8091666667	36.0833333333,29.7083333333	36.1436111111,29.5772222222	36.1716666667,29.5	36.1833333333,29.3166666667	36.0833333333,29.25	36.2166666667,28.8166666667	36.3833333333,28.55	36.55,28.4833333333	36.5333333333,28.2083333333	36.4833333333,28.05	36.4947222222,27.9952777778	36.6666666667,27.9166666667	36.7,27.8666666667	36.9513888889,27.6097222222	37.4333333333,27.1166666667	37.625,26.9833333333	37.65,26.9741666667	37.5,27.7119444444	37.4863888889,28.165
365	999	1504224000	1504310399	12	38.6436111111,26.7161111111	38.7863888889,27.0594444444	38.7438888889,27.4363888889	38.3333333333,27.525	37.9366666667,27.6130555556	37.8013888889,27.2844444444	37.8427777778,27.0444444444	37.8833333333,27.0333333333	37.95,27.0	37.9586111111,26.8738888889	38.25,26.8083333333	38.6436111111,26.7161111111
365	999	1504224000	1504310399	22	39.2827777778,26.5316666667	39.3930555556,26.8833333333	39.4988888889,27.2244444444	39.2747222222,27.4369444444	38.8344444444,27.8525	38.7438888889,27.4363888889	38.7863888889,27.0594444444	38.6436111111,26.7161111111	38.25,26.8083333333	37.9586111111,26.8738888889	37.9822222222,26.5244444444	38.1072222222,26.2994444444	38.1666666667,26.25	38.2452777778,26.1669444444	38.3488888889,26.1994444444	38.4833333333,26.3	38.6,26.3166666667	38.8333333333,26.4333333333	38.8833333333,26.6333333333	39.0,26.75	39.2641666667,26.5272222222	39.2827777778,26.5316666667
335	345	1504224000	1504310399	9	37.8427777778,27.0444444444	37.8013888889,27.2844444444	37.9366666667,27.6130555556	37.6344444444,27.9986111111	37.4863888889,28.165	37.5,27.7119444444	37.65,26.9741666667	37.7,27.0833333333	37.8427777778,27.0444444444
335	345	1504224000	1504310399	21	37.65,26.9741666667	37.5,27.7119444444	37.4863888889,28.165	37.4783333333,28.405	37.3977777778,28.4380555556	37.2391666667,28.4713888889	37.1208333333,28.3952777778	37.0786111111,28.3677777778	36.9261111111,28.2230555556	36.8111111111,28.1736111111	36.7027777778,28.1680555556	36.6175,28.1855555556	36.5333333333,28.2083333333	36.4833333333,28.05	36.4947222222,27.9952777778	36.6666666667,27.9166666667	36.7,27.8666666667	36.9513888889,27.6097222222	37.4333333333,27.1166666667	37.625,26.9833333333	37.65,26.9741666667
335	345	1504224000	1504310399	22	39.2827777778,26.5316666667	39.3930555556,26.8833333333	39.4988888889,27.2244444444	39.2747222222,27.4369444444	38.8344444444,27.8525	38.7438888889,27.4363888889	38.7863888889,27.0594444444	38.6436111111,26.7161111111	38.25,26.8083333333	37.9586111111,26.8738888889	37.9822222222,26.5244444444	38.1072222222,26.2994444444	38.1666666667,26.25	38.2452777778,26.1669444444	38.3488888889,26.1994444444	38.4833333333,26.3	38.6,26.3166666667	38.8333333333,26.4333333333	38.8833333333,26.6333333333	39.0,26.75	39.2641666667,26.5272222222	39.2827777778,26.5316666667
335	345	1504224000	1504310399	22	36.5333333333,28.2083333333	36.6175,28.1855555556	36.7027777778,28.1680555556	36.8111111111,28.1736111111	36.9261111111,28.2230555556	37.0786111111,28.3677777778	37.1208333333,28.3952777778	37.2391666667,28.4713888889	37.3977777778,28.4380555556	36.9583333333,29.7430555556	36.8,29.7544444444	36.7108333333,29.7613888889	36.0752777778,29.8091666667	36.0833333333,29.7083333333	36.1436111111,29.5772222222	36.1716666667,29.5	36.1833333333,29.3166666667	36.0833333333,29.25	36.2166666667,28.8166666667	36.3833333333,28.55	36.55,28.4833333333	36.5333333333,28.2083333333
335	345	1504224000	1504310399	7	38.7438888889,27.4363888889	38.8344444444,27.8525	38.5,28.1666666667	37.6344444444,27.9986111111	37.9366666667,27.6130555556	38.3333333333,27.525	38.7438888889,27.4363888889
335	345	1504224000	1504310399	12	38.6436111111,26.7161111111	38.7863888889,27.0594444444	38.7438888889,27.4363888889	38.3333333333,27.525	37.9366666667,27.6130555556	37.8013888889,27.2844444444	37.8427777778,27.0444444444	37.8833333333,27.0333333333	37.95,27.0	37.9586111111,26.8738888889	38.25,26.8083333333	38.6436111111,26.7161111111
325	335	1504224000	1504310399	9	37.8427777778,27.0444444444	37.8013888889,27.2844444444	37.9366666667,27.6130555556	37.6344444444,27.9986111111	37.4863888889,28.165	37.5,27.7119444444	37.65,26.9741666667	37.7,27.0833333333	37.8427777778,27.0444444444
325	335	1504224000	1504310399	21	37.65,26.9741666667	37.5,27.7119444444	37.4863888889,28.165	37.4783333333,28.405	37.3977777778,28.4380555556	37.2391666667,28.4713888889	37.1208333333,28.3952777778	37.0786111111,28.3677777778	36.9261111111,28.2230555556	36.8111111111,28.1736111111	36.7027777778,28.1680555556	36.6175,28.1855555556	36.5333333333,28.2083333333	36.4833333333,28.05	36.4947222222,27.9952777778	36.6666666667,27.9166666667	36.7,27.8666666667	36.9513888889,27.6097222222	37.4333333333,27.1166666667	37.625,26.9833333333	37.65,26.9741666667
325	335	1504224000	1504310399	22	39.2827777778,26.5316666667	39.3930555556,26.8833333333	39.4988888889,27.2244444444	39.2747222222,27.4369444444	38.8344444444,27.8525	38.7438888889,27.4363888889	38.7863888889,27.0594444444	38.6436111111,26.7161111111	38.25,26.8083333333	37.9586111111,26.8738888889	37.9822222222,26.5244444444	38.1072222222,26.2994444444	38.1666666667,26.25	38.2452777778,26.1669444444	38.3488888889,26.1994444444	38.4833333333,26.3	38.6,26.3166666667	38.8333333333,26.4333333333	38.8833333333,26.6333333333	39.0,26.75	39.2641666667,26.5272222222	39.2827777778,26.5316666667
325	335	1504224000	1504310399	22	36.5333333333,28.2083333333	36.6175,28.1855555556	36.7027777778,28.1680555556	36.8111111111,28.1736111111	36.9261111111,28.2230555556	37.0786111111,28.3677777778	37.1208333333,28.3952777778	37.2391666667,28.4713888889	37.3977777778,28.4380555556	36.9583333333,29.7430555556	36.8,29.7544444444	36.7108333333,29.7613888889	36.0752777778,29.8091666667	36.0833333333,29.7083333333	36.1436111111,29.5772222222	36.1716666667,29.5	36.1833333333,29.3166666667	36.0833333333,29.25	36.2166666667,28.8166666667	36.3833333333,28.55	36.55,28.4833333333	36.5333333333,28.2083333333
325	335	1504224000	1504310399	7	38.7438888889,27.4363888889	38.8344444444,27.8525	38.5,28.1666666667	37.6344444444,27.9986111111	37.9366666667,27.6130555556	38.3333333333,27.525	38.7438888889,27.4363888889
325	335	1504224000	1504310399	12	38.6436111111,26.7161111111	38.7863888889,27.0594444444	38.7438888889,27.4363888889	38.3333333333,27.525	37.9366666667,27.6130555556	37.8013888889,27.2844444444	37.8427777778,27.0444444444	37.8833333333,27.0333333333	37.95,27.0	37.9586111111,26.8738888889	38.25,26.8083333333	38.6436111111,26.7161111111
245	325	1504224000	1504310399	9	37.8427777778,27.0444444444	37.8013888889,27.2844444444	37.9366666667,27.6130555556	37.6344444444,27.9986111111	37.4863888889,28.165	37.5,27.7119444444	37.65,26.9741666667	37.7,27.0833333333	37.8427777778,27.0444444444
245	325	1504224000	1504310399	21	37.65,26.9741666667	37.5,27.7119444444	37.4863888889,28.165	37.4783333333,28.405	37.3977777778,28.4380555556	37.2391666667,28.4713888889	37.1208333333,28.3952777778	37.0786111111,28.3677777778	36.9261111111,28.2230555556	36.8111111111,28.1736111111	36.7027777778,28.1680555556	36.6175,28.1855555556	36.5333333333,28.2083333333	36.4833333333,28.05	36.4947222222,27.9952777778	36.6666666667,27.9166666667	36.7,27.8666666667	36.9513888889,27.6097222222	37.4333333333,27.1166666667	37.625,26.9833333333	37.65,26.9741666667
245	325	1504224000	1504310399	22	39.2827777778,26.5316666667	39.3930555556,26.8833333333	39.4988888889,27.2244444444	39.2747222222,27.4369444444	38.8344444444,27.8525	38.7438888889,27.4363888889	38.7863888889,27.0594444444	38.6436111111,26.7161111111	38.25,26.8083333333	37.9586111111,26.8738888889	37.9822222222,26.5244444444	38.1072222222,26.2994444444	38.1666666667,26.25	38.2452777778,26.1669444444	38.3488888889,26.1994444444	38.4833333333,26.3	38.6,26.3166666667	38.8333333333,26.4333333333	38.8833333333,26.6333333333	39.0,26.75	39.2641666667,26.5272222222	39.2827777778,26.5316666667
245	325	1504224000	1504310399	22	36.5333333333,28.2083333333	36.6175,28.1855555556	36.7027777778,28.1680555556	36.8111111111,28.1736111111	36.9261111111,28.2230555556	37.0786111111,28.3677777778	37.1208333333,28.3952777778	37.2391666667,28.4713888889	37.3977777778,28.4380555556	36.9583333333,29.7430555556	36.8,29.7544444444	36.7108333333,29.7613888889	36.0752777778,29.8091666667	36.0833333333,29.7083333333	36.1436111111,29.5772222222	36.1716666667,29.5	36.1833333333,29.3166666667	36.0833333333,29.25	36.2166666667,28.8166666667	36.3833333333,28.55	36.55,28.4833333333	36.5333333333,28.2083333333
245	325	1504224000	1504310399	7	38.7438888889,27.4363888889	38.8344444444,27.8525	38.5,28.1666666667	37.6344444444,27.9986111111	37.9366666667,27.6130555556	38.3333333333,27.525	38.7438888889,27.4363888889
245	325	1504224000	1504310399	12	38.6436111111,26.7161111111	38.7863888889,27.0594444444	38.7438888889,27.4363888889	38.3333333333,27.525	37.9366666667,27.6130555556	37.8013888889,27.2844444444	37.8427777778,27.0444444444	37.8833333333,27.0333333333	37.95,27.0	37.9586111111,26.8738888889	38.25,26.8083333333	38.6436111111,26.7161111111
345	355	1504224000	1504310399	9	37.8427777778,27.0444444444	37.8013888889,27.2844444444	37.9366666667,27.6130555556	37.6344444444,27.9986111111	37.4863888889,28.165	37.5,27.7119444444	37.65,26.9741666667	37.7,27.0833333333	37.8427777778,27.0444444444
345	355	1504224000	1504310399	21	37.65,26.9741666667	37.5,27.7119444444	37.4863888889,28.165	37.4783333333,28.405	37.3977777778,28.4380555556	37.2391666667,28.4713888889	37.1208333333,28.3952777778	37.0786111111,28.3677777778	36.9261111111,28.2230555556	36.8111111111,28.1736111111	36.7027777778,28.1680555556	36.6175,28.1855555556	36.5333333333,28.2083333333	36.4833333333,28.05	36.4947222222,27.9952777778	36.6666666667,27.9166666667	36.7,27.8666666667	36.9513888889,27.6097222222	37.4333333333,27.1166666667	37.625,26.9833333333	37.65,26.9741666667
345	355	1504224000	1504310399	22	39.2827777778,26.5316666667	39.3930555556,26.8833333333	39.4988888889,27.2244444444	39.2747222222,27.4369444444	38.8344444444,27.8525	38.7438888889,27.4363888889	38.7863888889,27.0594444444	38.6436111111,26.7161111111	38.25,26.8083333333	37.9586111111,26.8738888889	37.9822222222,26.5244444444	38.1072222222,26.2994444444	38.1666666667,26.25	38.2452777778,26.1669444444	38.3488888889,26.1994444444	38.4833333333,26.3	38.6,26.3166666667	38.8333333333,26.4333333333	38.8833333333,26.6333333333	39.0,26.75	39.2641666667,26.5272222222	39.2827777778,26.5316666667
345	355	1504224000	1504310399	22	36.5333333333,28.2083333333	36.6175,28.1855555556	36.7027777778,28.1680555556	36.8111111111,28.1736111111	36.9261111111,28.2230555556	37.0786111111,28.3677777778	37.1208333333,28.3952777778	37.2391666667,28.4713888889	37.3977777778,28.4380555556	36.9583333333,29.7430555556	36.8,29.7544444444	36.7108333333,29.7613888889	36.0752777778,29.8091666667	36.0833333333,29.7083333333	36.1436111111,29.5772222222	36.1716666667,29.5	36.1833333333,29.3166666667	36.0833333333,29.25	36.2166666667,28.8166666667	36.3833333333,28.55	36.55,28.4833333333	36.5333333333,28.2083333333
345	355	1504224000	1504310399	7	38.7438888889,27.4363888889	38.8344444444,27.8525	38.5,28.1666666667	37.6344444444,27.9986111111	37.9366666667,27.6130555556	38.3333333333,27.525	38.7438888889,27.4363888889
345	355	1504224000	1504310399	12	38.6436111111,26.7161111111	38.7863888889,27.0594444444	38.7438888889,27.4363888889	38.3333333333,27.525	37.9366666667,27.6130555556	37.8013888889,27.2844444444	37.8427777778,27.0444444444	37.8833333333,27.0333333333	37.95,27.0	37.9586111111,26.8738888889	38.25,26.8083333333	38.6436111111,26.7161111111
