24
145	325	1504242000	1504259999	17	41.85,19.3666666667	41.7752777778,19.3138888889	41.5502777778,19.145	41.7375,18.6222222222	41.8655555556,18.59	41.9272222222,18.6636111111	42.0141666667,18.5269444444	42.0911111111,18.555	42.2,18.6	42.2188888889,18.5897222222	42.3377777778,18.5577777778	42.3461111111,18.5575	42.3544444444,18.5575	42.3808333333,18.5230555556	42.3902777778,18.5394444444	42.3794444444,18.5561111111	41.85,19.3666666667
145	325	1504242000	1504259999	66	42.7519444444,20.2325	42.7502777778,20.1833333333	42.7475,20.0219444444	42.5552777778,20.0791666667	42.5591666667,20.0558333333	42.5433333333,20.0161111111	42.5094444444,20.0019444444	42.5180555556,19.9408333333	42.5077777778,19.9058333333	42.4852777778,19.8966666667	42.4952777778,19.8758333333	42.4822222222,19.8677777778	42.4791666667,19.8505555556	42.4688888889,19.8216666667	42.4825,19.7916666667	42.4991666667,19.7725	42.545,19.7438888889	42.5805555556,19.7527777778	42.5908333333,19.7747222222	42.6138888889,19.7513888889	42.6363888889,19.7566666667	42.6611111111,19.7236111111	42.6558333333,19.7041666667	42.6277777778,19.6866666667	42.6286111111,19.6627777778	42.5744444444,19.6108333333	42.5411111111,19.6175	42.5341666667,19.6038888889	42.5141666667,19.5616666667	42.4936111111,19.5594444444	42.4327777778,19.4994444444	42.3908333333,19.4730555556	42.3711111111,19.4269444444	42.3497222222,19.4147222222	42.3266666667,19.4225	42.2283333333,19.335	42.18,19.2819444444	42.1022222222,19.4030555556	42.0711111111,19.3791666667	42.0330555556,19.3708333333	41.9997222222,19.3825	41.9747222222,19.3755555556	41.9666666667,19.3880555556	41.9561111111,19.3511111111	41.9405555556,19.3494444444	41.9225,19.3705555556	41.9083333333,19.3419444444	41.8852777778,19.3816666667	41.8669444444,19.3783333333	41.85,19.3666666667	42.3794444444,18.5561111111	42.3902777778,18.5394444444	42.4105555556,18.5541666667	42.4502777778,18.48	42.5,18.45	42.54,18.4383333333	42.5555555556,18.4402777778	42.5833333333,18.5530555556	42.9955555556,18.4983333333	43.0333333333,18.6666666667	43.2930555556,18.7611111111	43.3333333333,18.9166666667	43.25,19.05	43.3080555556,19.0777777778	43.3333333333,19.2166666667	42.7519444444,20.2325
145	325	1504242000	1504259999	10	43.5863888889,19.5133333333	43.4105555556,19.7902777778	43.2322222222,19.7161111111	42.8413888889,20.1683333333	42.7519444444,20.2325	43.3333333333,19.2166666667	43.5172222222,18.9441666667	43.5316666667,19.1444444444	43.5833333333,19.5	43.5863888889,19.5133333333
145	325	1504242000	1504259999	12	43.5172222222,18.9441666667	43.3333333333,19.2166666667	43.3080555556,19.0777777778	43.25,19.05	43.3333333333,18.9166666667	43.2930555556,18.7611111111	43.0333333333,18.6666666667	42.9955555556,18.4983333333	43.1427777778,18.5580555556	43.3486111111,18.6986111111	43.4772222222,18.7872222222	43.5172222222,18.9441666667
205	325	1504242000	1504259999	9	44.7130555556,19.3075	44.2444444444,20.3688888889	44.11,20.4047222222	44.1708333333,20.0566666667	44.2347222222,19.8519444444	44.3188888889,19.1311111111	44.5963888889,19.105	44.6872222222,19.2988888889	44.7130555556,19.3075
205	325	1504242000	1504259999	9	44.2444444444,20.3688888889	44.3016666667,20.5861111111	43.9713888889,21.4138888889	43.9494444444,21.4794444444	43.9783333333,21.2591666667	44.0166666667,20.9113888889	44.0944444444,20.4863888889	44.11,20.4047222222	44.2444444444,20.3688888889
205	325	1504242000	1504259999	57	45.1372222222,19.11	45.1555555556,19.2455555556	45.205,19.2922222222	45.2075,19.3186111111	45.175,19.3391666667	45.18,19.3516666667	45.1686111111,19.3694444444	45.1694444444,19.4416666667	45.1827777778,19.4494444444	45.2322222222,19.4216666667	45.2366666667,19.5816666667	45.24,19.7102777778	45.1,19.8613888889	45.0233333333,20.0	44.9333333333,20.1613888889	44.8088888889,20.4947222222	44.78,20.5713888889	44.7541666667,20.6091666667	44.7375,20.6675	44.695,20.7058333333	44.6602777778,20.7638888889	44.6583333333,20.8375	44.6655555556,20.8963888889	44.72,20.9936111111	44.7183333333,21.0688888889	44.7333333333,21.1277777778	44.7397222222,21.1519444444	44.7647222222,21.1747222222	44.8208333333,21.3286111111	44.8216666667,21.3583333333	44.7783333333,21.3975	44.7716666667,21.5333333333	44.7605555556,21.5855555556	44.6594444444,21.6291666667	44.6358333333,21.9886111111	44.5866666667,22.0291666667	43.9102777778,21.7838888889	43.9494444444,21.4794444444	43.9713888889,21.4138888889	44.3016666667,20.5861111111	44.2444444444,20.3688888889	44.7130555556,19.3075	44.8858333333,19.3641666667	44.85,19.0333333333	44.8713888889,19.0097222222	44.9108333333,19.0355555556	44.8975,19.0786111111	44.9216666667,19.0925	44.9527777778,19.1569444444	44.9797222222,19.1416666667	44.97,19.1108333333	44.9797222222,19.0811111111	45.0041666667,19.0955555556	45.0677777778,19.0711111111	45.1061111111,19.0711111111	45.1266666667,19.0775	45.1372222222,19.11
205	325	1504242000	1504259999	13	44.3188888889,19.1311111111	44.2347222222,19.8519444444	44.1708333333,20.0566666667	43.76,20.3036111111	43.7638888889,19.975	43.9666666667,19.4666666667	44.0083333333,19.6069444444	44.0458333333,19.6166666667	44.065,19.5866666667	44.0708333333,19.5602777778	44.1333333333,19.4666666667	44.185,19.365	44.3188888889,19.1311111111
205	325	1504242000	1504259999	4	43.9102777778,21.7838888889	43.8605555556,21.7652777778	43.9494444444,21.4794444444	43.9102777778,21.7838888889
205	325	1504242000	1504259999	5	44.1708333333,20.0566666667	44.11,20.4047222222	43.7583333333,20.4977777778	43.76,20.3036111111	44.1708333333,20.0566666667
205	325	1504242000	1504259999	23	45.3244444444,21.0166666667	45.2963888889,21.0961111111	45.3247222222,21.1761111111	45.2491666667,21.2191666667	45.2322222222,21.2702777778	45.24,21.3083333333	45.1552777778,21.5219444444	44.9883333333,21.4097222222	44.9291666667,21.5472222222	44.8886111111,21.5597222222	44.87,21.4813888889	44.8672222222,21.3677777778	44.8405555556,21.3519444444	44.8216666667,21.3583333333	44.8208333333,21.3286111111	44.7647222222,21.1747222222	44.7397222222,21.1519444444	44.7333333333,21.1277777778	44.9411111111,21.1263888889	45.05,21.0277777778	45.1833333333,21.0444444444	45.2736111111,20.8205555556	45.3244444444,21.0166666667
205	325	1504242000	1504259999	8	44.11,20.4047222222	44.0944444444,20.4863888889	44.0166666667,20.9113888889	43.9783333333,21.2591666667	43.7986111111,21.2905555556	43.7516666667,20.9788888889	43.7583333333,20.4977777778	44.11,20.4047222222
205	325	1504242000	1504259999	38	45.4883333333,19.0930555556	45.5725,19.6236111111	45.6363888889,19.8466666667	45.7047222222,20.0872222222	45.5863888889,20.4583333333	45.5358333333,20.8330555556	45.4988888889,20.7691666667	45.4791666667,20.7702777778	45.4791666667,20.8325	45.3244444444,21.0166666667	45.2736111111,20.8205555556	45.1833333333,21.0444444444	45.05,21.0277777778	44.9411111111,21.1263888889	44.7333333333,21.1277777778	44.7183333333,21.0688888889	44.72,20.9936111111	44.6655555556,20.8963888889	44.6583333333,20.8375	44.6602777778,20.7638888889	44.695,20.7058333333	44.7375,20.6675	44.7541666667,20.6091666667	44.78,20.5713888889	44.8088888889,20.4947222222	44.9333333333,20.1613888889	45.0233333333,20.0	45.1,19.8613888889	45.24,19.7102777778	45.2366666667,19.5816666667	45.2322222222,19.4216666667	45.2322222222,19.4202777778	45.2322222222,19.4011111111	45.2333333333,19.3666666667	45.2733333333,19.2447222222	45.35,19.0	45.4005555556,19.0127777778	45.4883333333,19.0930555556
205	325	1504242000	1504259999	5	43.9783333333,21.2591666667	43.9494444444,21.4794444444	43.8605555556,21.7652777778	43.7986111111,21.2905555556	43.9783333333,21.2591666667
0	325	1504242000	1504259999	9	41.5502777778,19.145	41.4583333333,19.1	41.1933333333,18.9088888889	41.1333333333,18.8666666667	41.2911111111,18.5561111111	41.4811111111,18.6858333333	41.715,18.6283333333	41.7375,18.6222222222	41.5502777778,19.145
125	325	1504242000	1504259999	25	44.5866666667,22.0291666667	44.4755555556,22.1219444444	44.4786111111,22.1819444444	44.6491666667,22.2997222222	44.7130555556,22.4430555556	44.6527777778,22.5527777778	44.6175,22.6133333333	44.6177777778,22.6666666667	44.5997222222,22.7127777778	44.5641666667,22.7536111111	44.5366666667,22.7586111111	44.5166666667,22.6941666667	44.5494444444,22.63	44.5511111111,22.5925	44.5386111111,22.5702777778	44.4805555556,22.5494444444	44.4763888889,22.4494444444	44.3119444444,22.5552777778	44.2,22.6666666667	44.0833333333,22.6166666667	44.0,22.4333333333	43.9122222222,22.3922222222	43.8311111111,22.3702777778	43.9102777778,21.7838888889	44.5866666667,22.0291666667
125	325	1504242000	1504259999	9	43.7583333333,20.4977777778	43.2713888889,20.6230555556	43.215,20.6630555556	43.2,20.6166666667	43.1308333333,20.6180555556	43.1336111111,20.5113888889	43.4752777778,20.4736111111	43.76,20.3036111111	43.7583333333,20.4977777778
125	325	1504242000	1504259999	21	43.7638888889,19.975	43.76,20.3036111111	43.4752777778,20.4736111111	43.1336111111,20.5113888889	43.1308333333,20.6180555556	43.0030555556,20.6211111111	43.0136111111,20.5855555556	42.8338888889,20.3113888889	42.7519444444,20.2325	42.8413888889,20.1683333333	43.2322222222,19.7161111111	43.4105555556,19.7902777778	43.5863888889,19.5133333333	43.5833333333,19.5	43.675,19.5266666667	43.6916666667,19.535	43.7186111111,19.5041666667	43.8694444444,19.3583333333	44.0,19.3	43.9666666667,19.4666666667	43.7638888889,19.975
125	325	1504242000	1504259999	47	45.9,18.85	45.9316666667,18.9288888889	45.9666666667,19.0833333333	46.0,19.2833333333	46.0472222222,19.3558333333	46.1005555556,19.4775	46.1536111111,19.5372222222	46.1738888889,19.6	46.1844444444,19.6966666667	46.1686111111,19.7258333333	46.1333333333,19.7666666667	46.15,19.87	46.1761111111,19.9386111111	46.1638888889,20.0941666667	46.1263888889,20.2641666667	45.8558333333,20.6233333333	45.7508333333,20.7011111111	45.7555555556,20.7741666667	45.7869444444,20.7841666667	45.7747222222,20.8208333333	45.695,20.7941666667	45.6580555556,20.8066666667	45.6116666667,20.7641666667	45.5822222222,20.7716666667	45.5822222222,20.8008333333	45.5358333333,20.8330555556	45.5863888889,20.4583333333	45.7047222222,20.0872222222	45.6363888889,19.8466666667	45.5725,19.6236111111	45.4883333333,19.0930555556	45.5083333333,19.1333333333	45.5333333333,19.0597222222	45.5555555556,18.9305555556	45.5647222222,18.9311111111	45.5705555556,18.8986111111	45.5811111111,18.8997222222	45.6058333333,18.9369444444	45.6097222222,18.9125	45.6188888889,18.9183333333	45.6255555556,18.9513888889	45.6422222222,18.9344444444	45.6569444444,18.9797222222	45.6716666667,18.9613888889	45.8166666667,18.9333333333	45.8816666667,18.8055555556	45.9,18.85
125	325	1504242000	1504259999	18	44.3188888889,19.1311111111	44.185,19.365	44.1333333333,19.4666666667	44.0708333333,19.5602777778	44.065,19.5866666667	44.0458333333,19.6166666667	44.0083333333,19.6069444444	43.9666666667,19.4666666667	44.0,19.3	43.8694444444,19.3583333333	43.7186111111,19.5041666667	43.6916666667,19.535	43.675,19.5266666667	43.5833333333,19.5	43.5316666667,19.1444444444	43.7733333333,19.2416666667	44.1366666667,19.1802777778	44.3188888889,19.1311111111
125	325	1504242000	1504259999	7	43.8311111111,22.3702777778	43.7986111111,22.3644444444	43.6858333333,22.4177777778	43.6333333333,22.5	43.8605555556,21.7652777778	43.9102777778,21.7838888889	43.8311111111,22.3702777778
125	325	1504242000	1504259999	12	43.7986111111,21.2905555556	43.5836111111,21.3277777778	43.3002777778,21.2947222222	43.1408333333,21.2780555556	43.1394444444,21.0886111111	43.1372222222,21.0088888889	43.2666666667,20.8166666667	43.215,20.6630555556	43.2713888889,20.6230555556	43.7583333333,20.4977777778	43.7516666667,20.9788888889	43.7986111111,21.2905555556
125	325	1504242000	1504259999	44	43.8605555556,21.7652777778	43.6333333333,22.5	43.5666666667,22.4883333333	43.4977777778,22.5227777778	43.4333333333,22.6666666667	43.3741666667,22.7683333333	43.3513888889,22.7683333333	43.3244444444,22.8280555556	43.1666666667,23.0	43.1558333333,22.9972222222	43.1266666667,22.9894444444	43.1127777778,22.9833333333	43.08,22.9183333333	43.0347222222,22.8927777778	42.9727777778,22.7975	42.8916666667,22.7508333333	42.8772222222,22.6413888889	42.8941666667,22.5927777778	42.8666666667,22.5416666667	42.8463888889,22.4930555556	42.8002777778,22.4444444444	42.5983333333,22.4480555556	42.5666666667,22.4666666667	42.4730555556,22.5541666667	42.4166666667,22.55	42.3111111111,22.3602777778	42.3083333333,22.2427777778	42.3,22.1166666667	42.2994444444,22.1055555556	42.2833333333,21.7833333333	42.2458333333,21.6658333333	42.2572222222,21.5947222222	42.6511111111,21.79	42.7011111111,21.7525	42.7527777778,21.3888888889	42.8722222222,21.4352777778	43.1158333333,21.0405555556	43.1372222222,21.0088888889	43.1394444444,21.0886111111	43.1408333333,21.2780555556	43.3002777778,21.2947222222	43.5836111111,21.3277777778	43.7986111111,21.2905555556	43.8605555556,21.7652777778
245	325	1504242000	1504259999	5	41.4811111111,18.6858333333	41.2911111111,18.5561111111	41.4325,18.2722222222	41.715,18.6283333333	41.4811111111,18.6858333333
