10
315	365	1504288800	1504292399	31	51.8411111111,11.2083333333	51.7213888889,11.4072222222	51.7802777778,12.2608333333	51.5927777778,12.5230555556	51.5291666667,12.6658333333	51.4572222222,12.8269444444	51.2611111111,12.5211111111	50.6908333333,12.1144444444	50.6102777778,12.3144444444	50.5377777778,12.4933333333	50.4325,12.7505555556	50.3922222222,12.6336111111	50.3772222222,12.5925	50.3413888889,12.4872222222	50.3255555556,12.44	50.4525,12.1547222222	50.5069444444,11.9858333333	50.5019444444,11.3316666667	50.5213888889,11.2513888889	50.6575,10.7027777778	50.8483333333,10.6441666667	51.0438888889,10.5836111111	51.3333333333,10.4927777778	51.3338888889,10.3875	51.4869444444,10.5925	51.5255555556,10.645	51.5666666667,10.7	51.7211111111,10.9847222222	51.7327777778,11.0063888889	51.8044444444,11.1402777778	51.8411111111,11.2083333333
315	365	1504288800	1504292399	4	51.6038888889,12.8513888889	51.4572222222,12.8269444444	51.5291666667,12.6658333333	51.6038888889,12.8513888889
315	365	1504288800	1504292399	4	50.5019444444,11.3316666667	50.5069444444,11.9858333333	50.3377777778,11.9819444444	50.5019444444,11.3316666667
315	365	1504288800	1504292399	6	51.8411111111,11.2083333333	51.9330555556,11.625	51.7977777778,12.3397222222	51.7802777778,12.2608333333	51.7213888889,11.4072222222	51.8411111111,11.2083333333
315	365	1504288800	1504292399	7	51.2491666667,10.3708333333	51.3333333333,10.4927777778	51.0438888889,10.5836111111	50.9783333333,10.4255555556	51.0805555556,10.3380555556	51.1608333333,10.3536111111	51.2491666667,10.3708333333
315	365	1504288800	1504292399	7	50.5069444444,11.9858333333	50.4525,12.1547222222	50.3255555556,12.44	50.2911111111,12.3811111111	50.2402777778,12.3516666667	50.3377777778,11.9819444444	50.5069444444,11.9858333333
315	365	1504288800	1504292399	6	51.7977777778,12.3397222222	51.6038888889,12.8513888889	51.5291666667,12.6658333333	51.5927777778,12.5230555556	51.7802777778,12.2608333333	51.7977777778,12.3397222222
315	365	1504288800	1504292399	4	51.3338888889,10.3875	51.3333333333,10.4927777778	51.2491666667,10.3708333333	51.3338888889,10.3875
315	365	1504288800	1504292399	4	50.8483333333,10.6441666667	50.6575,10.7027777778	50.82,10.5636111111	50.8483333333,10.6441666667
315	365	1504288800	1504292399	5	51.0438888889,10.5836111111	50.8483333333,10.6441666667	50.82,10.5636111111	50.9783333333,10.4255555556	51.0438888889,10.5836111111
