17
145	325	1504274340	1504277999	17	41.85,19.3666666667	41.7752777778,19.3138888889	41.5502777778,19.145	41.7375,18.6222222222	41.8655555556,18.59	41.9272222222,18.6636111111	42.0141666667,18.5269444444	42.0911111111,18.555	42.2,18.6	42.2188888889,18.5897222222	42.3377777778,18.5577777778	42.3461111111,18.5575	42.3544444444,18.5575	42.3808333333,18.5230555556	42.3902777778,18.5394444444	42.3794444444,18.5561111111	41.85,19.3666666667
145	325	1504274340	1504277999	66	42.7519444444,20.2325	42.7502777778,20.1833333333	42.7475,20.0219444444	42.5552777778,20.0791666667	42.5591666667,20.0558333333	42.5433333333,20.0161111111	42.5094444444,20.0019444444	42.5180555556,19.9408333333	42.5077777778,19.9058333333	42.4852777778,19.8966666667	42.4952777778,19.8758333333	42.4822222222,19.8677777778	42.4791666667,19.8505555556	42.4688888889,19.8216666667	42.4825,19.7916666667	42.4991666667,19.7725	42.545,19.7438888889	42.5805555556,19.7527777778	42.5908333333,19.7747222222	42.6138888889,19.7513888889	42.6363888889,19.7566666667	42.6611111111,19.7236111111	42.6558333333,19.7041666667	42.6277777778,19.6866666667	42.6286111111,19.6627777778	42.5744444444,19.6108333333	42.5411111111,19.6175	42.5341666667,19.6038888889	42.5141666667,19.5616666667	42.4936111111,19.5594444444	42.4327777778,19.4994444444	42.3908333333,19.4730555556	42.3711111111,19.4269444444	42.3497222222,19.4147222222	42.3266666667,19.4225	42.2283333333,19.335	42.18,19.2819444444	42.1022222222,19.4030555556	42.0711111111,19.3791666667	42.0330555556,19.3708333333	41.9997222222,19.3825	41.9747222222,19.3755555556	41.9666666667,19.3880555556	41.9561111111,19.3511111111	41.9405555556,19.3494444444	41.9225,19.3705555556	41.9083333333,19.3419444444	41.8852777778,19.3816666667	41.8669444444,19.3783333333	41.85,19.3666666667	42.3794444444,18.5561111111	42.3902777778,18.5394444444	42.4105555556,18.5541666667	42.4502777778,18.48	42.5,18.45	42.54,18.4383333333	42.5555555556,18.4402777778	42.5833333333,18.5530555556	42.9955555556,18.4983333333	43.0333333333,18.6666666667	43.2930555556,18.7611111111	43.3333333333,18.9166666667	43.25,19.05	43.3080555556,19.0777777778	43.3333333333,19.2166666667	42.7519444444,20.2325
145	325	1504274340	1504277999	10	43.5863888889,19.5133333333	43.4105555556,19.7902777778	43.2322222222,19.7161111111	42.8413888889,20.1683333333	42.7519444444,20.2325	43.3333333333,19.2166666667	43.5172222222,18.9441666667	43.5316666667,19.1444444444	43.5833333333,19.5	43.5863888889,19.5133333333
145	325	1504274340	1504277999	12	43.5172222222,18.9441666667	43.3333333333,19.2166666667	43.3080555556,19.0777777778	43.25,19.05	43.3333333333,18.9166666667	43.2930555556,18.7611111111	43.0333333333,18.6666666667	42.9955555556,18.4983333333	43.1427777778,18.5580555556	43.3486111111,18.6986111111	43.4772222222,18.7872222222	43.5172222222,18.9441666667
0	325	1504274340	1504277999	9	41.5502777778,19.145	41.4583333333,19.1	41.1933333333,18.9088888889	41.1333333333,18.8666666667	41.2911111111,18.5561111111	41.4811111111,18.6858333333	41.715,18.6283333333	41.7375,18.6222222222	41.5502777778,19.145
125	325	1504274340	1504277999	18	44.3188888889,19.1311111111	44.185,19.365	44.1333333333,19.4666666667	44.0708333333,19.5602777778	44.065,19.5866666667	44.0458333333,19.6166666667	44.0083333333,19.6069444444	43.9666666667,19.4666666667	44.0,19.3	43.8694444444,19.3583333333	43.7186111111,19.5041666667	43.6916666667,19.535	43.675,19.5266666667	43.5833333333,19.5	43.5316666667,19.1444444444	43.7733333333,19.2416666667	44.1366666667,19.1802777778	44.3188888889,19.1311111111
125	325	1504274340	1504277999	9	43.7583333333,20.4977777778	43.2713888889,20.6230555556	43.215,20.6630555556	43.2,20.6166666667	43.1308333333,20.6180555556	43.1336111111,20.5113888889	43.4752777778,20.4736111111	43.76,20.3036111111	43.7583333333,20.4977777778
125	325	1504274340	1504277999	21	43.7638888889,19.975	43.76,20.3036111111	43.4752777778,20.4736111111	43.1336111111,20.5113888889	43.1308333333,20.6180555556	43.0030555556,20.6211111111	43.0136111111,20.5855555556	42.8338888889,20.3113888889	42.7519444444,20.2325	42.8413888889,20.1683333333	43.2322222222,19.7161111111	43.4105555556,19.7902777778	43.5863888889,19.5133333333	43.5833333333,19.5	43.675,19.5266666667	43.6916666667,19.535	43.7186111111,19.5041666667	43.8694444444,19.3583333333	44.0,19.3	43.9666666667,19.4666666667	43.7638888889,19.975
125	325	1504274340	1504277999	12	43.7986111111,21.2905555556	43.5836111111,21.3277777778	43.3002777778,21.2947222222	43.1408333333,21.2780555556	43.1394444444,21.0886111111	43.1372222222,21.0088888889	43.2666666667,20.8166666667	43.215,20.6630555556	43.2713888889,20.6230555556	43.7583333333,20.4977777778	43.7516666667,20.9788888889	43.7986111111,21.2905555556
125	325	1504274340	1504277999	44	43.8605555556,21.7652777778	43.6333333333,22.5	43.5666666667,22.4883333333	43.4977777778,22.5227777778	43.4333333333,22.6666666667	43.3741666667,22.7683333333	43.3513888889,22.7683333333	43.3244444444,22.8280555556	43.1666666667,23.0	43.1558333333,22.9972222222	43.1266666667,22.9894444444	43.1127777778,22.9833333333	43.08,22.9183333333	43.0347222222,22.8927777778	42.9727777778,22.7975	42.8916666667,22.7508333333	42.8772222222,22.6413888889	42.8941666667,22.5927777778	42.8666666667,22.5416666667	42.8463888889,22.4930555556	42.8002777778,22.4444444444	42.5983333333,22.4480555556	42.5666666667,22.4666666667	42.4730555556,22.5541666667	42.4166666667,22.55	42.3111111111,22.3602777778	42.3083333333,22.2427777778	42.3,22.1166666667	42.2994444444,22.1055555556	42.2833333333,21.7833333333	42.2458333333,21.6658333333	42.2572222222,21.5947222222	42.6511111111,21.79	42.7011111111,21.7525	42.7527777778,21.3888888889	42.8722222222,21.4352777778	43.1158333333,21.0405555556	43.1372222222,21.0088888889	43.1394444444,21.0886111111	43.1408333333,21.2780555556	43.3002777778,21.2947222222	43.5836111111,21.3277777778	43.7986111111,21.2905555556	43.8605555556,21.7652777778
245	325	1504274340	1504277999	5	41.4811111111,18.6858333333	41.2911111111,18.5561111111	41.4325,18.2722222222	41.715,18.6283333333	41.4811111111,18.6858333333
205	325	1504274340	1504277999	9	44.7130555556,19.3075	44.2444444444,20.3688888889	44.11,20.4047222222	44.1708333333,20.0566666667	44.2347222222,19.8519444444	44.3188888889,19.1311111111	44.5963888889,19.105	44.6872222222,19.2988888889	44.7130555556,19.3075
205	325	1504274340	1504277999	9	44.2444444444,20.3688888889	44.3016666667,20.5861111111	43.9713888889,21.4138888889	43.9494444444,21.4794444444	43.9783333333,21.2591666667	44.0166666667,20.9113888889	44.0944444444,20.4863888889	44.11,20.4047222222	44.2444444444,20.3688888889
205	325	1504274340	1504277999	13	44.3188888889,19.1311111111	44.2347222222,19.8519444444	44.1708333333,20.0566666667	43.76,20.3036111111	43.7638888889,19.975	43.9666666667,19.4666666667	44.0083333333,19.6069444444	44.0458333333,19.6166666667	44.065,19.5866666667	44.0708333333,19.5602777778	44.1333333333,19.4666666667	44.185,19.365	44.3188888889,19.1311111111
205	325	1504274340	1504277999	5	44.1708333333,20.0566666667	44.11,20.4047222222	43.7583333333,20.4977777778	43.76,20.3036111111	44.1708333333,20.0566666667
205	325	1504274340	1504277999	8	44.11,20.4047222222	44.0944444444,20.4863888889	44.0166666667,20.9113888889	43.9783333333,21.2591666667	43.7986111111,21.2905555556	43.7516666667,20.9788888889	43.7583333333,20.4977777778	44.11,20.4047222222
205	325	1504274340	1504277999	5	43.9783333333,21.2591666667	43.9494444444,21.4794444444	43.8605555556,21.7652777778	43.7986111111,21.2905555556	43.9783333333,21.2591666667
