10
365	385	1504252800	1504263599	9	44.2444444444,20.3688888889	44.3016666667,20.5861111111	43.9713888889,21.4138888889	43.9494444444,21.4794444444	43.9783333333,21.2591666667	44.0166666667,20.9113888889	44.0944444444,20.4863888889	44.11,20.4047222222	44.2444444444,20.3688888889
365	385	1504252800	1504263599	8	44.11,20.4047222222	44.0944444444,20.4863888889	44.0166666667,20.9113888889	43.9783333333,21.2591666667	43.7986111111,21.2905555556	43.7516666667,20.9788888889	43.7583333333,20.4977777778	44.11,20.4047222222
365	385	1504252800	1504263599	5	43.9783333333,21.2591666667	43.9494444444,21.4794444444	43.8605555556,21.7652777778	43.7986111111,21.2905555556	43.9783333333,21.2591666667
365	385	1504252800	1504263599	12	43.7986111111,21.2905555556	43.5836111111,21.3277777778	43.3002777778,21.2947222222	43.1408333333,21.2780555556	43.1394444444,21.0886111111	43.1372222222,21.0088888889	43.2666666667,20.8166666667	43.215,20.6630555556	43.2713888889,20.6230555556	43.7583333333,20.4977777778	43.7516666667,20.9788888889	43.7986111111,21.2905555556
365	385	1504252800	1504263599	44	43.8605555556,21.7652777778	43.6333333333,22.5	43.5666666667,22.4883333333	43.4977777778,22.5227777778	43.4333333333,22.6666666667	43.3741666667,22.7683333333	43.3513888889,22.7683333333	43.3244444444,22.8280555556	43.1666666667,23.0	43.1558333333,22.9972222222	43.1266666667,22.9894444444	43.1127777778,22.9833333333	43.08,22.9183333333	43.0347222222,22.8927777778	42.9727777778,22.7975	42.8916666667,22.7508333333	42.8772222222,22.6413888889	42.8941666667,22.5927777778	42.8666666667,22.5416666667	42.8463888889,22.4930555556	42.8002777778,22.4444444444	42.5983333333,22.4480555556	42.5666666667,22.4666666667	42.4730555556,22.5541666667	42.4166666667,22.55	42.3111111111,22.3602777778	42.3083333333,22.2427777778	42.3,22.1166666667	42.2994444444,22.1055555556	42.2833333333,21.7833333333	42.2458333333,21.6658333333	42.2572222222,21.5947222222	42.6511111111,21.79	42.7011111111,21.7525	42.7527777778,21.3888888889	42.8722222222,21.4352777778	43.1158333333,21.0405555556	43.1372222222,21.0088888889	43.1394444444,21.0886111111	43.1408333333,21.2780555556	43.3002777778,21.2947222222	43.5836111111,21.3277777778	43.7986111111,21.2905555556	43.8605555556,21.7652777778
385	999	1504252800	1504263599	8	44.11,20.4047222222	44.0944444444,20.4863888889	44.0166666667,20.9113888889	43.9783333333,21.2591666667	43.7986111111,21.2905555556	43.7516666667,20.9788888889	43.7583333333,20.4977777778	44.11,20.4047222222
385	999	1504252800	1504263599	9	44.2444444444,20.3688888889	44.3016666667,20.5861111111	43.9713888889,21.4138888889	43.9494444444,21.4794444444	43.9783333333,21.2591666667	44.0166666667,20.9113888889	44.0944444444,20.4863888889	44.11,20.4047222222	44.2444444444,20.3688888889
385	999	1504252800	1504263599	44	43.8605555556,21.7652777778	43.6333333333,22.5	43.5666666667,22.4883333333	43.4977777778,22.5227777778	43.4333333333,22.6666666667	43.3741666667,22.7683333333	43.3513888889,22.7683333333	43.3244444444,22.8280555556	43.1666666667,23.0	43.1558333333,22.9972222222	43.1266666667,22.9894444444	43.1127777778,22.9833333333	43.08,22.9183333333	43.0347222222,22.8927777778	42.9727777778,22.7975	42.8916666667,22.7508333333	42.8772222222,22.6413888889	42.8941666667,22.5927777778	42.8666666667,22.5416666667	42.8463888889,22.4930555556	42.8002777778,22.4444444444	42.5983333333,22.4480555556	42.5666666667,22.4666666667	42.4730555556,22.5541666667	42.4166666667,22.55	42.3111111111,22.3602777778	42.3083333333,22.2427777778	42.3,22.1166666667	42.2994444444,22.1055555556	42.2833333333,21.7833333333	42.2458333333,21.6658333333	42.2572222222,21.5947222222	42.6511111111,21.79	42.7011111111,21.7525	42.7527777778,21.3888888889	42.8722222222,21.4352777778	43.1158333333,21.0405555556	43.1372222222,21.0088888889	43.1394444444,21.0886111111	43.1408333333,21.2780555556	43.3002777778,21.2947222222	43.5836111111,21.3277777778	43.7986111111,21.2905555556	43.8605555556,21.7652777778
385	999	1504252800	1504263599	12	43.7986111111,21.2905555556	43.5836111111,21.3277777778	43.3002777778,21.2947222222	43.1408333333,21.2780555556	43.1394444444,21.0886111111	43.1372222222,21.0088888889	43.2666666667,20.8166666667	43.215,20.6630555556	43.2713888889,20.6230555556	43.7583333333,20.4977777778	43.7516666667,20.9788888889	43.7986111111,21.2905555556
385	999	1504252800	1504263599	5	43.9783333333,21.2591666667	43.9494444444,21.4794444444	43.8605555556,21.7652777778	43.7986111111,21.2905555556	43.9783333333,21.2591666667
