48
365	385	1504264740	1504267199	13	43.4575,17.29	43.6666666667,18.0591666667	43.5166666667,18.25	43.335,18.25	43.0,18.25	42.8933333333,17.9525	43.0416666667,17.6616666667	43.1802777778,17.4308333333	43.2402777778,17.3055555556	43.3052777778,17.2880555556	43.3516666667,17.2772222222	43.4527777778,17.2558333333	43.4575,17.29
365	385	1504264740	1504267199	12	43.7536111111,17.5377777778	43.8086111111,17.5572222222	43.94,17.6013888889	43.9625,17.7180555556	43.9319444444,17.7291666667	43.6666666667,18.0591666667	43.4575,17.29	43.4527777778,17.2558333333	43.4844444444,17.2441666667	43.4966666667,17.2155555556	43.4958333333,17.1994444444	43.7536111111,17.5377777778
365	385	1504264740	1504267199	9	44.7130555556,19.3075	44.2444444444,20.3688888889	44.11,20.4047222222	44.1708333333,20.0566666667	44.2347222222,19.8519444444	44.3188888889,19.1311111111	44.5963888889,19.105	44.6872222222,19.2988888889	44.7130555556,19.3075
365	385	1504264740	1504267199	18	44.3188888889,19.1311111111	44.185,19.365	44.1333333333,19.4666666667	44.0708333333,19.5602777778	44.065,19.5866666667	44.0458333333,19.6166666667	44.0083333333,19.6069444444	43.9666666667,19.4666666667	44.0,19.3	43.8694444444,19.3583333333	43.7186111111,19.5041666667	43.6916666667,19.535	43.675,19.5266666667	43.5833333333,19.5	43.5316666667,19.1444444444	43.7733333333,19.2416666667	44.1366666667,19.1802777778	44.3188888889,19.1311111111
365	385	1504264740	1504267199	13	45.0333333333,18.3333333333	44.75,18.75	44.6333333333,19.0	44.3,19.0	44.3,18.8333333333	44.3,18.425	44.2166666667,18.25	44.2166666667,18.175	44.4638888889,17.7913888889	44.5316666667,17.8194444444	44.9841666667,17.9694444444	45.05,18.05	45.0333333333,18.3333333333
365	385	1504264740	1504267199	6	44.2530555556,17.7144444444	44.2166666667,17.7833333333	43.9591666667,18.2080555556	44.0138888889,17.9711111111	44.1158333333,17.6613888889	44.2530555556,17.7144444444
365	385	1504264740	1504267199	9	43.7583333333,20.4977777778	43.2713888889,20.6230555556	43.215,20.6630555556	43.2,20.6166666667	43.1308333333,20.6180555556	43.1336111111,20.5113888889	43.4752777778,20.4736111111	43.76,20.3036111111	43.7583333333,20.4977777778
365	385	1504264740	1504267199	21	43.7638888889,19.975	43.76,20.3036111111	43.4752777778,20.4736111111	43.1336111111,20.5113888889	43.1308333333,20.6180555556	43.0030555556,20.6211111111	43.0136111111,20.5855555556	42.8338888889,20.3113888889	42.7519444444,20.2325	42.8413888889,20.1683333333	43.2322222222,19.7161111111	43.4105555556,19.7902777778	43.5863888889,19.5133333333	43.5833333333,19.5	43.675,19.5266666667	43.6916666667,19.535	43.7186111111,19.5041666667	43.8694444444,19.3583333333	44.0,19.3	43.9666666667,19.4666666667	43.7638888889,19.975
365	385	1504264740	1504267199	10	43.5863888889,19.5133333333	43.4105555556,19.7902777778	43.2322222222,19.7161111111	42.8413888889,20.1683333333	42.7519444444,20.2325	43.3333333333,19.2166666667	43.5172222222,18.9441666667	43.5316666667,19.1444444444	43.5833333333,19.5	43.5863888889,19.5133333333
365	385	1504264740	1504267199	13	44.3188888889,19.1311111111	44.2347222222,19.8519444444	44.1708333333,20.0566666667	43.76,20.3036111111	43.7638888889,19.975	43.9666666667,19.4666666667	44.0083333333,19.6069444444	44.0458333333,19.6166666667	44.065,19.5866666667	44.0708333333,19.5602777778	44.1333333333,19.4666666667	44.185,19.365	44.3188888889,19.1311111111
365	385	1504264740	1504267199	5	44.1708333333,20.0566666667	44.11,20.4047222222	43.7583333333,20.4977777778	43.76,20.3036111111	44.1708333333,20.0566666667
365	385	1504264740	1504267199	66	42.7519444444,20.2325	42.7502777778,20.1833333333	42.7475,20.0219444444	42.5552777778,20.0791666667	42.5591666667,20.0558333333	42.5433333333,20.0161111111	42.5094444444,20.0019444444	42.5180555556,19.9408333333	42.5077777778,19.9058333333	42.4852777778,19.8966666667	42.4952777778,19.8758333333	42.4822222222,19.8677777778	42.4791666667,19.8505555556	42.4688888889,19.8216666667	42.4825,19.7916666667	42.4991666667,19.7725	42.545,19.7438888889	42.5805555556,19.7527777778	42.5908333333,19.7747222222	42.6138888889,19.7513888889	42.6363888889,19.7566666667	42.6611111111,19.7236111111	42.6558333333,19.7041666667	42.6277777778,19.6866666667	42.6286111111,19.6627777778	42.5744444444,19.6108333333	42.5411111111,19.6175	42.5341666667,19.6038888889	42.5141666667,19.5616666667	42.4936111111,19.5594444444	42.4327777778,19.4994444444	42.3908333333,19.4730555556	42.3711111111,19.4269444444	42.3497222222,19.4147222222	42.3266666667,19.4225	42.2283333333,19.335	42.18,19.2819444444	42.1022222222,19.4030555556	42.0711111111,19.3791666667	42.0330555556,19.3708333333	41.9997222222,19.3825	41.9747222222,19.3755555556	41.9666666667,19.3880555556	41.9561111111,19.3511111111	41.9405555556,19.3494444444	41.9225,19.3705555556	41.9083333333,19.3419444444	41.8852777778,19.3816666667	41.8669444444,19.3783333333	41.85,19.3666666667	42.3794444444,18.5561111111	42.3902777778,18.5394444444	42.4105555556,18.5541666667	42.4502777778,18.48	42.5,18.45	42.54,18.4383333333	42.5555555556,18.4402777778	42.5833333333,18.5530555556	42.9955555556,18.4983333333	43.0333333333,18.6666666667	43.2930555556,18.7611111111	43.3333333333,18.9166666667	43.25,19.05	43.3080555556,19.0777777778	43.3333333333,19.2166666667	42.7519444444,20.2325
365	385	1504264740	1504267199	12	43.5172222222,18.9441666667	43.3333333333,19.2166666667	43.3080555556,19.0777777778	43.25,19.05	43.3333333333,18.9166666667	43.2930555556,18.7611111111	43.0333333333,18.6666666667	42.9955555556,18.4983333333	43.1427777778,18.5580555556	43.3486111111,18.6986111111	43.4772222222,18.7872222222	43.5172222222,18.9441666667
365	385	1504264740	1504267199	4	44.4638888889,17.7913888889	44.2166666667,18.175	44.3705555556,17.7597222222	44.4638888889,17.7913888889
365	385	1504264740	1504267199	9	41.5502777778,19.145	41.4583333333,19.1	41.1933333333,18.9088888889	41.1333333333,18.8666666667	41.2911111111,18.5561111111	41.4811111111,18.6858333333	41.715,18.6283333333	41.7375,18.6222222222	41.5502777778,19.145
365	385	1504264740	1504267199	4	44.0138888889,17.9711111111	43.9625,17.7180555556	44.1158333333,17.6613888889	44.0138888889,17.9711111111
365	385	1504264740	1504267199	17	41.85,19.3666666667	41.7752777778,19.3138888889	41.5502777778,19.145	41.7375,18.6222222222	41.8655555556,18.59	41.9272222222,18.6636111111	42.0141666667,18.5269444444	42.0911111111,18.555	42.2,18.6	42.2188888889,18.5897222222	42.3377777778,18.5577777778	42.3461111111,18.5575	42.3544444444,18.5575	42.3808333333,18.5230555556	42.3902777778,18.5394444444	42.3794444444,18.5561111111	41.85,19.3666666667
365	385	1504264740	1504267199	4	44.1158333333,17.6613888889	43.9625,17.7180555556	43.94,17.6013888889	44.1158333333,17.6613888889
365	385	1504264740	1504267199	9	43.5825,18.8333333333	43.5166666667,18.8333333333	43.5166666667,18.25	43.6666666667,18.0591666667	43.9319444444,17.7291666667	43.9625,17.7180555556	44.0138888889,17.9711111111	43.9591666667,18.2080555556	43.5825,18.8333333333
365	385	1504264740	1504267199	8	44.2166666667,17.7833333333	44.2166666667,18.175	44.2166666667,18.25	44.3,18.425	44.3,18.8333333333	43.5825,18.8333333333	43.9591666667,18.2080555556	44.2166666667,17.7833333333
365	385	1504264740	1504267199	14	43.5172222222,18.9441666667	43.4772222222,18.7872222222	43.3486111111,18.6986111111	43.1427777778,18.5580555556	42.9955555556,18.4983333333	42.5833333333,18.5530555556	42.8022222222,18.1305555556	42.8933333333,17.9525	43.0,18.25	43.335,18.25	43.5166666667,18.25	43.5166666667,18.8333333333	43.5825,18.8333333333	43.5172222222,18.9441666667
365	385	1504264740	1504267199	5	44.3705555556,17.7597222222	44.2166666667,18.175	44.2166666667,17.7833333333	44.2530555556,17.7144444444	44.3705555556,17.7597222222
365	385	1504264740	1504267199	5	41.4811111111,18.6858333333	41.2911111111,18.5561111111	41.4325,18.2722222222	41.715,18.6283333333	41.4811111111,18.6858333333
365	385	1504264740	1504267199	35	44.9991666667,18.7275	44.85,18.8333333333	44.8508333333,18.9869444444	44.8713888889,19.0097222222	44.85,19.0333333333	44.8858333333,19.3641666667	44.7130555556,19.3075	44.6872222222,19.2988888889	44.5963888889,19.105	44.3188888889,19.1311111111	44.1366666667,19.1802777778	43.7733333333,19.2416666667	43.5316666667,19.1444444444	43.5172222222,18.9441666667	43.5825,18.8333333333	44.3,18.8333333333	44.3,19.0	44.6333333333,19.0	44.75,18.75	45.0333333333,18.3333333333	45.05,18.05	44.9841666667,17.9694444444	45.0177777778,17.9116666667	45.0447222222,17.8616666667	45.0613888889,17.8916666667	45.1144444444,17.9594444444	45.1144444444,17.965	45.14,18.0452777778	45.1266666667,18.0727777778	45.0808333333,18.1272222222	45.0930555556,18.2155555556	45.1161111111,18.2163888889	45.1019444444,18.3816666667	45.0833333333,18.6666666667	44.9991666667,18.7275
385	999	1504264740	1504267199	13	43.4575,17.29	43.6666666667,18.0591666667	43.5166666667,18.25	43.335,18.25	43.0,18.25	42.8933333333,17.9525	43.0416666667,17.6616666667	43.1802777778,17.4308333333	43.2402777778,17.3055555556	43.3052777778,17.2880555556	43.3516666667,17.2772222222	43.4527777778,17.2558333333	43.4575,17.29
385	999	1504264740	1504267199	12	43.7536111111,17.5377777778	43.8086111111,17.5572222222	43.94,17.6013888889	43.9625,17.7180555556	43.9319444444,17.7291666667	43.6666666667,18.0591666667	43.4575,17.29	43.4527777778,17.2558333333	43.4844444444,17.2441666667	43.4966666667,17.2155555556	43.4958333333,17.1994444444	43.7536111111,17.5377777778
385	999	1504264740	1504267199	4	44.0138888889,17.9711111111	43.9625,17.7180555556	44.1158333333,17.6613888889	44.0138888889,17.9711111111
385	999	1504264740	1504267199	18	44.3188888889,19.1311111111	44.185,19.365	44.1333333333,19.4666666667	44.0708333333,19.5602777778	44.065,19.5866666667	44.0458333333,19.6166666667	44.0083333333,19.6069444444	43.9666666667,19.4666666667	44.0,19.3	43.8694444444,19.3583333333	43.7186111111,19.5041666667	43.6916666667,19.535	43.675,19.5266666667	43.5833333333,19.5	43.5316666667,19.1444444444	43.7733333333,19.2416666667	44.1366666667,19.1802777778	44.3188888889,19.1311111111
385	999	1504264740	1504267199	13	45.0333333333,18.3333333333	44.75,18.75	44.6333333333,19.0	44.3,19.0	44.3,18.8333333333	44.3,18.425	44.2166666667,18.25	44.2166666667,18.175	44.4638888889,17.7913888889	44.5316666667,17.8194444444	44.9841666667,17.9694444444	45.05,18.05	45.0333333333,18.3333333333
385	999	1504264740	1504267199	6	44.2530555556,17.7144444444	44.2166666667,17.7833333333	43.9591666667,18.2080555556	44.0138888889,17.9711111111	44.1158333333,17.6613888889	44.2530555556,17.7144444444
385	999	1504264740	1504267199	9	43.7583333333,20.4977777778	43.2713888889,20.6230555556	43.215,20.6630555556	43.2,20.6166666667	43.1308333333,20.6180555556	43.1336111111,20.5113888889	43.4752777778,20.4736111111	43.76,20.3036111111	43.7583333333,20.4977777778
385	999	1504264740	1504267199	21	43.7638888889,19.975	43.76,20.3036111111	43.4752777778,20.4736111111	43.1336111111,20.5113888889	43.1308333333,20.6180555556	43.0030555556,20.6211111111	43.0136111111,20.5855555556	42.8338888889,20.3113888889	42.7519444444,20.2325	42.8413888889,20.1683333333	43.2322222222,19.7161111111	43.4105555556,19.7902777778	43.5863888889,19.5133333333	43.5833333333,19.5	43.675,19.5266666667	43.6916666667,19.535	43.7186111111,19.5041666667	43.8694444444,19.3583333333	44.0,19.3	43.9666666667,19.4666666667	43.7638888889,19.975
385	999	1504264740	1504267199	10	43.5863888889,19.5133333333	43.4105555556,19.7902777778	43.2322222222,19.7161111111	42.8413888889,20.1683333333	42.7519444444,20.2325	43.3333333333,19.2166666667	43.5172222222,18.9441666667	43.5316666667,19.1444444444	43.5833333333,19.5	43.5863888889,19.5133333333
385	999	1504264740	1504267199	13	44.3188888889,19.1311111111	44.2347222222,19.8519444444	44.1708333333,20.0566666667	43.76,20.3036111111	43.7638888889,19.975	43.9666666667,19.4666666667	44.0083333333,19.6069444444	44.0458333333,19.6166666667	44.065,19.5866666667	44.0708333333,19.5602777778	44.1333333333,19.4666666667	44.185,19.365	44.3188888889,19.1311111111
385	999	1504264740	1504267199	5	44.1708333333,20.0566666667	44.11,20.4047222222	43.7583333333,20.4977777778	43.76,20.3036111111	44.1708333333,20.0566666667
385	999	1504264740	1504267199	66	42.7519444444,20.2325	42.7502777778,20.1833333333	42.7475,20.0219444444	42.5552777778,20.0791666667	42.5591666667,20.0558333333	42.5433333333,20.0161111111	42.5094444444,20.0019444444	42.5180555556,19.9408333333	42.5077777778,19.9058333333	42.4852777778,19.8966666667	42.4952777778,19.8758333333	42.4822222222,19.8677777778	42.4791666667,19.8505555556	42.4688888889,19.8216666667	42.4825,19.7916666667	42.4991666667,19.7725	42.545,19.7438888889	42.5805555556,19.7527777778	42.5908333333,19.7747222222	42.6138888889,19.7513888889	42.6363888889,19.7566666667	42.6611111111,19.7236111111	42.6558333333,19.7041666667	42.6277777778,19.6866666667	42.6286111111,19.6627777778	42.5744444444,19.6108333333	42.5411111111,19.6175	42.5341666667,19.6038888889	42.5141666667,19.5616666667	42.4936111111,19.5594444444	42.4327777778,19.4994444444	42.3908333333,19.4730555556	42.3711111111,19.4269444444	42.3497222222,19.4147222222	42.3266666667,19.4225	42.2283333333,19.335	42.18,19.2819444444	42.1022222222,19.4030555556	42.0711111111,19.3791666667	42.0330555556,19.3708333333	41.9997222222,19.3825	41.9747222222,19.3755555556	41.9666666667,19.3880555556	41.9561111111,19.3511111111	41.9405555556,19.3494444444	41.9225,19.3705555556	41.9083333333,19.3419444444	41.8852777778,19.3816666667	41.8669444444,19.3783333333	41.85,19.3666666667	42.3794444444,18.5561111111	42.3902777778,18.5394444444	42.4105555556,18.5541666667	42.4502777778,18.48	42.5,18.45	42.54,18.4383333333	42.5555555556,18.4402777778	42.5833333333,18.5530555556	42.9955555556,18.4983333333	43.0333333333,18.6666666667	43.2930555556,18.7611111111	43.3333333333,18.9166666667	43.25,19.05	43.3080555556,19.0777777778	43.3333333333,19.2166666667	42.7519444444,20.2325
385	999	1504264740	1504267199	12	43.5172222222,18.9441666667	43.3333333333,19.2166666667	43.3080555556,19.0777777778	43.25,19.05	43.3333333333,18.9166666667	43.2930555556,18.7611111111	43.0333333333,18.6666666667	42.9955555556,18.4983333333	43.1427777778,18.5580555556	43.3486111111,18.6986111111	43.4772222222,18.7872222222	43.5172222222,18.9441666667
385	999	1504264740	1504267199	4	44.4638888889,17.7913888889	44.2166666667,18.175	44.3705555556,17.7597222222	44.4638888889,17.7913888889
385	999	1504264740	1504267199	9	41.5502777778,19.145	41.4583333333,19.1	41.1933333333,18.9088888889	41.1333333333,18.8666666667	41.2911111111,18.5561111111	41.4811111111,18.6858333333	41.715,18.6283333333	41.7375,18.6222222222	41.5502777778,19.145
385	999	1504264740	1504267199	9	44.7130555556,19.3075	44.2444444444,20.3688888889	44.11,20.4047222222	44.1708333333,20.0566666667	44.2347222222,19.8519444444	44.3188888889,19.1311111111	44.5963888889,19.105	44.6872222222,19.2988888889	44.7130555556,19.3075
385	999	1504264740	1504267199	17	41.85,19.3666666667	41.7752777778,19.3138888889	41.5502777778,19.145	41.7375,18.6222222222	41.8655555556,18.59	41.9272222222,18.6636111111	42.0141666667,18.5269444444	42.0911111111,18.555	42.2,18.6	42.2188888889,18.5897222222	42.3377777778,18.5577777778	42.3461111111,18.5575	42.3544444444,18.5575	42.3808333333,18.5230555556	42.3902777778,18.5394444444	42.3794444444,18.5561111111	41.85,19.3666666667
385	999	1504264740	1504267199	4	44.1158333333,17.6613888889	43.9625,17.7180555556	43.94,17.6013888889	44.1158333333,17.6613888889
385	999	1504264740	1504267199	8	44.2166666667,17.7833333333	44.2166666667,18.175	44.2166666667,18.25	44.3,18.425	44.3,18.8333333333	43.5825,18.8333333333	43.9591666667,18.2080555556	44.2166666667,17.7833333333
385	999	1504264740	1504267199	9	43.5825,18.8333333333	43.5166666667,18.8333333333	43.5166666667,18.25	43.6666666667,18.0591666667	43.9319444444,17.7291666667	43.9625,17.7180555556	44.0138888889,17.9711111111	43.9591666667,18.2080555556	43.5825,18.8333333333
385	999	1504264740	1504267199	14	43.5172222222,18.9441666667	43.4772222222,18.7872222222	43.3486111111,18.6986111111	43.1427777778,18.5580555556	42.9955555556,18.4983333333	42.5833333333,18.5530555556	42.8022222222,18.1305555556	42.8933333333,17.9525	43.0,18.25	43.335,18.25	43.5166666667,18.25	43.5166666667,18.8333333333	43.5825,18.8333333333	43.5172222222,18.9441666667
385	999	1504264740	1504267199	5	44.3705555556,17.7597222222	44.2166666667,18.175	44.2166666667,17.7833333333	44.2530555556,17.7144444444	44.3705555556,17.7597222222
385	999	1504264740	1504267199	35	44.9991666667,18.7275	44.85,18.8333333333	44.8508333333,18.9869444444	44.8713888889,19.0097222222	44.85,19.0333333333	44.8858333333,19.3641666667	44.7130555556,19.3075	44.6872222222,19.2988888889	44.5963888889,19.105	44.3188888889,19.1311111111	44.1366666667,19.1802777778	43.7733333333,19.2416666667	43.5316666667,19.1444444444	43.5172222222,18.9441666667	43.5825,18.8333333333	44.3,18.8333333333	44.3,19.0	44.6333333333,19.0	44.75,18.75	45.0333333333,18.3333333333	45.05,18.05	44.9841666667,17.9694444444	45.0177777778,17.9116666667	45.0447222222,17.8616666667	45.0613888889,17.8916666667	45.1144444444,17.9594444444	45.1144444444,17.965	45.14,18.0452777778	45.1266666667,18.0727777778	45.0808333333,18.1272222222	45.0930555556,18.2155555556	45.1161111111,18.2163888889	45.1019444444,18.3816666667	45.0833333333,18.6666666667	44.9991666667,18.7275
385	999	1504264740	1504267199	5	41.4811111111,18.6858333333	41.2911111111,18.5561111111	41.4325,18.2722222222	41.715,18.6283333333	41.4811111111,18.6858333333
