60
345	355	1504285200	1504292399	10	48.0211111111,18.8158333333	47.9416666667,18.7736111111	47.8233333333,18.8	47.8083333333,18.7330555556	47.7916666667,18.725	47.7822222222,18.7086111111	47.78,18.6930555556	47.8994444444,18.4958333333	47.9580555556,18.51	48.0211111111,18.8158333333
345	355	1504285200	1504292399	4	49.3125,20.3769444444	49.2530555556,20.3772222222	49.3497222222,20.2552777778	49.3125,20.3769444444
345	355	1504285200	1504292399	21	49.1008333333,20.9558333333	49.1716666667,20.9297222222	49.3125,20.6941666667	49.3125,20.3769444444	49.3497222222,20.2552777778	49.4175,20.7022222222	49.2919444444,20.9330555556	49.3363888889,21.0102777778	49.3675,21.0955555556	49.4083333333,21.1986111111	49.4194444444,21.2269444444	49.4486111111,21.3333333333	49.4127777778,21.4391666667	49.1105555556,21.1813888889	49.0625,21.1358333333	49.0061111111,21.13	48.9163888889,21.1980555556	48.9225,21.0213888889	48.9319444444,20.7327777778	48.9711111111,20.7844444444	49.1008333333,20.9558333333
345	355	1504285200	1504292399	10	48.7716666667,22.3505555556	48.6516666667,22.2613888889	48.6347222222,22.2458333333	48.54,22.16	48.5533333333,22.08	48.57,21.99	48.635,21.9316666667	48.715,22.0316666667	48.745,22.1833333333	48.7716666667,22.3505555556
345	355	1504285200	1504292399	17	49.4338888889,18.5455555556	49.3388888889,18.815	49.2388888889,18.9416666667	49.0911111111,18.8155555556	49.0438888889,18.5541666667	49.1122222222,18.3952777778	49.1875,18.2352777778	49.1988888889,18.1436111111	49.2166666667,18.1522222222	49.2333333333,18.15	49.2461111111,18.1658333333	49.2863888889,18.1844444444	49.3038888889,18.2802777778	49.3266666667,18.3708333333	49.3972222222,18.4197222222	49.3936111111,18.4472222222	49.4338888889,18.5455555556
345	355	1504285200	1504292399	32	48.3744444444,16.8413888889	48.5463888889,17.4586111111	48.3294444444,17.8227777778	48.2644444444,17.9322222222	47.8547222222,18.4861111111	47.7641666667,18.4647222222	47.7369444444,18.33	47.74,18.1983333333	47.7547222222,18.1244444444	47.7569444444,18.1127777778	47.7566666667,18.0619444444	47.75,17.7666666667	47.7872222222,17.6625	47.8183333333,17.6141666667	47.9191666667,17.425	47.9466666667,17.3697222222	47.9466666667,17.3263888889	47.9838888889,17.3	48.02,17.2333333333	48.0063888889,17.1605555556	48.0252777778,17.0813888889	48.0675,17.0877777778	48.1077777778,17.0858333333	48.1269444444,17.0077777778	48.1722222222,16.9747222222	48.1791666667,16.9722222222	48.1905555556,16.9691666667	48.2161111111,16.9583333333	48.2425,16.9438888889	48.2702777778,16.9263888889	48.3058333333,16.9080555556	48.3744444444,16.8413888889
345	355	1504285200	1504292399	21	48.9319444444,20.7327777778	48.9022222222,20.6936111111	48.8644444444,20.6441666667	48.8652777778,20.2638888889	48.8652777778,20.1525	48.8652777778,20.0383333333	48.8730555556,20.0258333333	48.9433333333,19.8777777778	48.9791666667,19.7716666667	49.1158333333,19.8158333333	49.1458333333,19.8291666667	49.1444444444,19.8619444444	49.1344444444,20.0763888889	49.1286111111,20.21	49.2133333333,20.3236111111	49.2522222222,20.3761111111	49.2530555556,20.3772222222	49.1880555556,20.4591666667	49.0916666667,20.7063888889	48.9472222222,20.7080555556	48.9319444444,20.7327777778
345	355	1504285200	1504292399	11	49.3125,20.6941666667	49.1716666667,20.9297222222	49.1008333333,20.9558333333	48.9711111111,20.7844444444	48.9319444444,20.7327777778	48.9472222222,20.7080555556	49.0916666667,20.7063888889	49.1880555556,20.4591666667	49.2530555556,20.3772222222	49.3125,20.3769444444	49.3125,20.6941666667
345	355	1504285200	1504292399	32	49.4127777778,21.4391666667	49.0886111111,22.5666666667	49.0880555556,22.5658333333	48.9502777778,22.4486111111	48.8238888889,22.375	48.7716666667,22.3505555556	48.745,22.1833333333	48.715,22.0316666667	48.635,21.9316666667	48.57,21.99	48.5533333333,22.08	48.54,22.16	48.4666666667,22.15	48.4641666667,22.1472222222	48.4333333333,22.1666666667	48.4033333333,22.1552777778	48.3847222222,22.0113888889	48.3616666667,21.9272222222	48.3394444444,21.7811111111	48.3991666667,21.6691666667	48.5094444444,21.6138888889	48.6502777778,21.6777777778	48.78,21.535	48.8086111111,21.5111111111	48.8830555556,21.4488888889	48.9113888889,21.3377777778	48.93,21.405	48.9644444444,21.4555555556	49.0747222222,21.5644444444	49.1594444444,21.4563888889	49.1105555556,21.1813888889	49.4127777778,21.4391666667
345	355	1504285200	1504292399	7	49.1963888889,19.8516666667	49.1458333333,19.8291666667	49.1466666667,19.8138888889	49.15,19.735	49.1547222222,19.6261111111	49.2013888889,19.7022222222	49.1963888889,19.8516666667
345	355	1504285200	1504292399	38	48.3744444444,16.8413888889	48.3827777778,16.8341666667	48.4275,16.8561111111	48.45,16.8508333333	48.5419444444,16.9002777778	48.6155555556,16.9408333333	48.7827777778,17.0791666667	48.8533333333,17.1677777778	48.8583333333,17.175	48.815,17.3666666667	48.8194444444,17.4111111111	48.8213888889,17.5375	48.8411111111,17.6052777778	48.8577777778,17.6761111111	48.8580555556,17.6780555556	48.8652777778,17.7094444444	48.9716666667,17.9016666667	49.0033333333,17.9152777778	49.0247222222,17.9502777778	49.0244444444,17.9708333333	49.035,18.0666666667	49.0661111111,18.0911111111	48.9083333333,18.3427777778	48.7383333333,18.4527777778	48.6491666667,18.6558333333	48.5283333333,18.9297222222	48.3188888889,19.0902777778	48.0680555556,19.25	48.0730555556,19.1272222222	48.0480555556,18.8344444444	48.0211111111,18.8158333333	47.9580555556,18.51	47.8994444444,18.4958333333	47.8547222222,18.4861111111	48.2644444444,17.9322222222	48.3294444444,17.8227777778	48.5463888889,17.4586111111	48.3744444444,16.8413888889
345	355	1504285200	1504292399	6	47.78,18.6930555556	47.7666666667,18.6	47.7641666667,18.4647222222	47.8547222222,18.4861111111	47.8994444444,18.4958333333	47.78,18.6930555556
345	355	1504285200	1504292399	5	48.9433333333,19.8777777778	48.8730555556,20.0258333333	48.8652777778,20.0383333333	48.8652777778,19.9669444444	48.9433333333,19.8777777778
345	355	1504285200	1504292399	20	48.9319444444,20.7327777778	48.9225,21.0213888889	48.9163888889,21.1980555556	48.9113888889,21.3377777778	48.8830555556,21.4488888889	48.8086111111,21.5111111111	48.78,21.535	48.6502777778,21.6777777778	48.5094444444,21.6138888889	48.5833333333,21.45	48.5605555556,21.3533333333	48.5230555556,21.2913888889	48.5194444444,21.1833333333	48.4916666667,21.1083333333	48.5708333333,20.7461111111	48.7183333333,20.695	48.7361111111,20.6888888889	48.8644444444,20.6441666667	48.9022222222,20.6936111111	48.9319444444,20.7327777778
345	355	1504285200	1504292399	13	48.5283333333,18.9297222222	48.6491666667,18.6558333333	48.6744444444,18.7325	48.7897222222,19.0766666667	48.8083333333,19.1325	48.7983333333,19.3230555556	48.7952777778,19.3811111111	48.5972222222,19.4125	48.5602777778,19.4183333333	48.4044444444,19.4913888889	48.3833333333,19.3922222222	48.3188888889,19.0902777778	48.5283333333,18.9297222222
345	355	1504285200	1504292399	13	49.3497222222,20.2552777778	49.2530555556,20.3772222222	49.2522222222,20.3761111111	49.2133333333,20.3236111111	49.1286111111,20.21	49.1344444444,20.0763888889	49.1444444444,19.8619444444	49.1458333333,19.8291666667	49.1963888889,19.8516666667	49.2222222222,20.0	49.22,20.1	49.3136111111,20.1752777778	49.3497222222,20.2552777778
345	355	1504285200	1504292399	10	49.1594444444,21.4563888889	49.0747222222,21.5644444444	48.9644444444,21.4555555556	48.93,21.405	48.9113888889,21.3377777778	48.9163888889,21.1980555556	49.0061111111,21.13	49.0625,21.1358333333	49.1105555556,21.1813888889	49.1594444444,21.4563888889
345	355	1504285200	1504292399	10	49.1458333333,19.8291666667	49.1158333333,19.8158333333	48.9791666667,19.7716666667	48.9433333333,19.8777777778	48.9525,19.6661111111	49.0002777778,19.6111111111	49.1547222222,19.6261111111	49.15,19.735	49.1466666667,19.8138888889	49.1458333333,19.8291666667
345	355	1504285200	1504292399	68	49.4338888889,18.5455555556	49.5066666667,18.5647222222	49.4972222222,18.7002777778	49.5169444444,18.8508333333	49.5111111111,18.9619444444	49.3902777778,18.9811111111	49.4136111111,19.2	49.53,19.2594444444	49.6116666667,19.4694444444	49.455,19.6466666667	49.4277777778,19.6361111111	49.3763888889,19.7916666667	49.3036111111,19.7997222222	49.1963888889,19.8516666667	49.2013888889,19.7022222222	49.1547222222,19.6261111111	49.0002777778,19.6111111111	48.9525,19.6661111111	48.9433333333,19.8777777778	48.8652777778,19.9669444444	48.8652777778,20.0383333333	48.8652777778,20.1525	48.8652777778,20.2638888889	48.8644444444,20.6441666667	48.7361111111,20.6888888889	48.7183333333,20.695	48.6711111111,20.245	48.4936111111,20.2883333333	48.5033333333,20.3816666667	48.5152777778,20.5102777778	48.4841666667,20.4866666667	48.4497222222,20.4477777778	48.3961111111,20.4163888889	48.3247222222,20.3716666667	48.2666666667,20.2861111111	48.1747222222,20.0569444444	48.1588888889,19.8955555556	48.25,19.6666666667	48.2305555556,19.5986111111	48.0836111111,19.3986111111	48.0913888889,19.3661111111	48.0888888889,19.3158333333	48.0680555556,19.25	48.3188888889,19.0902777778	48.3833333333,19.3922222222	48.4044444444,19.4913888889	48.5602777778,19.4183333333	48.5972222222,19.4125	48.7952777778,19.3811111111	48.7983333333,19.3230555556	48.8083333333,19.1325	48.7897222222,19.0766666667	48.6744444444,18.7325	48.6491666667,18.6558333333	48.7383333333,18.4527777778	48.9083333333,18.3427777778	49.0661111111,18.0911111111	49.1272222222,18.1108333333	49.1538888889,18.1233333333	49.1752777778,18.1191666667	49.1988888889,18.1436111111	49.1875,18.2352777778	49.1122222222,18.3952777778	49.0438888889,18.5541666667	49.0911111111,18.8155555556	49.2388888889,18.9416666667	49.3388888889,18.815	49.4338888889,18.5455555556
345	355	1504285200	1504292399	8	48.7183333333,20.695	48.5708333333,20.7461111111	48.55,20.6333333333	48.5152777778,20.5102777778	48.5033333333,20.3816666667	48.4936111111,20.2883333333	48.6711111111,20.245	48.7183333333,20.695
335	345	1504285200	1504292399	10	48.0211111111,18.8158333333	47.9416666667,18.7736111111	47.8233333333,18.8	47.8083333333,18.7330555556	47.7916666667,18.725	47.7822222222,18.7086111111	47.78,18.6930555556	47.8994444444,18.4958333333	47.9580555556,18.51	48.0211111111,18.8158333333
335	345	1504285200	1504292399	32	48.3744444444,16.8413888889	48.5463888889,17.4586111111	48.3294444444,17.8227777778	48.2644444444,17.9322222222	47.8547222222,18.4861111111	47.7641666667,18.4647222222	47.7369444444,18.33	47.74,18.1983333333	47.7547222222,18.1244444444	47.7569444444,18.1127777778	47.7566666667,18.0619444444	47.75,17.7666666667	47.7872222222,17.6625	47.8183333333,17.6141666667	47.9191666667,17.425	47.9466666667,17.3697222222	47.9466666667,17.3263888889	47.9838888889,17.3	48.02,17.2333333333	48.0063888889,17.1605555556	48.0252777778,17.0813888889	48.0675,17.0877777778	48.1077777778,17.0858333333	48.1269444444,17.0077777778	48.1722222222,16.9747222222	48.1791666667,16.9722222222	48.1905555556,16.9691666667	48.2161111111,16.9583333333	48.2425,16.9438888889	48.2702777778,16.9263888889	48.3058333333,16.9080555556	48.3744444444,16.8413888889
335	345	1504285200	1504292399	21	49.1008333333,20.9558333333	49.1716666667,20.9297222222	49.3125,20.6941666667	49.3125,20.3769444444	49.3497222222,20.2552777778	49.4175,20.7022222222	49.2919444444,20.9330555556	49.3363888889,21.0102777778	49.3675,21.0955555556	49.4083333333,21.1986111111	49.4194444444,21.2269444444	49.4486111111,21.3333333333	49.4127777778,21.4391666667	49.1105555556,21.1813888889	49.0625,21.1358333333	49.0061111111,21.13	48.9163888889,21.1980555556	48.9225,21.0213888889	48.9319444444,20.7327777778	48.9711111111,20.7844444444	49.1008333333,20.9558333333
335	345	1504285200	1504292399	4	49.3125,20.3769444444	49.2530555556,20.3772222222	49.3497222222,20.2552777778	49.3125,20.3769444444
335	345	1504285200	1504292399	10	49.1594444444,21.4563888889	49.0747222222,21.5644444444	48.9644444444,21.4555555556	48.93,21.405	48.9113888889,21.3377777778	48.9163888889,21.1980555556	49.0061111111,21.13	49.0625,21.1358333333	49.1105555556,21.1813888889	49.1594444444,21.4563888889
335	345	1504285200	1504292399	17	49.4338888889,18.5455555556	49.3388888889,18.815	49.2388888889,18.9416666667	49.0911111111,18.8155555556	49.0438888889,18.5541666667	49.1122222222,18.3952777778	49.1875,18.2352777778	49.1988888889,18.1436111111	49.2166666667,18.1522222222	49.2333333333,18.15	49.2461111111,18.1658333333	49.2863888889,18.1844444444	49.3038888889,18.2802777778	49.3266666667,18.3708333333	49.3972222222,18.4197222222	49.3936111111,18.4472222222	49.4338888889,18.5455555556
335	345	1504285200	1504292399	21	48.9319444444,20.7327777778	48.9022222222,20.6936111111	48.8644444444,20.6441666667	48.8652777778,20.2638888889	48.8652777778,20.1525	48.8652777778,20.0383333333	48.8730555556,20.0258333333	48.9433333333,19.8777777778	48.9791666667,19.7716666667	49.1158333333,19.8158333333	49.1458333333,19.8291666667	49.1444444444,19.8619444444	49.1344444444,20.0763888889	49.1286111111,20.21	49.2133333333,20.3236111111	49.2522222222,20.3761111111	49.2530555556,20.3772222222	49.1880555556,20.4591666667	49.0916666667,20.7063888889	48.9472222222,20.7080555556	48.9319444444,20.7327777778
335	345	1504285200	1504292399	11	49.3125,20.6941666667	49.1716666667,20.9297222222	49.1008333333,20.9558333333	48.9711111111,20.7844444444	48.9319444444,20.7327777778	48.9472222222,20.7080555556	49.0916666667,20.7063888889	49.1880555556,20.4591666667	49.2530555556,20.3772222222	49.3125,20.3769444444	49.3125,20.6941666667
335	345	1504285200	1504292399	32	49.4127777778,21.4391666667	49.0886111111,22.5666666667	49.0880555556,22.5658333333	48.9502777778,22.4486111111	48.8238888889,22.375	48.7716666667,22.3505555556	48.745,22.1833333333	48.715,22.0316666667	48.635,21.9316666667	48.57,21.99	48.5533333333,22.08	48.54,22.16	48.4666666667,22.15	48.4641666667,22.1472222222	48.4333333333,22.1666666667	48.4033333333,22.1552777778	48.3847222222,22.0113888889	48.3616666667,21.9272222222	48.3394444444,21.7811111111	48.3991666667,21.6691666667	48.5094444444,21.6138888889	48.6502777778,21.6777777778	48.78,21.535	48.8086111111,21.5111111111	48.8830555556,21.4488888889	48.9113888889,21.3377777778	48.93,21.405	48.9644444444,21.4555555556	49.0747222222,21.5644444444	49.1594444444,21.4563888889	49.1105555556,21.1813888889	49.4127777778,21.4391666667
335	345	1504285200	1504292399	7	49.1963888889,19.8516666667	49.1458333333,19.8291666667	49.1466666667,19.8138888889	49.15,19.735	49.1547222222,19.6261111111	49.2013888889,19.7022222222	49.1963888889,19.8516666667
335	345	1504285200	1504292399	38	48.3744444444,16.8413888889	48.3827777778,16.8341666667	48.4275,16.8561111111	48.45,16.8508333333	48.5419444444,16.9002777778	48.6155555556,16.9408333333	48.7827777778,17.0791666667	48.8533333333,17.1677777778	48.8583333333,17.175	48.815,17.3666666667	48.8194444444,17.4111111111	48.8213888889,17.5375	48.8411111111,17.6052777778	48.8577777778,17.6761111111	48.8580555556,17.6780555556	48.8652777778,17.7094444444	48.9716666667,17.9016666667	49.0033333333,17.9152777778	49.0247222222,17.9502777778	49.0244444444,17.9708333333	49.035,18.0666666667	49.0661111111,18.0911111111	48.9083333333,18.3427777778	48.7383333333,18.4527777778	48.6491666667,18.6558333333	48.5283333333,18.9297222222	48.3188888889,19.0902777778	48.0680555556,19.25	48.0730555556,19.1272222222	48.0480555556,18.8344444444	48.0211111111,18.8158333333	47.9580555556,18.51	47.8994444444,18.4958333333	47.8547222222,18.4861111111	48.2644444444,17.9322222222	48.3294444444,17.8227777778	48.5463888889,17.4586111111	48.3744444444,16.8413888889
335	345	1504285200	1504292399	6	47.78,18.6930555556	47.7666666667,18.6	47.7641666667,18.4647222222	47.8547222222,18.4861111111	47.8994444444,18.4958333333	47.78,18.6930555556
335	345	1504285200	1504292399	5	48.9433333333,19.8777777778	48.8730555556,20.0258333333	48.8652777778,20.0383333333	48.8652777778,19.9669444444	48.9433333333,19.8777777778
335	345	1504285200	1504292399	20	48.9319444444,20.7327777778	48.9225,21.0213888889	48.9163888889,21.1980555556	48.9113888889,21.3377777778	48.8830555556,21.4488888889	48.8086111111,21.5111111111	48.78,21.535	48.6502777778,21.6777777778	48.5094444444,21.6138888889	48.5833333333,21.45	48.5605555556,21.3533333333	48.5230555556,21.2913888889	48.5194444444,21.1833333333	48.4916666667,21.1083333333	48.5708333333,20.7461111111	48.7183333333,20.695	48.7361111111,20.6888888889	48.8644444444,20.6441666667	48.9022222222,20.6936111111	48.9319444444,20.7327777778
335	345	1504285200	1504292399	13	48.5283333333,18.9297222222	48.6491666667,18.6558333333	48.6744444444,18.7325	48.7897222222,19.0766666667	48.8083333333,19.1325	48.7983333333,19.3230555556	48.7952777778,19.3811111111	48.5972222222,19.4125	48.5602777778,19.4183333333	48.4044444444,19.4913888889	48.3833333333,19.3922222222	48.3188888889,19.0902777778	48.5283333333,18.9297222222
335	345	1504285200	1504292399	13	49.3497222222,20.2552777778	49.2530555556,20.3772222222	49.2522222222,20.3761111111	49.2133333333,20.3236111111	49.1286111111,20.21	49.1344444444,20.0763888889	49.1444444444,19.8619444444	49.1458333333,19.8291666667	49.1963888889,19.8516666667	49.2222222222,20.0	49.22,20.1	49.3136111111,20.1752777778	49.3497222222,20.2552777778
335	345	1504285200	1504292399	10	48.7716666667,22.3505555556	48.6516666667,22.2613888889	48.6347222222,22.2458333333	48.54,22.16	48.5533333333,22.08	48.57,21.99	48.635,21.9316666667	48.715,22.0316666667	48.745,22.1833333333	48.7716666667,22.3505555556
335	345	1504285200	1504292399	10	49.1458333333,19.8291666667	49.1158333333,19.8158333333	48.9791666667,19.7716666667	48.9433333333,19.8777777778	48.9525,19.6661111111	49.0002777778,19.6111111111	49.1547222222,19.6261111111	49.15,19.735	49.1466666667,19.8138888889	49.1458333333,19.8291666667
335	345	1504285200	1504292399	68	49.4338888889,18.5455555556	49.5066666667,18.5647222222	49.4972222222,18.7002777778	49.5169444444,18.8508333333	49.5111111111,18.9619444444	49.3902777778,18.9811111111	49.4136111111,19.2	49.53,19.2594444444	49.6116666667,19.4694444444	49.455,19.6466666667	49.4277777778,19.6361111111	49.3763888889,19.7916666667	49.3036111111,19.7997222222	49.1963888889,19.8516666667	49.2013888889,19.7022222222	49.1547222222,19.6261111111	49.0002777778,19.6111111111	48.9525,19.6661111111	48.9433333333,19.8777777778	48.8652777778,19.9669444444	48.8652777778,20.0383333333	48.8652777778,20.1525	48.8652777778,20.2638888889	48.8644444444,20.6441666667	48.7361111111,20.6888888889	48.7183333333,20.695	48.6711111111,20.245	48.4936111111,20.2883333333	48.5033333333,20.3816666667	48.5152777778,20.5102777778	48.4841666667,20.4866666667	48.4497222222,20.4477777778	48.3961111111,20.4163888889	48.3247222222,20.3716666667	48.2666666667,20.2861111111	48.1747222222,20.0569444444	48.1588888889,19.8955555556	48.25,19.6666666667	48.2305555556,19.5986111111	48.0836111111,19.3986111111	48.0913888889,19.3661111111	48.0888888889,19.3158333333	48.0680555556,19.25	48.3188888889,19.0902777778	48.3833333333,19.3922222222	48.4044444444,19.4913888889	48.5602777778,19.4183333333	48.5972222222,19.4125	48.7952777778,19.3811111111	48.7983333333,19.3230555556	48.8083333333,19.1325	48.7897222222,19.0766666667	48.6744444444,18.7325	48.6491666667,18.6558333333	48.7383333333,18.4527777778	48.9083333333,18.3427777778	49.0661111111,18.0911111111	49.1272222222,18.1108333333	49.1538888889,18.1233333333	49.1752777778,18.1191666667	49.1988888889,18.1436111111	49.1875,18.2352777778	49.1122222222,18.3952777778	49.0438888889,18.5541666667	49.0911111111,18.8155555556	49.2388888889,18.9416666667	49.3388888889,18.815	49.4338888889,18.5455555556
335	345	1504285200	1504292399	8	48.7183333333,20.695	48.5708333333,20.7461111111	48.55,20.6333333333	48.5152777778,20.5102777778	48.5033333333,20.3816666667	48.4936111111,20.2883333333	48.6711111111,20.245	48.7183333333,20.695
355	365	1504285200	1504292399	4	49.3125,20.3769444444	49.2530555556,20.3772222222	49.3497222222,20.2552777778	49.3125,20.3769444444
355	365	1504285200	1504292399	10	48.0211111111,18.8158333333	47.9416666667,18.7736111111	47.8233333333,18.8	47.8083333333,18.7330555556	47.7916666667,18.725	47.7822222222,18.7086111111	47.78,18.6930555556	47.8994444444,18.4958333333	47.9580555556,18.51	48.0211111111,18.8158333333
355	365	1504285200	1504292399	21	49.1008333333,20.9558333333	49.1716666667,20.9297222222	49.3125,20.6941666667	49.3125,20.3769444444	49.3497222222,20.2552777778	49.4175,20.7022222222	49.2919444444,20.9330555556	49.3363888889,21.0102777778	49.3675,21.0955555556	49.4083333333,21.1986111111	49.4194444444,21.2269444444	49.4486111111,21.3333333333	49.4127777778,21.4391666667	49.1105555556,21.1813888889	49.0625,21.1358333333	49.0061111111,21.13	48.9163888889,21.1980555556	48.9225,21.0213888889	48.9319444444,20.7327777778	48.9711111111,20.7844444444	49.1008333333,20.9558333333
355	365	1504285200	1504292399	10	49.1594444444,21.4563888889	49.0747222222,21.5644444444	48.9644444444,21.4555555556	48.93,21.405	48.9113888889,21.3377777778	48.9163888889,21.1980555556	49.0061111111,21.13	49.0625,21.1358333333	49.1105555556,21.1813888889	49.1594444444,21.4563888889
355	365	1504285200	1504292399	17	49.4338888889,18.5455555556	49.3388888889,18.815	49.2388888889,18.9416666667	49.0911111111,18.8155555556	49.0438888889,18.5541666667	49.1122222222,18.3952777778	49.1875,18.2352777778	49.1988888889,18.1436111111	49.2166666667,18.1522222222	49.2333333333,18.15	49.2461111111,18.1658333333	49.2863888889,18.1844444444	49.3038888889,18.2802777778	49.3266666667,18.3708333333	49.3972222222,18.4197222222	49.3936111111,18.4472222222	49.4338888889,18.5455555556
355	365	1504285200	1504292399	32	48.3744444444,16.8413888889	48.5463888889,17.4586111111	48.3294444444,17.8227777778	48.2644444444,17.9322222222	47.8547222222,18.4861111111	47.7641666667,18.4647222222	47.7369444444,18.33	47.74,18.1983333333	47.7547222222,18.1244444444	47.7569444444,18.1127777778	47.7566666667,18.0619444444	47.75,17.7666666667	47.7872222222,17.6625	47.8183333333,17.6141666667	47.9191666667,17.425	47.9466666667,17.3697222222	47.9466666667,17.3263888889	47.9838888889,17.3	48.02,17.2333333333	48.0063888889,17.1605555556	48.0252777778,17.0813888889	48.0675,17.0877777778	48.1077777778,17.0858333333	48.1269444444,17.0077777778	48.1722222222,16.9747222222	48.1791666667,16.9722222222	48.1905555556,16.9691666667	48.2161111111,16.9583333333	48.2425,16.9438888889	48.2702777778,16.9263888889	48.3058333333,16.9080555556	48.3744444444,16.8413888889
355	365	1504285200	1504292399	21	48.9319444444,20.7327777778	48.9022222222,20.6936111111	48.8644444444,20.6441666667	48.8652777778,20.2638888889	48.8652777778,20.1525	48.8652777778,20.0383333333	48.8730555556,20.0258333333	48.9433333333,19.8777777778	48.9791666667,19.7716666667	49.1158333333,19.8158333333	49.1458333333,19.8291666667	49.1444444444,19.8619444444	49.1344444444,20.0763888889	49.1286111111,20.21	49.2133333333,20.3236111111	49.2522222222,20.3761111111	49.2530555556,20.3772222222	49.1880555556,20.4591666667	49.0916666667,20.7063888889	48.9472222222,20.7080555556	48.9319444444,20.7327777778
355	365	1504285200	1504292399	11	49.3125,20.6941666667	49.1716666667,20.9297222222	49.1008333333,20.9558333333	48.9711111111,20.7844444444	48.9319444444,20.7327777778	48.9472222222,20.7080555556	49.0916666667,20.7063888889	49.1880555556,20.4591666667	49.2530555556,20.3772222222	49.3125,20.3769444444	49.3125,20.6941666667
355	365	1504285200	1504292399	32	49.4127777778,21.4391666667	49.0886111111,22.5666666667	49.0880555556,22.5658333333	48.9502777778,22.4486111111	48.8238888889,22.375	48.7716666667,22.3505555556	48.745,22.1833333333	48.715,22.0316666667	48.635,21.9316666667	48.57,21.99	48.5533333333,22.08	48.54,22.16	48.4666666667,22.15	48.4641666667,22.1472222222	48.4333333333,22.1666666667	48.4033333333,22.1552777778	48.3847222222,22.0113888889	48.3616666667,21.9272222222	48.3394444444,21.7811111111	48.3991666667,21.6691666667	48.5094444444,21.6138888889	48.6502777778,21.6777777778	48.78,21.535	48.8086111111,21.5111111111	48.8830555556,21.4488888889	48.9113888889,21.3377777778	48.93,21.405	48.9644444444,21.4555555556	49.0747222222,21.5644444444	49.1594444444,21.4563888889	49.1105555556,21.1813888889	49.4127777778,21.4391666667
355	365	1504285200	1504292399	7	49.1963888889,19.8516666667	49.1458333333,19.8291666667	49.1466666667,19.8138888889	49.15,19.735	49.1547222222,19.6261111111	49.2013888889,19.7022222222	49.1963888889,19.8516666667
355	365	1504285200	1504292399	38	48.3744444444,16.8413888889	48.3827777778,16.8341666667	48.4275,16.8561111111	48.45,16.8508333333	48.5419444444,16.9002777778	48.6155555556,16.9408333333	48.7827777778,17.0791666667	48.8533333333,17.1677777778	48.8583333333,17.175	48.815,17.3666666667	48.8194444444,17.4111111111	48.8213888889,17.5375	48.8411111111,17.6052777778	48.8577777778,17.6761111111	48.8580555556,17.6780555556	48.8652777778,17.7094444444	48.9716666667,17.9016666667	49.0033333333,17.9152777778	49.0247222222,17.9502777778	49.0244444444,17.9708333333	49.035,18.0666666667	49.0661111111,18.0911111111	48.9083333333,18.3427777778	48.7383333333,18.4527777778	48.6491666667,18.6558333333	48.5283333333,18.9297222222	48.3188888889,19.0902777778	48.0680555556,19.25	48.0730555556,19.1272222222	48.0480555556,18.8344444444	48.0211111111,18.8158333333	47.9580555556,18.51	47.8994444444,18.4958333333	47.8547222222,18.4861111111	48.2644444444,17.9322222222	48.3294444444,17.8227777778	48.5463888889,17.4586111111	48.3744444444,16.8413888889
355	365	1504285200	1504292399	6	47.78,18.6930555556	47.7666666667,18.6	47.7641666667,18.4647222222	47.8547222222,18.4861111111	47.8994444444,18.4958333333	47.78,18.6930555556
355	365	1504285200	1504292399	5	48.9433333333,19.8777777778	48.8730555556,20.0258333333	48.8652777778,20.0383333333	48.8652777778,19.9669444444	48.9433333333,19.8777777778
355	365	1504285200	1504292399	20	48.9319444444,20.7327777778	48.9225,21.0213888889	48.9163888889,21.1980555556	48.9113888889,21.3377777778	48.8830555556,21.4488888889	48.8086111111,21.5111111111	48.78,21.535	48.6502777778,21.6777777778	48.5094444444,21.6138888889	48.5833333333,21.45	48.5605555556,21.3533333333	48.5230555556,21.2913888889	48.5194444444,21.1833333333	48.4916666667,21.1083333333	48.5708333333,20.7461111111	48.7183333333,20.695	48.7361111111,20.6888888889	48.8644444444,20.6441666667	48.9022222222,20.6936111111	48.9319444444,20.7327777778
355	365	1504285200	1504292399	13	48.5283333333,18.9297222222	48.6491666667,18.6558333333	48.6744444444,18.7325	48.7897222222,19.0766666667	48.8083333333,19.1325	48.7983333333,19.3230555556	48.7952777778,19.3811111111	48.5972222222,19.4125	48.5602777778,19.4183333333	48.4044444444,19.4913888889	48.3833333333,19.3922222222	48.3188888889,19.0902777778	48.5283333333,18.9297222222
355	365	1504285200	1504292399	13	49.3497222222,20.2552777778	49.2530555556,20.3772222222	49.2522222222,20.3761111111	49.2133333333,20.3236111111	49.1286111111,20.21	49.1344444444,20.0763888889	49.1444444444,19.8619444444	49.1458333333,19.8291666667	49.1963888889,19.8516666667	49.2222222222,20.0	49.22,20.1	49.3136111111,20.1752777778	49.3497222222,20.2552777778
355	365	1504285200	1504292399	10	48.7716666667,22.3505555556	48.6516666667,22.2613888889	48.6347222222,22.2458333333	48.54,22.16	48.5533333333,22.08	48.57,21.99	48.635,21.9316666667	48.715,22.0316666667	48.745,22.1833333333	48.7716666667,22.3505555556
355	365	1504285200	1504292399	10	49.1458333333,19.8291666667	49.1158333333,19.8158333333	48.9791666667,19.7716666667	48.9433333333,19.8777777778	48.9525,19.6661111111	49.0002777778,19.6111111111	49.1547222222,19.6261111111	49.15,19.735	49.1466666667,19.8138888889	49.1458333333,19.8291666667
355	365	1504285200	1504292399	68	49.4338888889,18.5455555556	49.5066666667,18.5647222222	49.4972222222,18.7002777778	49.5169444444,18.8508333333	49.5111111111,18.9619444444	49.3902777778,18.9811111111	49.4136111111,19.2	49.53,19.2594444444	49.6116666667,19.4694444444	49.455,19.6466666667	49.4277777778,19.6361111111	49.3763888889,19.7916666667	49.3036111111,19.7997222222	49.1963888889,19.8516666667	49.2013888889,19.7022222222	49.1547222222,19.6261111111	49.0002777778,19.6111111111	48.9525,19.6661111111	48.9433333333,19.8777777778	48.8652777778,19.9669444444	48.8652777778,20.0383333333	48.8652777778,20.1525	48.8652777778,20.2638888889	48.8644444444,20.6441666667	48.7361111111,20.6888888889	48.7183333333,20.695	48.6711111111,20.245	48.4936111111,20.2883333333	48.5033333333,20.3816666667	48.5152777778,20.5102777778	48.4841666667,20.4866666667	48.4497222222,20.4477777778	48.3961111111,20.4163888889	48.3247222222,20.3716666667	48.2666666667,20.2861111111	48.1747222222,20.0569444444	48.1588888889,19.8955555556	48.25,19.6666666667	48.2305555556,19.5986111111	48.0836111111,19.3986111111	48.0913888889,19.3661111111	48.0888888889,19.3158333333	48.0680555556,19.25	48.3188888889,19.0902777778	48.3833333333,19.3922222222	48.4044444444,19.4913888889	48.5602777778,19.4183333333	48.5972222222,19.4125	48.7952777778,19.3811111111	48.7983333333,19.3230555556	48.8083333333,19.1325	48.7897222222,19.0766666667	48.6744444444,18.7325	48.6491666667,18.6558333333	48.7383333333,18.4527777778	48.9083333333,18.3427777778	49.0661111111,18.0911111111	49.1272222222,18.1108333333	49.1538888889,18.1233333333	49.1752777778,18.1191666667	49.1988888889,18.1436111111	49.1875,18.2352777778	49.1122222222,18.3952777778	49.0438888889,18.5541666667	49.0911111111,18.8155555556	49.2388888889,18.9416666667	49.3388888889,18.815	49.4338888889,18.5455555556
355	365	1504285200	1504292399	8	48.7183333333,20.695	48.5708333333,20.7461111111	48.55,20.6333333333	48.5152777778,20.5102777778	48.5033333333,20.3816666667	48.4936111111,20.2883333333	48.6711111111,20.245	48.7183333333,20.695
