9
115	999	1504224000	1504310399	5	41.9333333333,42.4305555556	41.9477777778,41.8836111111	42.1138888889,42.0416666667	42.0916666667,42.3333333333	41.9333333333,42.4305555556
115	999	1504224000	1504310399	13	41.5166666667,41.5486111111	41.5444444444,41.7125	41.7622222222,41.8730555556	41.5244444444,41.9655555556	41.5,41.9077777778	41.4608333333,41.8788888889	41.4347222222,41.8233333333	41.4641666667,41.7816666667	41.475,41.7161111111	41.4897222222,41.7216666667	41.4975,41.7088888889	41.4836111111,41.655	41.5166666667,41.5486111111
115	999	1504224000	1504310399	6	42.2247222222,43.0861111111	42.1833333333,43.1	42.0997222222,43.0261111111	42.0930555556,42.7791666667	42.2694444444,42.8097222222	42.2247222222,43.0861111111
115	999	1504224000	1504310399	11	42.3963888889,42.6119444444	42.2694444444,42.8097222222	42.0930555556,42.7791666667	42.0722222222,42.4844444444	42.0916666667,42.3333333333	42.1138888889,42.0416666667	41.9477777778,41.8836111111	41.9497222222,41.7986111111	42.0666666667,41.3361111111	42.5902777778,41.8527777778	42.3963888889,42.6119444444
115	999	1504224000	1504310399	11	42.1386111111,41.0472222222	42.0666666667,41.3361111111	41.9497222222,41.7986111111	41.7622222222,41.8730555556	41.5444444444,41.7125	41.5166666667,41.5486111111	41.5488888889,41.4497222222	41.6,41.2819444444	41.6975,40.9786111111	42.0738888889,40.9508333333	42.1386111111,41.0472222222
115	999	1504224000	1504310399	5	42.2763888889,43.0688888889	42.2247222222,43.0861111111	42.2694444444,42.8097222222	42.3963888889,42.6119444444	42.2763888889,43.0688888889
115	999	1504224000	1504310399	7	42.0997222222,43.0261111111	41.9913888889,42.9305555556	41.9333333333,42.4305555556	42.0916666667,42.3333333333	42.0722222222,42.4844444444	42.0930555556,42.7791666667	42.0997222222,43.0261111111
0	999	1504224000	1504310399	66	42.0666666667,41.3361111111	42.1386111111,41.0472222222	42.0738888889,40.9508333333	41.6975,40.9786111111	41.7991666667,40.6563888889	41.9,40.3333333333	42.4902777778,40.1458333333	42.9897222222,39.9852777778	43.1866666667,39.9152777778	43.3833333333,40.0166666667	43.4255555556,40.0113888889	43.5075,40.0627777778	43.5255555556,40.0905555556	43.5666666667,40.1033333333	43.5863888889,40.2594444444	43.5530555556,40.3344444444	43.5452777778,40.4238888889	43.555,40.4444444444	43.5161111111,40.5644444444	43.5591666667,40.6525	43.5333333333,40.7002777778	43.4852777778,40.8316666667	43.4852777778,40.8794444444	43.4252777778,40.9358333333	43.4308333333,40.9958333333	43.4152777778,41.0305555556	43.3822222222,41.0613888889	43.3775,41.1019444444	43.3944444444,41.12	43.3941666667,41.1402777778	43.3505555556,41.2927777778	43.3338888889,41.3119444444	43.3394444444,41.3422222222	43.3613888889,41.3688888889	43.3613888889,41.4077777778	43.3527777778,41.4202777778	43.3055555556,41.4255555556	43.2966666667,41.4788888889	43.2488888889,41.5541666667	43.2241666667,41.6233333333	43.23,41.6575	43.215,41.7077777778	43.2327777778,41.7363888889	43.2036111111,41.82	43.2158333333,41.8633333333	43.2366666667,41.8613888889	43.2466666667,41.8725	43.225,41.9436111111	43.2097222222,41.9594444444	43.2141666667,42.0180555556	43.1938888889,42.0583333333	43.2180555556,42.1936111111	43.2097222222,42.2658333333	43.2141666667,42.3252777778	43.2438888889,42.3775	43.2522222222,42.4522222222	43.2377777778,42.4741666667	43.2066666667,42.4877777778	43.1369444444,42.6827777778	43.1736111111,42.6802777778	43.1666666667,42.7166666667	42.2833333333,43.0666666667	42.2763888889,43.0688888889	42.3963888889,42.6119444444	42.5902777778,41.8527777778	42.0666666667,41.3361111111
0	999	1504224000	1504310399	30	41.9497222222,41.7986111111	41.9477777778,41.8836111111	41.9333333333,42.4305555556	41.9913888889,42.9305555556	41.9038888889,42.8416666667	41.4994444444,42.8711111111	41.4727777778,42.8516666667	41.4925,42.8094444444	41.5166666667,42.7969444444	41.5575,42.8183333333	41.5783333333,42.7838888889	41.5758333333,42.5961111111	41.5616666667,42.5780555556	41.5105555556,42.5697222222	41.4683333333,42.5105555556	41.44,42.5205555556	41.4391666667,42.4708333333	41.4427777778,42.4391666667	41.4663888889,42.4077777778	41.4711111111,42.3338888889	41.4938888889,42.2888888889	41.4933333333,42.2041666667	41.5141666667,42.1838888889	41.5116666667,42.0869444444	41.4941666667,42.0483333333	41.5063888889,41.9925	41.5252777778,41.9769444444	41.5244444444,41.9655555556	41.7622222222,41.8730555556	41.9497222222,41.7986111111
