30
335	345	1504288800	1504310399	30	51.5666666667,29.3333333333	51.4,29.3869444444	50.8333333333,29.5666666667	50.68,29.6666666667	50.1869444444,29.5702777778	50.0,29.7333333333	49.6475,29.7497222222	49.7041666667,28.2288888889	49.7616666667,27.85	49.9511111111,27.4894444444	50.1819444444,27.0438888889	50.4658333333,27.2077777778	50.5416666667,27.255	50.7069444444,27.3488888889	50.85,27.4333333333	51.3761111111,27.7458333333	51.3833333333,27.75	51.4122222222,27.7544444444	51.4713888889,27.7597222222	51.55,28.4666666667	51.5647222222,28.6797222222	51.4438888889,28.6786111111	51.4597222222,28.7433333333	51.4191666667,28.7844444444	51.4966666667,28.7877777778	51.5586111111,28.835	51.5905555556,28.9116666667	51.5930555556,29.0316666667	51.6666666667,29.0833333333	51.5666666667,29.3333333333
275	999	1504288800	1504310399	5	50.1922222222,30.5755555556	50.1494444444,30.675	50.0636111111,30.5669444444	50.1663888889,30.5738888889	50.1922222222,30.5755555556
275	999	1504288800	1504310399	9	50.6652777778,30.2986111111	50.4333333333,30.4333333333	50.2458333333,30.4458333333	50.3066666667,30.3083333333	50.3333333333,30.1333333333	50.45,30.1666666667	50.4783333333,30.29	50.6333333333,30.2166666667	50.6652777778,30.2986111111
275	999	1504288800	1504310399	10	50.5680555556,30.6561111111	50.4122222222,30.7444444444	50.3655555556,30.7394444444	50.3330555556,30.7363888889	50.2322222222,30.6783333333	50.3211111111,30.6925	50.3736111111,30.7033333333	50.4608333333,30.6780555556	50.5038888889,30.6666666667	50.5680555556,30.6561111111
275	999	1504288800	1504310399	9	50.1494444444,30.675	50.1252777778,30.7788888889	50.0161111111,30.8788888889	50.0683333333,31.3727777778	49.8086111111,30.9713888889	49.8130555556,30.7777777778	49.97,30.5605555556	50.0636111111,30.5669444444	50.1494444444,30.675
275	999	1504288800	1504310399	8	50.4466666667,30.1516666667	50.7033333333,29.96	50.7383333333,29.975	50.7666666667,30.0666666667	50.6333333333,30.2166666667	50.4783333333,30.29	50.45,30.1666666667	50.4466666667,30.1516666667
275	999	1504288800	1504310399	7	50.6277777778,31.0491666667	50.6280555556,31.2013888889	50.5327777778,31.2855555556	50.4133333333,31.2772222222	50.1466666667,31.3511111111	50.3333333333,30.8866666667	50.6277777778,31.0491666667
275	999	1504288800	1504310399	5	50.3986111111,30.5897222222	50.1922222222,30.5755555556	50.2458333333,30.4458333333	50.4333333333,30.4333333333	50.3986111111,30.5897222222
275	999	1504288800	1504310399	8	50.6680555556,30.6083333333	50.6611111111,30.6511111111	50.5680555556,30.6561111111	50.5038888889,30.6666666667	50.4608333333,30.6780555556	50.3736111111,30.7033333333	50.3986111111,30.5897222222	50.6680555556,30.6083333333
275	999	1504288800	1504310399	10	50.8888888889,31.19	50.7483333333,31.7966666667	50.6486111111,31.8027777778	49.95,31.8333333333	50.1336111111,31.3833333333	50.4386111111,31.3686111111	50.5327777778,31.2855555556	50.7288888889,31.2988888889	50.8033333333,31.1438888889	50.8888888889,31.19
275	999	1504288800	1504310399	6	50.6286111111,30.8922222222	50.6277777778,31.0491666667	50.3333333333,30.8866666667	50.3655555556,30.7394444444	50.4122222222,30.7444444444	50.6286111111,30.8922222222
275	999	1504288800	1504310399	7	50.3333333333,30.1333333333	50.3066666667,30.3083333333	50.2458333333,30.4458333333	50.1922222222,30.5755555556	50.1663888889,30.5738888889	50.2416666667,30.1280555556	50.3333333333,30.1333333333
275	999	1504288800	1504310399	5	50.6611111111,30.6511111111	50.6286111111,30.8922222222	50.4122222222,30.7444444444	50.5680555556,30.6561111111	50.6611111111,30.6511111111
275	999	1504288800	1504310399	6	50.6333333333,30.2166666667	50.4783333333,30.29	50.45,30.1666666667	50.3333333333,30.1333333333	50.6033333333,30.1275	50.6333333333,30.2166666667
275	999	1504288800	1504310399	7	50.3333333333,30.8866666667	50.1466666667,31.3511111111	50.0683333333,31.3727777778	50.0161111111,30.8788888889	50.1252777778,30.7788888889	50.1494444444,30.675	50.3333333333,30.8866666667
275	999	1504288800	1504310399	9	50.8577777778,30.8205555556	50.8522222222,31.0419444444	50.8033333333,31.1438888889	50.6277777778,31.0491666667	50.6286111111,30.8922222222	50.6611111111,30.6511111111	50.6680555556,30.6083333333	50.76,30.6147222222	50.8577777778,30.8205555556
275	999	1504288800	1504310399	21	50.8333333333,29.5666666667	50.8333333333,30.2	50.6652777778,30.2986111111	50.6333333333,30.2166666667	50.7666666667,30.0666666667	50.7383333333,29.975	50.7033333333,29.96	50.4466666667,30.1516666667	50.45,30.1666666667	50.3333333333,30.1333333333	50.3066666667,30.3083333333	50.2458333333,30.4458333333	49.935,30.4655555556	49.9166666667,30.4666666667	49.7161111111,30.1580555556	49.6225,30.0136111111	49.6475,29.7497222222	50.0,29.7333333333	50.1869444444,29.5702777778	50.68,29.6666666667	50.8333333333,29.5666666667
275	999	1504288800	1504310399	6	50.5327777778,31.2855555556	50.4386111111,31.3686111111	50.1336111111,31.3833333333	50.1466666667,31.3511111111	50.4133333333,31.2772222222	50.5327777778,31.2855555556
275	999	1504288800	1504310399	6	50.3655555556,30.7394444444	50.3333333333,30.8866666667	50.1494444444,30.675	50.2322222222,30.6783333333	50.3330555556,30.7363888889	50.3655555556,30.7394444444
275	999	1504288800	1504310399	6	50.8033333333,31.1438888889	50.7288888889,31.2988888889	50.5327777778,31.2855555556	50.6280555556,31.2013888889	50.6277777778,31.0491666667	50.8033333333,31.1438888889
275	999	1504288800	1504310399	19	51.3186111111,30.6066666667	50.9463888889,30.9777777778	50.8888888889,31.19	50.8033333333,31.1438888889	50.8522222222,31.0419444444	50.8577777778,30.8205555556	50.76,30.6147222222	50.6680555556,30.6083333333	50.7033333333,30.395	50.6652777778,30.2986111111	50.8333333333,30.2	50.8333333333,29.5666666667	51.4,29.3869444444	51.4663888889,29.5866666667	51.4583333333,29.9280555556	51.4763888889,30.2616666667	51.3205555556,30.3794444444	51.2622222222,30.5572222222	51.3186111111,30.6066666667
275	999	1504288800	1504310399	15	50.8333333333,29.5666666667	50.8333333333,30.2	50.6652777778,30.2986111111	50.6333333333,30.2166666667	50.6033333333,30.1275	50.3333333333,30.1333333333	50.2416666667,30.1280555556	50.1663888889,30.5738888889	50.0636111111,30.5669444444	49.6225,30.0136111111	49.6475,29.7497222222	50.0,29.7333333333	50.1869444444,29.5702777778	50.68,29.6666666667	50.8333333333,29.5666666667
275	999	1504288800	1504310399	17	50.1336111111,31.3833333333	49.95,31.8333333333	49.8261111111,31.8525	49.54,31.6136111111	49.3244444444,31.4388888889	49.4047222222,31.0769444444	49.5008333333,30.8355555556	49.5577777778,30.6925	49.6113888889,30.1305555556	49.6225,30.0136111111	50.0636111111,30.5669444444	49.97,30.5605555556	49.8130555556,30.7777777778	49.8086111111,30.9713888889	50.0683333333,31.3727777778	50.0683333333,31.3922222222	50.1336111111,31.3833333333
275	999	1504288800	1504310399	5	50.1466666667,31.3511111111	50.1336111111,31.3833333333	50.0683333333,31.3922222222	50.0683333333,31.3727777778	50.1466666667,31.3511111111
275	999	1504288800	1504310399	7	50.3986111111,30.5897222222	50.3736111111,30.7033333333	50.3211111111,30.6925	50.2322222222,30.6783333333	50.1494444444,30.675	50.1922222222,30.5755555556	50.3986111111,30.5897222222
275	999	1504288800	1504310399	6	50.6652777778,30.2986111111	50.7033333333,30.395	50.6680555556,30.6083333333	50.3986111111,30.5897222222	50.4333333333,30.4333333333	50.6652777778,30.2986111111
325	335	1504288800	1504310399	30	51.5666666667,29.3333333333	51.4,29.3869444444	50.8333333333,29.5666666667	50.68,29.6666666667	50.1869444444,29.5702777778	50.0,29.7333333333	49.6475,29.7497222222	49.7041666667,28.2288888889	49.7616666667,27.85	49.9511111111,27.4894444444	50.1819444444,27.0438888889	50.4658333333,27.2077777778	50.5416666667,27.255	50.7069444444,27.3488888889	50.85,27.4333333333	51.3761111111,27.7458333333	51.3833333333,27.75	51.4122222222,27.7544444444	51.4713888889,27.7597222222	51.55,28.4666666667	51.5647222222,28.6797222222	51.4438888889,28.6786111111	51.4597222222,28.7433333333	51.4191666667,28.7844444444	51.4966666667,28.7877777778	51.5586111111,28.835	51.5905555556,28.9116666667	51.5930555556,29.0316666667	51.6666666667,29.0833333333	51.5666666667,29.3333333333
0	325	1504288800	1504310399	30	51.5666666667,29.3333333333	51.4,29.3869444444	50.8333333333,29.5666666667	50.68,29.6666666667	50.1869444444,29.5702777778	50.0,29.7333333333	49.6475,29.7497222222	49.7041666667,28.2288888889	49.7616666667,27.85	49.9511111111,27.4894444444	50.1819444444,27.0438888889	50.4658333333,27.2077777778	50.5416666667,27.255	50.7069444444,27.3488888889	50.85,27.4333333333	51.3761111111,27.7458333333	51.3833333333,27.75	51.4122222222,27.7544444444	51.4713888889,27.7597222222	51.55,28.4666666667	51.5647222222,28.6797222222	51.4438888889,28.6786111111	51.4597222222,28.7433333333	51.4191666667,28.7844444444	51.4966666667,28.7877777778	51.5586111111,28.835	51.5905555556,28.9116666667	51.5930555556,29.0316666667	51.6666666667,29.0833333333	51.5666666667,29.3333333333
355	999	1504288800	1504310399	30	51.5666666667,29.3333333333	51.4,29.3869444444	50.8333333333,29.5666666667	50.68,29.6666666667	50.1869444444,29.5702777778	50.0,29.7333333333	49.6475,29.7497222222	49.7041666667,28.2288888889	49.7616666667,27.85	49.9511111111,27.4894444444	50.1819444444,27.0438888889	50.4658333333,27.2077777778	50.5416666667,27.255	50.7069444444,27.3488888889	50.85,27.4333333333	51.3761111111,27.7458333333	51.3833333333,27.75	51.4122222222,27.7544444444	51.4713888889,27.7597222222	51.55,28.4666666667	51.5647222222,28.6797222222	51.4438888889,28.6786111111	51.4597222222,28.7433333333	51.4191666667,28.7844444444	51.4966666667,28.7877777778	51.5586111111,28.835	51.5905555556,28.9116666667	51.5930555556,29.0316666667	51.6666666667,29.0833333333	51.5666666667,29.3333333333
345	355	1504288800	1504310399	30	51.5666666667,29.3333333333	51.4,29.3869444444	50.8333333333,29.5666666667	50.68,29.6666666667	50.1869444444,29.5702777778	50.0,29.7333333333	49.6475,29.7497222222	49.7041666667,28.2288888889	49.7616666667,27.85	49.9511111111,27.4894444444	50.1819444444,27.0438888889	50.4658333333,27.2077777778	50.5416666667,27.255	50.7069444444,27.3488888889	50.85,27.4333333333	51.3761111111,27.7458333333	51.3833333333,27.75	51.4122222222,27.7544444444	51.4713888889,27.7597222222	51.55,28.4666666667	51.5647222222,28.6797222222	51.4438888889,28.6786111111	51.4597222222,28.7433333333	51.4191666667,28.7844444444	51.4966666667,28.7877777778	51.5586111111,28.835	51.5905555556,28.9116666667	51.5930555556,29.0316666667	51.6666666667,29.0833333333	51.5666666667,29.3333333333
