24
275	335	1504267200	1504288799	7	49.6113888889,30.1305555556	49.5577777778,30.6925	49.5008333333,30.8355555556	49.41,30.7783333333	49.4166666667,30.0916666667	49.5108333333,30.1025	49.6113888889,30.1305555556
275	335	1504267200	1504288799	4	49.6475,29.7497222222	49.6225,30.0136111111	49.4566666667,29.7583333333	49.6475,29.7497222222
275	335	1504267200	1504288799	14	49.6225,30.0136111111	49.6113888889,30.1305555556	49.5108333333,30.1025	49.4166666667,30.0916666667	49.41,30.7783333333	49.5008333333,30.8355555556	49.4047222222,31.0769444444	49.3244444444,31.4388888889	49.0408333333,31.2094444444	49.2094444444,30.6236111111	49.27,30.4227777778	49.2977777778,30.3241666667	49.4566666667,29.7583333333	49.6225,30.0136111111
345	355	1504267200	1504288799	38	49.7616666667,27.85	49.7041666667,28.2288888889	49.55,29.1833333333	49.3433333333,28.9333333333	49.25,28.8166666667	49.455,28.4666666667	49.3230555556,28.2788888889	49.2433333333,28.2630555556	49.2027777778,28.2630555556	49.1636111111,28.2794444444	49.1266666667,28.3058333333	49.0933333333,28.3416666667	49.0644444444,28.3855555556	49.0413888889,28.4366666667	49.0241666667,28.4930555556	49.0136111111,28.5530555556	49.0083333333,28.615	49.0136111111,28.6769444444	49.0241666667,28.7369444444	49.0413888889,28.7933333333	49.0644444444,28.8444444444	49.0933333333,28.8883333333	49.1266666667,28.9241666667	48.27,29.2716666667	48.0355555556,29.3580555556	47.8875,29.415	47.8052777778,29.2894444444	47.8044444444,29.2788888889	47.8866666667,29.2330555556	47.9930555556,29.1422222222	48.125,28.7305555556	48.4155555556,27.8380555556	48.5936111111,27.8388888889	48.97,27.8416666667	49.05,27.8383333333	49.15,27.845	49.3908333333,27.8469444444	49.7616666667,27.85
345	355	1504267200	1504288799	9	49.0408333333,31.2094444444	49.3244444444,31.4388888889	48.6055555556,32.6694444444	48.5244444444,32.6013888889	48.3833333333,32.65	48.3833333333,32.3833333333	48.4166666667,31.85	48.4666666667,31.55	49.0408333333,31.2094444444
345	355	1504267200	1504288799	32	49.55,29.1833333333	49.4566666667,29.7583333333	49.2977777778,30.3241666667	49.27,30.4227777778	49.2094444444,30.6236111111	49.0408333333,31.2094444444	48.4666666667,31.55	48.4166666667,31.85	48.3833333333,32.3833333333	48.3833333333,32.65	48.3577777778,32.6730555556	48.1183333333,32.8883333333	48.0266666667,32.8744444444	47.7666666667,32.8333333333	47.955,31.5983333333	48.0,31.2716666667	48.0438888889,30.9752777778	48.0880555556,30.6616666667	48.165,30.0883333333	48.1913888889,29.8844444444	48.0647222222,29.6877777778	47.8875,29.415	48.0355555556,29.3580555556	48.27,29.2716666667	49.1266666667,28.9241666667	49.1636111111,28.9505555556	49.2027777778,28.9669444444	49.2433333333,28.9725	49.2838888889,28.9669444444	49.3230555556,28.9511111111	49.3433333333,28.9333333333	49.55,29.1833333333
345	355	1504267200	1504288799	14	49.6225,30.0136111111	49.6113888889,30.1305555556	49.5108333333,30.1025	49.4166666667,30.0916666667	49.41,30.7783333333	49.5008333333,30.8355555556	49.4047222222,31.0769444444	49.3244444444,31.4388888889	49.0408333333,31.2094444444	49.2094444444,30.6236111111	49.27,30.4227777778	49.2977777778,30.3241666667	49.4566666667,29.7583333333	49.6225,30.0136111111
345	355	1504267200	1504288799	7	49.6113888889,30.1305555556	49.5577777778,30.6925	49.5008333333,30.8355555556	49.41,30.7783333333	49.4166666667,30.0916666667	49.5108333333,30.1025	49.6113888889,30.1305555556
345	355	1504267200	1504288799	26	49.455,28.4666666667	49.25,28.8166666667	49.3433333333,28.9333333333	49.3230555556,28.9511111111	49.2838888889,28.9669444444	49.2433333333,28.9725	49.2027777778,28.9669444444	49.1636111111,28.9505555556	49.1266666667,28.9241666667	49.0933333333,28.8883333333	49.0644444444,28.8444444444	49.0413888889,28.7933333333	49.0241666667,28.7369444444	49.0136111111,28.6769444444	49.0083333333,28.615	49.0136111111,28.5530555556	49.0241666667,28.4930555556	49.0413888889,28.4366666667	49.0644444444,28.3855555556	49.0933333333,28.3416666667	49.1266666667,28.3058333333	49.1636111111,28.2794444444	49.2027777778,28.2630555556	49.2433333333,28.2630555556	49.3230555556,28.2788888889	49.455,28.4666666667
345	355	1504267200	1504288799	5	49.7041666667,28.2288888889	49.6475,29.7497222222	49.4566666667,29.7583333333	49.55,29.1833333333	49.7041666667,28.2288888889
345	355	1504267200	1504288799	4	49.6475,29.7497222222	49.6225,30.0136111111	49.4566666667,29.7583333333	49.6475,29.7497222222
0	335	1504267200	1504288799	38	49.7616666667,27.85	49.7041666667,28.2288888889	49.55,29.1833333333	49.3433333333,28.9333333333	49.25,28.8166666667	49.455,28.4666666667	49.3230555556,28.2788888889	49.2433333333,28.2630555556	49.2027777778,28.2630555556	49.1636111111,28.2794444444	49.1266666667,28.3058333333	49.0933333333,28.3416666667	49.0644444444,28.3855555556	49.0413888889,28.4366666667	49.0241666667,28.4930555556	49.0136111111,28.5530555556	49.0083333333,28.615	49.0136111111,28.6769444444	49.0241666667,28.7369444444	49.0413888889,28.7933333333	49.0644444444,28.8444444444	49.0933333333,28.8883333333	49.1266666667,28.9241666667	48.27,29.2716666667	48.0355555556,29.3580555556	47.8875,29.415	47.8052777778,29.2894444444	47.8044444444,29.2788888889	47.8866666667,29.2330555556	47.9930555556,29.1422222222	48.125,28.7305555556	48.4155555556,27.8380555556	48.5936111111,27.8388888889	48.97,27.8416666667	49.05,27.8383333333	49.15,27.845	49.3908333333,27.8469444444	49.7616666667,27.85
0	335	1504267200	1504288799	5	49.7041666667,28.2288888889	49.6475,29.7497222222	49.4566666667,29.7583333333	49.55,29.1833333333	49.7041666667,28.2288888889
0	335	1504267200	1504288799	32	49.55,29.1833333333	49.4566666667,29.7583333333	49.2977777778,30.3241666667	49.27,30.4227777778	49.2094444444,30.6236111111	49.0408333333,31.2094444444	48.4666666667,31.55	48.4166666667,31.85	48.3833333333,32.3833333333	48.3833333333,32.65	48.3577777778,32.6730555556	48.1183333333,32.8883333333	48.0266666667,32.8744444444	47.7666666667,32.8333333333	47.955,31.5983333333	48.0,31.2716666667	48.0438888889,30.9752777778	48.0880555556,30.6616666667	48.165,30.0883333333	48.1913888889,29.8844444444	48.0647222222,29.6877777778	47.8875,29.415	48.0355555556,29.3580555556	48.27,29.2716666667	49.1266666667,28.9241666667	49.1636111111,28.9505555556	49.2027777778,28.9669444444	49.2433333333,28.9725	49.2838888889,28.9669444444	49.3230555556,28.9511111111	49.3433333333,28.9333333333	49.55,29.1833333333
0	335	1504267200	1504288799	9	49.0408333333,31.2094444444	49.3244444444,31.4388888889	48.6055555556,32.6694444444	48.5244444444,32.6013888889	48.3833333333,32.65	48.3833333333,32.3833333333	48.4166666667,31.85	48.4666666667,31.55	49.0408333333,31.2094444444
0	335	1504267200	1504288799	26	49.455,28.4666666667	49.25,28.8166666667	49.3433333333,28.9333333333	49.3230555556,28.9511111111	49.2838888889,28.9669444444	49.2433333333,28.9725	49.2027777778,28.9669444444	49.1636111111,28.9505555556	49.1266666667,28.9241666667	49.0933333333,28.8883333333	49.0644444444,28.8444444444	49.0413888889,28.7933333333	49.0241666667,28.7369444444	49.0136111111,28.6769444444	49.0083333333,28.615	49.0136111111,28.5530555556	49.0241666667,28.4930555556	49.0413888889,28.4366666667	49.0644444444,28.3855555556	49.0933333333,28.3416666667	49.1266666667,28.3058333333	49.1636111111,28.2794444444	49.2027777778,28.2630555556	49.2433333333,28.2630555556	49.3230555556,28.2788888889	49.455,28.4666666667
335	345	1504267200	1504288799	7	49.6113888889,30.1305555556	49.5577777778,30.6925	49.5008333333,30.8355555556	49.41,30.7783333333	49.4166666667,30.0916666667	49.5108333333,30.1025	49.6113888889,30.1305555556
335	345	1504267200	1504288799	4	49.6475,29.7497222222	49.6225,30.0136111111	49.4566666667,29.7583333333	49.6475,29.7497222222
335	345	1504267200	1504288799	32	49.55,29.1833333333	49.4566666667,29.7583333333	49.2977777778,30.3241666667	49.27,30.4227777778	49.2094444444,30.6236111111	49.0408333333,31.2094444444	48.4666666667,31.55	48.4166666667,31.85	48.3833333333,32.3833333333	48.3833333333,32.65	48.3577777778,32.6730555556	48.1183333333,32.8883333333	48.0266666667,32.8744444444	47.7666666667,32.8333333333	47.955,31.5983333333	48.0,31.2716666667	48.0438888889,30.9752777778	48.0880555556,30.6616666667	48.165,30.0883333333	48.1913888889,29.8844444444	48.0647222222,29.6877777778	47.8875,29.415	48.0355555556,29.3580555556	48.27,29.2716666667	49.1266666667,28.9241666667	49.1636111111,28.9505555556	49.2027777778,28.9669444444	49.2433333333,28.9725	49.2838888889,28.9669444444	49.3230555556,28.9511111111	49.3433333333,28.9333333333	49.55,29.1833333333
335	345	1504267200	1504288799	14	49.6225,30.0136111111	49.6113888889,30.1305555556	49.5108333333,30.1025	49.4166666667,30.0916666667	49.41,30.7783333333	49.5008333333,30.8355555556	49.4047222222,31.0769444444	49.3244444444,31.4388888889	49.0408333333,31.2094444444	49.2094444444,30.6236111111	49.27,30.4227777778	49.2977777778,30.3241666667	49.4566666667,29.7583333333	49.6225,30.0136111111
335	345	1504267200	1504288799	38	49.7616666667,27.85	49.7041666667,28.2288888889	49.55,29.1833333333	49.3433333333,28.9333333333	49.25,28.8166666667	49.455,28.4666666667	49.3230555556,28.2788888889	49.2433333333,28.2630555556	49.2027777778,28.2630555556	49.1636111111,28.2794444444	49.1266666667,28.3058333333	49.0933333333,28.3416666667	49.0644444444,28.3855555556	49.0413888889,28.4366666667	49.0241666667,28.4930555556	49.0136111111,28.5530555556	49.0083333333,28.615	49.0136111111,28.6769444444	49.0241666667,28.7369444444	49.0413888889,28.7933333333	49.0644444444,28.8444444444	49.0933333333,28.8883333333	49.1266666667,28.9241666667	48.27,29.2716666667	48.0355555556,29.3580555556	47.8875,29.415	47.8052777778,29.2894444444	47.8044444444,29.2788888889	47.8866666667,29.2330555556	47.9930555556,29.1422222222	48.125,28.7305555556	48.4155555556,27.8380555556	48.5936111111,27.8388888889	48.97,27.8416666667	49.05,27.8383333333	49.15,27.845	49.3908333333,27.8469444444	49.7616666667,27.85
335	345	1504267200	1504288799	9	49.0408333333,31.2094444444	49.3244444444,31.4388888889	48.6055555556,32.6694444444	48.5244444444,32.6013888889	48.3833333333,32.65	48.3833333333,32.3833333333	48.4166666667,31.85	48.4666666667,31.55	49.0408333333,31.2094444444
335	345	1504267200	1504288799	26	49.455,28.4666666667	49.25,28.8166666667	49.3433333333,28.9333333333	49.3230555556,28.9511111111	49.2838888889,28.9669444444	49.2433333333,28.9725	49.2027777778,28.9669444444	49.1636111111,28.9505555556	49.1266666667,28.9241666667	49.0933333333,28.8883333333	49.0644444444,28.8444444444	49.0413888889,28.7933333333	49.0241666667,28.7369444444	49.0136111111,28.6769444444	49.0083333333,28.615	49.0136111111,28.5530555556	49.0241666667,28.4930555556	49.0413888889,28.4366666667	49.0644444444,28.3855555556	49.0933333333,28.3416666667	49.1266666667,28.3058333333	49.1636111111,28.2794444444	49.2027777778,28.2630555556	49.2433333333,28.2630555556	49.3230555556,28.2788888889	49.455,28.4666666667
335	345	1504267200	1504288799	5	49.7041666667,28.2288888889	49.6475,29.7497222222	49.4566666667,29.7583333333	49.55,29.1833333333	49.7041666667,28.2288888889
