16
95	275	1504242000	1504285199	5	50.6611111111,30.6511111111	50.6286111111,30.8922222222	50.4122222222,30.7444444444	50.5680555556,30.6561111111	50.6611111111,30.6511111111
95	275	1504242000	1504285199	7	50.3986111111,30.5897222222	50.3736111111,30.7033333333	50.3211111111,30.6925	50.2322222222,30.6783333333	50.1494444444,30.675	50.1922222222,30.5755555556	50.3986111111,30.5897222222
95	275	1504242000	1504285199	9	50.8577777778,30.8205555556	50.8522222222,31.0419444444	50.8033333333,31.1438888889	50.6277777778,31.0491666667	50.6286111111,30.8922222222	50.6611111111,30.6511111111	50.6680555556,30.6083333333	50.76,30.6147222222	50.8577777778,30.8205555556
95	275	1504242000	1504285199	8	50.6680555556,30.6083333333	50.6611111111,30.6511111111	50.5680555556,30.6561111111	50.5038888889,30.6666666667	50.4608333333,30.6780555556	50.3736111111,30.7033333333	50.3986111111,30.5897222222	50.6680555556,30.6083333333
95	275	1504242000	1504285199	5	50.1922222222,30.5755555556	50.1494444444,30.675	50.0636111111,30.5669444444	50.1663888889,30.5738888889	50.1922222222,30.5755555556
95	275	1504242000	1504285199	6	50.3655555556,30.7394444444	50.3333333333,30.8866666667	50.1494444444,30.675	50.2322222222,30.6783333333	50.3330555556,30.7363888889	50.3655555556,30.7394444444
95	275	1504242000	1504285199	10	50.5680555556,30.6561111111	50.4122222222,30.7444444444	50.3655555556,30.7394444444	50.3330555556,30.7363888889	50.2322222222,30.6783333333	50.3211111111,30.6925	50.3736111111,30.7033333333	50.4608333333,30.6780555556	50.5038888889,30.6666666667	50.5680555556,30.6561111111
95	275	1504242000	1504285199	6	50.6286111111,30.8922222222	50.6277777778,31.0491666667	50.3333333333,30.8866666667	50.3655555556,30.7394444444	50.4122222222,30.7444444444	50.6286111111,30.8922222222
0	275	1504242000	1504285199	15	50.8333333333,29.5666666667	50.8333333333,30.2	50.6652777778,30.2986111111	50.6333333333,30.2166666667	50.6033333333,30.1275	50.3333333333,30.1333333333	50.2416666667,30.1280555556	50.1663888889,30.5738888889	50.0636111111,30.5669444444	49.6225,30.0136111111	49.6475,29.7497222222	50.0,29.7333333333	50.1869444444,29.5702777778	50.68,29.6666666667	50.8333333333,29.5666666667
0	275	1504242000	1504285199	4	49.6475,29.7497222222	49.6225,30.0136111111	49.4566666667,29.7583333333	49.6475,29.7497222222
0	275	1504242000	1504285199	19	51.3186111111,30.6066666667	50.9463888889,30.9777777778	50.8888888889,31.19	50.8033333333,31.1438888889	50.8522222222,31.0419444444	50.8577777778,30.8205555556	50.76,30.6147222222	50.6680555556,30.6083333333	50.7033333333,30.395	50.6652777778,30.2986111111	50.8333333333,30.2	50.8333333333,29.5666666667	51.4,29.3869444444	51.4663888889,29.5866666667	51.4583333333,29.9280555556	51.4763888889,30.2616666667	51.3205555556,30.3794444444	51.2622222222,30.5572222222	51.3186111111,30.6066666667
55	275	1504242000	1504285199	7	50.3333333333,30.1333333333	50.3066666667,30.3083333333	50.2458333333,30.4458333333	50.1922222222,30.5755555556	50.1663888889,30.5738888889	50.2416666667,30.1280555556	50.3333333333,30.1333333333
55	275	1504242000	1504285199	9	50.6652777778,30.2986111111	50.4333333333,30.4333333333	50.2458333333,30.4458333333	50.3066666667,30.3083333333	50.3333333333,30.1333333333	50.45,30.1666666667	50.4783333333,30.29	50.6333333333,30.2166666667	50.6652777778,30.2986111111
55	275	1504242000	1504285199	5	50.3986111111,30.5897222222	50.1922222222,30.5755555556	50.2458333333,30.4458333333	50.4333333333,30.4333333333	50.3986111111,30.5897222222
55	275	1504242000	1504285199	6	50.6333333333,30.2166666667	50.4783333333,30.29	50.45,30.1666666667	50.3333333333,30.1333333333	50.6033333333,30.1275	50.6333333333,30.2166666667
55	275	1504242000	1504285199	6	50.6652777778,30.2986111111	50.7033333333,30.395	50.6680555556,30.6083333333	50.3986111111,30.5897222222	50.4333333333,30.4333333333	50.6652777778,30.2986111111
