10
95	275	1504242000	1504285199	6	50.8033333333,31.1438888889	50.7288888889,31.2988888889	50.5327777778,31.2855555556	50.6280555556,31.2013888889	50.6277777778,31.0491666667	50.8033333333,31.1438888889
95	275	1504242000	1504285199	7	50.3333333333,30.8866666667	50.1466666667,31.3511111111	50.0683333333,31.3727777778	50.0161111111,30.8788888889	50.1252777778,30.7788888889	50.1494444444,30.675	50.3333333333,30.8866666667
95	275	1504242000	1504285199	9	50.1494444444,30.675	50.1252777778,30.7788888889	50.0161111111,30.8788888889	50.0683333333,31.3727777778	49.8086111111,30.9713888889	49.8130555556,30.7777777778	49.97,30.5605555556	50.0636111111,30.5669444444	50.1494444444,30.675
95	275	1504242000	1504285199	7	50.6277777778,31.0491666667	50.6280555556,31.2013888889	50.5327777778,31.2855555556	50.4133333333,31.2772222222	50.1466666667,31.3511111111	50.3333333333,30.8866666667	50.6277777778,31.0491666667
0	275	1504242000	1504285199	17	50.1336111111,31.3833333333	49.95,31.8333333333	49.8261111111,31.8525	49.54,31.6136111111	49.3244444444,31.4388888889	49.4047222222,31.0769444444	49.5008333333,30.8355555556	49.5577777778,30.6925	49.6113888889,30.1305555556	49.6225,30.0136111111	50.0636111111,30.5669444444	49.97,30.5605555556	49.8130555556,30.7777777778	49.8086111111,30.9713888889	50.0683333333,31.3727777778	50.0683333333,31.3922222222	50.1336111111,31.3833333333
0	275	1504242000	1504285199	14	49.6225,30.0136111111	49.6113888889,30.1305555556	49.5108333333,30.1025	49.4166666667,30.0916666667	49.41,30.7783333333	49.5008333333,30.8355555556	49.4047222222,31.0769444444	49.3244444444,31.4388888889	49.0408333333,31.2094444444	49.2094444444,30.6236111111	49.27,30.4227777778	49.2977777778,30.3241666667	49.4566666667,29.7583333333	49.6225,30.0136111111
0	275	1504242000	1504285199	5	50.1466666667,31.3511111111	50.1336111111,31.3833333333	50.0683333333,31.3922222222	50.0683333333,31.3727777778	50.1466666667,31.3511111111
0	275	1504242000	1504285199	6	50.5327777778,31.2855555556	50.4386111111,31.3686111111	50.1336111111,31.3833333333	50.1466666667,31.3511111111	50.4133333333,31.2772222222	50.5327777778,31.2855555556
0	275	1504242000	1504285199	7	49.6113888889,30.1305555556	49.5577777778,30.6925	49.5008333333,30.8355555556	49.41,30.7783333333	49.4166666667,30.0916666667	49.5108333333,30.1025	49.6113888889,30.1305555556
0	275	1504242000	1504285199	10	50.8888888889,31.19	50.7483333333,31.7966666667	50.6486111111,31.8027777778	49.95,31.8333333333	50.1336111111,31.3833333333	50.4386111111,31.3686111111	50.5327777778,31.2855555556	50.7288888889,31.2988888889	50.8033333333,31.1438888889	50.8888888889,31.19
