96
355	999	1504224000	1504310399	4	47.9280555556,34.6441666667	47.9227777778,34.6908333333	47.9019444444,34.7	47.9280555556,34.6441666667
355	999	1504224000	1504310399	4	47.9019444444,34.7	47.8286111111,34.8569444444	47.8186111111,34.7363888889	47.9019444444,34.7
355	999	1504224000	1504310399	23	46.9,37.1	46.7833333333,37.5	46.6583333333,37.4216666667	46.5733333333,37.3683333333	46.5833333333,36.7	46.6566666667,36.5666666667	46.6616666667,36.5711111111	46.6416666667,36.6127777778	46.6269444444,36.6588888889	46.6180555556,36.7080555556	46.615,36.7586111111	46.6180555556,36.8091666667	46.6269444444,36.8583333333	46.6416666667,36.9044444444	46.6616666667,36.9461111111	46.6863888889,36.9822222222	46.715,37.0113888889	46.7466666667,37.0330555556	46.7802777778,37.0463888889	46.815,37.0508333333	46.8497222222,37.0463888889	46.8833333333,37.0333333333	46.9,37.1
355	999	1504224000	1504310399	4	48.6666666667,35.65	48.3488888889,35.9875	48.3513888889,35.7397222222	48.6666666667,35.65
355	999	1504224000	1504310399	37	47.015,36.7586111111	47.0119444444,36.8094444444	47.0030555556,36.8586111111	46.9880555556,36.905	46.9680555556,36.9466666667	46.9436111111,36.9827777778	46.915,37.0119444444	46.8833333333,37.0333333333	46.8497222222,37.0463888889	46.815,37.0508333333	46.7802777778,37.0463888889	46.7466666667,37.0330555556	46.715,37.0113888889	46.6863888889,36.9822222222	46.6616666667,36.9461111111	46.6416666667,36.9044444444	46.6269444444,36.8583333333	46.6180555556,36.8091666667	46.615,36.7586111111	46.6180555556,36.7080555556	46.6269444444,36.6588888889	46.6416666667,36.6127777778	46.6616666667,36.5711111111	46.6863888889,36.535	46.715,36.5058333333	46.7466666667,36.4841666667	46.7802777778,36.4708333333	46.815,36.4663888889	46.8497222222,36.4708333333	46.8833333333,36.4838888889	46.915,36.5052777778	46.9436111111,36.5344444444	46.9680555556,36.5705555556	46.9880555556,36.6122222222	47.0030555556,36.6586111111	47.0119444444,36.7077777778	47.015,36.7586111111
355	999	1504224000	1504310399	10	48.3513888889,35.7397222222	47.9288888889,35.86	48.1166666667,35.6116666667	48.05,35.1333333333	47.9333333333,35.0819444444	47.8952777778,35.0	47.9227777778,34.6908333333	48.4333333333,34.4666666667	48.36,35.105	48.3513888889,35.7397222222
355	999	1504224000	1504310399	6	48.3513888889,35.7397222222	48.3488888889,35.9875	48.2555555556,36.0861111111	48.2166666667,36.0583333333	47.9288888889,35.86	48.3513888889,35.7397222222
355	999	1504224000	1504310399	18	48.3488888889,35.9875	48.345,36.4216666667	48.2266666667,36.3283333333	47.9666666667,36.2166666667	47.81,36.2833333333	47.5183333333,36.2516666667	47.37,35.9916666667	47.1061111111,35.55	47.1969444444,35.2558333333	47.3516666667,34.7458333333	47.6155555556,35.0105555556	47.5166666667,35.0819444444	47.4116666667,35.2969444444	47.6461111111,35.6183333333	47.9288888889,35.86	48.2166666667,36.0583333333	48.2555555556,36.0861111111	48.3488888889,35.9875
355	999	1504224000	1504310399	8	48.05,35.1333333333	48.1166666667,35.6116666667	47.9288888889,35.86	47.9530555556,35.5855555556	47.8666666667,35.3166666667	47.8952777778,35.0	47.9333333333,35.0819444444	48.05,35.1333333333
355	999	1504224000	1504310399	4	47.8952777778,35.0	47.8666666667,35.3166666667	47.8286111111,34.8569444444	47.8952777778,35.0
355	999	1504224000	1504310399	16	49.3880555556,35.4483333333	49.15,35.6	49.1144444444,35.6633333333	48.9961111111,35.9219444444	48.9,36.3	48.345,36.4216666667	48.3488888889,35.9875	48.6666666667,35.65	49.0230555556,34.9005555556	48.6461111111,34.2772222222	48.5069444444,34.1847222222	48.7233333333,33.3433333333	48.95,33.3666666667	49.3133333333,33.6166666667	49.355,34.5183333333	49.3880555556,35.4483333333
355	999	1504224000	1504310399	4	47.9530555556,35.5855555556	47.9288888889,35.86	47.8666666667,35.3166666667	47.9530555556,35.5855555556
355	999	1504224000	1504310399	7	49.0230555556,34.9005555556	48.5830555556,34.4794444444	48.4333333333,34.4666666667	48.5069444444,34.1847222222	48.6461111111,34.2772222222	48.7980555556,34.6338888889	49.0230555556,34.9005555556
355	999	1504224000	1504310399	33	48.9,36.3	48.88,36.5233333333	48.85,36.8333333333	48.9,37.8833333333	48.3,38.8833333333	48.1819444444,38.9405555556	48.1283333333,39.8916666667	47.95,39.8083333333	47.8333333333,39.675	47.8566666667,39.2183333333	47.8166666667,38.9166666667	47.555,38.3133333333	47.6194444444,37.6072222222	47.6666666667,37.9152777778	47.7022222222,38.1502777778	47.9822222222,38.4161111111	48.15,38.5791666667	48.2702777778,38.3372222222	48.3,38.25	48.4091666667,37.7716666667	48.4666666667,37.4666666667	48.3986111111,37.2569444444	48.3483333333,37.1	48.2827777778,36.8980555556	48.1580555556,36.9752777778	48.0280555556,37.0547222222	47.7488888889,37.2252777778	47.5183333333,36.2516666667	47.81,36.2833333333	47.9666666667,36.2166666667	48.2266666667,36.3283333333	48.345,36.4216666667	48.9,36.3
355	999	1504224000	1504310399	5	47.9227777778,34.6908333333	47.8952777778,35.0	47.8286111111,34.8569444444	47.9019444444,34.7	47.9227777778,34.6908333333
355	999	1504224000	1504310399	7	49.0230555556,34.9005555556	48.6666666667,35.65	48.3513888889,35.7397222222	48.36,35.105	48.4333333333,34.4666666667	48.5830555556,34.4794444444	49.0230555556,34.9005555556
355	999	1504224000	1504310399	10	47.555,38.3133333333	47.1116666667,38.2233333333	46.9833333333,38.3333333333	46.7833333333,37.5	46.9,37.1	47.1166666667,37.0333333333	47.3666666667,37.0666666667	47.4833333333,37.3666666667	47.45,37.8666666667	47.555,38.3133333333
355	999	1504224000	1504310399	7	48.4333333333,34.4666666667	47.9227777778,34.6908333333	47.9280555556,34.6441666667	48.22,34.1263888889	48.3825,34.1022222222	48.5069444444,34.1847222222	48.4333333333,34.4666666667
355	999	1504224000	1504310399	26	48.5069444444,34.1847222222	48.3825,34.1022222222	48.22,34.1263888889	47.9280555556,34.6441666667	47.9019444444,34.7	47.8186111111,34.7363888889	47.8286111111,34.8569444444	47.6155555556,35.0105555556	47.3516666667,34.7458333333	47.5111111111,34.2091666667	47.5944444444,33.9230555556	47.6166666667,33.755	47.6369444444,33.6552777778	47.6983333333,33.2616666667	47.7,33.25	47.7044444444,33.2225	47.7075,33.2044444444	47.7333333333,33.05	47.7666666667,32.8333333333	48.0266666667,32.8744444444	48.1183333333,32.8883333333	48.1916666667,32.9666666667	48.2916666667,33.085	48.3833333333,33.1883333333	48.7233333333,33.3433333333	48.5069444444,34.1847222222
355	999	1504224000	1504310399	37	47.7488888889,37.2252777778	47.6194444444,37.6072222222	47.555,38.3133333333	47.45,37.8666666667	47.4833333333,37.3666666667	47.3666666667,37.0666666667	47.1166666667,37.0333333333	46.9,37.1	46.8833333333,37.0333333333	46.915,37.0119444444	46.9436111111,36.9827777778	46.9680555556,36.9466666667	46.9880555556,36.905	47.0030555556,36.8586111111	47.0119444444,36.8094444444	47.015,36.7586111111	47.0119444444,36.7077777778	47.0030555556,36.6586111111	46.9880555556,36.6122222222	46.9680555556,36.5705555556	46.9436111111,36.5344444444	46.915,36.5052777778	46.8833333333,36.4838888889	46.8497222222,36.4708333333	46.815,36.4663888889	46.7802777778,36.4708333333	46.7466666667,36.4841666667	46.715,36.5058333333	46.6863888889,36.535	46.6616666667,36.5711111111	46.6566666667,36.5666666667	46.9141666667,36.0972222222	46.97,36.005	47.1061111111,35.55	47.37,35.9916666667	47.5183333333,36.2516666667	47.7488888889,37.2252777778
355	999	1504224000	1504310399	8	47.8286111111,34.8569444444	47.8666666667,35.3166666667	47.9288888889,35.86	47.6461111111,35.6183333333	47.4116666667,35.2969444444	47.5166666667,35.0819444444	47.6155555556,35.0105555556	47.8286111111,34.8569444444
355	999	1504224000	1504310399	12	48.95,33.3666666667	48.7233333333,33.3433333333	48.3833333333,33.1883333333	48.2916666667,33.085	48.1916666667,32.9666666667	48.1183333333,32.8883333333	48.3577777778,32.6730555556	48.3833333333,32.65	48.5244444444,32.6013888889	48.6055555556,32.6694444444	48.6883333333,32.7419444444	48.95,33.3666666667
355	999	1504224000	1504310399	16	47.7488888889,37.2252777778	48.0280555556,37.0547222222	48.1580555556,36.9752777778	48.2827777778,36.8980555556	48.3483333333,37.1	48.3986111111,37.2569444444	48.4666666667,37.4666666667	48.4091666667,37.7716666667	48.3,38.25	48.2702777778,38.3372222222	48.15,38.5791666667	47.9822222222,38.4161111111	47.7022222222,38.1502777778	47.6666666667,37.9152777778	47.6194444444,37.6072222222	47.7488888889,37.2252777778
355	999	1504224000	1504310399	4	49.0230555556,34.9005555556	48.7980555556,34.6338888889	48.6461111111,34.2772222222	49.0230555556,34.9005555556
345	355	1504224000	1504310399	37	47.7488888889,37.2252777778	47.6194444444,37.6072222222	47.555,38.3133333333	47.45,37.8666666667	47.4833333333,37.3666666667	47.3666666667,37.0666666667	47.1166666667,37.0333333333	46.9,37.1	46.8833333333,37.0333333333	46.915,37.0119444444	46.9436111111,36.9827777778	46.9680555556,36.9466666667	46.9880555556,36.905	47.0030555556,36.8586111111	47.0119444444,36.8094444444	47.015,36.7586111111	47.0119444444,36.7077777778	47.0030555556,36.6586111111	46.9880555556,36.6122222222	46.9680555556,36.5705555556	46.9436111111,36.5344444444	46.915,36.5052777778	46.8833333333,36.4838888889	46.8497222222,36.4708333333	46.815,36.4663888889	46.7802777778,36.4708333333	46.7466666667,36.4841666667	46.715,36.5058333333	46.6863888889,36.535	46.6616666667,36.5711111111	46.6566666667,36.5666666667	46.9141666667,36.0972222222	46.97,36.005	47.1061111111,35.55	47.37,35.9916666667	47.5183333333,36.2516666667	47.7488888889,37.2252777778
345	355	1504224000	1504310399	4	47.9019444444,34.7	47.8286111111,34.8569444444	47.8186111111,34.7363888889	47.9019444444,34.7
345	355	1504224000	1504310399	23	46.9,37.1	46.7833333333,37.5	46.6583333333,37.4216666667	46.5733333333,37.3683333333	46.5833333333,36.7	46.6566666667,36.5666666667	46.6616666667,36.5711111111	46.6416666667,36.6127777778	46.6269444444,36.6588888889	46.6180555556,36.7080555556	46.615,36.7586111111	46.6180555556,36.8091666667	46.6269444444,36.8583333333	46.6416666667,36.9044444444	46.6616666667,36.9461111111	46.6863888889,36.9822222222	46.715,37.0113888889	46.7466666667,37.0330555556	46.7802777778,37.0463888889	46.815,37.0508333333	46.8497222222,37.0463888889	46.8833333333,37.0333333333	46.9,37.1
345	355	1504224000	1504310399	4	48.6666666667,35.65	48.3488888889,35.9875	48.3513888889,35.7397222222	48.6666666667,35.65
345	355	1504224000	1504310399	37	47.015,36.7586111111	47.0119444444,36.8094444444	47.0030555556,36.8586111111	46.9880555556,36.905	46.9680555556,36.9466666667	46.9436111111,36.9827777778	46.915,37.0119444444	46.8833333333,37.0333333333	46.8497222222,37.0463888889	46.815,37.0508333333	46.7802777778,37.0463888889	46.7466666667,37.0330555556	46.715,37.0113888889	46.6863888889,36.9822222222	46.6616666667,36.9461111111	46.6416666667,36.9044444444	46.6269444444,36.8583333333	46.6180555556,36.8091666667	46.615,36.7586111111	46.6180555556,36.7080555556	46.6269444444,36.6588888889	46.6416666667,36.6127777778	46.6616666667,36.5711111111	46.6863888889,36.535	46.715,36.5058333333	46.7466666667,36.4841666667	46.7802777778,36.4708333333	46.815,36.4663888889	46.8497222222,36.4708333333	46.8833333333,36.4838888889	46.915,36.5052777778	46.9436111111,36.5344444444	46.9680555556,36.5705555556	46.9880555556,36.6122222222	47.0030555556,36.6586111111	47.0119444444,36.7077777778	47.015,36.7586111111
345	355	1504224000	1504310399	10	48.3513888889,35.7397222222	47.9288888889,35.86	48.1166666667,35.6116666667	48.05,35.1333333333	47.9333333333,35.0819444444	47.8952777778,35.0	47.9227777778,34.6908333333	48.4333333333,34.4666666667	48.36,35.105	48.3513888889,35.7397222222
345	355	1504224000	1504310399	6	48.3513888889,35.7397222222	48.3488888889,35.9875	48.2555555556,36.0861111111	48.2166666667,36.0583333333	47.9288888889,35.86	48.3513888889,35.7397222222
345	355	1504224000	1504310399	18	48.3488888889,35.9875	48.345,36.4216666667	48.2266666667,36.3283333333	47.9666666667,36.2166666667	47.81,36.2833333333	47.5183333333,36.2516666667	47.37,35.9916666667	47.1061111111,35.55	47.1969444444,35.2558333333	47.3516666667,34.7458333333	47.6155555556,35.0105555556	47.5166666667,35.0819444444	47.4116666667,35.2969444444	47.6461111111,35.6183333333	47.9288888889,35.86	48.2166666667,36.0583333333	48.2555555556,36.0861111111	48.3488888889,35.9875
345	355	1504224000	1504310399	8	48.05,35.1333333333	48.1166666667,35.6116666667	47.9288888889,35.86	47.9530555556,35.5855555556	47.8666666667,35.3166666667	47.8952777778,35.0	47.9333333333,35.0819444444	48.05,35.1333333333
345	355	1504224000	1504310399	4	47.8952777778,35.0	47.8666666667,35.3166666667	47.8286111111,34.8569444444	47.8952777778,35.0
345	355	1504224000	1504310399	16	49.3880555556,35.4483333333	49.15,35.6	49.1144444444,35.6633333333	48.9961111111,35.9219444444	48.9,36.3	48.345,36.4216666667	48.3488888889,35.9875	48.6666666667,35.65	49.0230555556,34.9005555556	48.6461111111,34.2772222222	48.5069444444,34.1847222222	48.7233333333,33.3433333333	48.95,33.3666666667	49.3133333333,33.6166666667	49.355,34.5183333333	49.3880555556,35.4483333333
345	355	1504224000	1504310399	4	47.9530555556,35.5855555556	47.9288888889,35.86	47.8666666667,35.3166666667	47.9530555556,35.5855555556
345	355	1504224000	1504310399	7	49.0230555556,34.9005555556	48.5830555556,34.4794444444	48.4333333333,34.4666666667	48.5069444444,34.1847222222	48.6461111111,34.2772222222	48.7980555556,34.6338888889	49.0230555556,34.9005555556
345	355	1504224000	1504310399	33	48.9,36.3	48.88,36.5233333333	48.85,36.8333333333	48.9,37.8833333333	48.3,38.8833333333	48.1819444444,38.9405555556	48.1283333333,39.8916666667	47.95,39.8083333333	47.8333333333,39.675	47.8566666667,39.2183333333	47.8166666667,38.9166666667	47.555,38.3133333333	47.6194444444,37.6072222222	47.6666666667,37.9152777778	47.7022222222,38.1502777778	47.9822222222,38.4161111111	48.15,38.5791666667	48.2702777778,38.3372222222	48.3,38.25	48.4091666667,37.7716666667	48.4666666667,37.4666666667	48.3986111111,37.2569444444	48.3483333333,37.1	48.2827777778,36.8980555556	48.1580555556,36.9752777778	48.0280555556,37.0547222222	47.7488888889,37.2252777778	47.5183333333,36.2516666667	47.81,36.2833333333	47.9666666667,36.2166666667	48.2266666667,36.3283333333	48.345,36.4216666667	48.9,36.3
345	355	1504224000	1504310399	5	47.9227777778,34.6908333333	47.8952777778,35.0	47.8286111111,34.8569444444	47.9019444444,34.7	47.9227777778,34.6908333333
345	355	1504224000	1504310399	7	49.0230555556,34.9005555556	48.6666666667,35.65	48.3513888889,35.7397222222	48.36,35.105	48.4333333333,34.4666666667	48.5830555556,34.4794444444	49.0230555556,34.9005555556
345	355	1504224000	1504310399	10	47.555,38.3133333333	47.1116666667,38.2233333333	46.9833333333,38.3333333333	46.7833333333,37.5	46.9,37.1	47.1166666667,37.0333333333	47.3666666667,37.0666666667	47.4833333333,37.3666666667	47.45,37.8666666667	47.555,38.3133333333
345	355	1504224000	1504310399	7	48.4333333333,34.4666666667	47.9227777778,34.6908333333	47.9280555556,34.6441666667	48.22,34.1263888889	48.3825,34.1022222222	48.5069444444,34.1847222222	48.4333333333,34.4666666667
345	355	1504224000	1504310399	26	48.5069444444,34.1847222222	48.3825,34.1022222222	48.22,34.1263888889	47.9280555556,34.6441666667	47.9019444444,34.7	47.8186111111,34.7363888889	47.8286111111,34.8569444444	47.6155555556,35.0105555556	47.3516666667,34.7458333333	47.5111111111,34.2091666667	47.5944444444,33.9230555556	47.6166666667,33.755	47.6369444444,33.6552777778	47.6983333333,33.2616666667	47.7,33.25	47.7044444444,33.2225	47.7075,33.2044444444	47.7333333333,33.05	47.7666666667,32.8333333333	48.0266666667,32.8744444444	48.1183333333,32.8883333333	48.1916666667,32.9666666667	48.2916666667,33.085	48.3833333333,33.1883333333	48.7233333333,33.3433333333	48.5069444444,34.1847222222
345	355	1504224000	1504310399	4	47.9280555556,34.6441666667	47.9227777778,34.6908333333	47.9019444444,34.7	47.9280555556,34.6441666667
345	355	1504224000	1504310399	8	47.8286111111,34.8569444444	47.8666666667,35.3166666667	47.9288888889,35.86	47.6461111111,35.6183333333	47.4116666667,35.2969444444	47.5166666667,35.0819444444	47.6155555556,35.0105555556	47.8286111111,34.8569444444
345	355	1504224000	1504310399	12	48.95,33.3666666667	48.7233333333,33.3433333333	48.3833333333,33.1883333333	48.2916666667,33.085	48.1916666667,32.9666666667	48.1183333333,32.8883333333	48.3577777778,32.6730555556	48.3833333333,32.65	48.5244444444,32.6013888889	48.6055555556,32.6694444444	48.6883333333,32.7419444444	48.95,33.3666666667
345	355	1504224000	1504310399	16	47.7488888889,37.2252777778	48.0280555556,37.0547222222	48.1580555556,36.9752777778	48.2827777778,36.8980555556	48.3483333333,37.1	48.3986111111,37.2569444444	48.4666666667,37.4666666667	48.4091666667,37.7716666667	48.3,38.25	48.2702777778,38.3372222222	48.15,38.5791666667	47.9822222222,38.4161111111	47.7022222222,38.1502777778	47.6666666667,37.9152777778	47.6194444444,37.6072222222	47.7488888889,37.2252777778
345	355	1504224000	1504310399	4	49.0230555556,34.9005555556	48.7980555556,34.6338888889	48.6461111111,34.2772222222	49.0230555556,34.9005555556
325	335	1504224000	1504310399	37	47.7488888889,37.2252777778	47.6194444444,37.6072222222	47.555,38.3133333333	47.45,37.8666666667	47.4833333333,37.3666666667	47.3666666667,37.0666666667	47.1166666667,37.0333333333	46.9,37.1	46.8833333333,37.0333333333	46.915,37.0119444444	46.9436111111,36.9827777778	46.9680555556,36.9466666667	46.9880555556,36.905	47.0030555556,36.8586111111	47.0119444444,36.8094444444	47.015,36.7586111111	47.0119444444,36.7077777778	47.0030555556,36.6586111111	46.9880555556,36.6122222222	46.9680555556,36.5705555556	46.9436111111,36.5344444444	46.915,36.5052777778	46.8833333333,36.4838888889	46.8497222222,36.4708333333	46.815,36.4663888889	46.7802777778,36.4708333333	46.7466666667,36.4841666667	46.715,36.5058333333	46.6863888889,36.535	46.6616666667,36.5711111111	46.6566666667,36.5666666667	46.9141666667,36.0972222222	46.97,36.005	47.1061111111,35.55	47.37,35.9916666667	47.5183333333,36.2516666667	47.7488888889,37.2252777778
325	335	1504224000	1504310399	4	47.9019444444,34.7	47.8286111111,34.8569444444	47.8186111111,34.7363888889	47.9019444444,34.7
325	335	1504224000	1504310399	23	46.9,37.1	46.7833333333,37.5	46.6583333333,37.4216666667	46.5733333333,37.3683333333	46.5833333333,36.7	46.6566666667,36.5666666667	46.6616666667,36.5711111111	46.6416666667,36.6127777778	46.6269444444,36.6588888889	46.6180555556,36.7080555556	46.615,36.7586111111	46.6180555556,36.8091666667	46.6269444444,36.8583333333	46.6416666667,36.9044444444	46.6616666667,36.9461111111	46.6863888889,36.9822222222	46.715,37.0113888889	46.7466666667,37.0330555556	46.7802777778,37.0463888889	46.815,37.0508333333	46.8497222222,37.0463888889	46.8833333333,37.0333333333	46.9,37.1
325	335	1504224000	1504310399	4	48.6666666667,35.65	48.3488888889,35.9875	48.3513888889,35.7397222222	48.6666666667,35.65
325	335	1504224000	1504310399	37	47.015,36.7586111111	47.0119444444,36.8094444444	47.0030555556,36.8586111111	46.9880555556,36.905	46.9680555556,36.9466666667	46.9436111111,36.9827777778	46.915,37.0119444444	46.8833333333,37.0333333333	46.8497222222,37.0463888889	46.815,37.0508333333	46.7802777778,37.0463888889	46.7466666667,37.0330555556	46.715,37.0113888889	46.6863888889,36.9822222222	46.6616666667,36.9461111111	46.6416666667,36.9044444444	46.6269444444,36.8583333333	46.6180555556,36.8091666667	46.615,36.7586111111	46.6180555556,36.7080555556	46.6269444444,36.6588888889	46.6416666667,36.6127777778	46.6616666667,36.5711111111	46.6863888889,36.535	46.715,36.5058333333	46.7466666667,36.4841666667	46.7802777778,36.4708333333	46.815,36.4663888889	46.8497222222,36.4708333333	46.8833333333,36.4838888889	46.915,36.5052777778	46.9436111111,36.5344444444	46.9680555556,36.5705555556	46.9880555556,36.6122222222	47.0030555556,36.6586111111	47.0119444444,36.7077777778	47.015,36.7586111111
325	335	1504224000	1504310399	10	48.3513888889,35.7397222222	47.9288888889,35.86	48.1166666667,35.6116666667	48.05,35.1333333333	47.9333333333,35.0819444444	47.8952777778,35.0	47.9227777778,34.6908333333	48.4333333333,34.4666666667	48.36,35.105	48.3513888889,35.7397222222
325	335	1504224000	1504310399	6	48.3513888889,35.7397222222	48.3488888889,35.9875	48.2555555556,36.0861111111	48.2166666667,36.0583333333	47.9288888889,35.86	48.3513888889,35.7397222222
325	335	1504224000	1504310399	18	48.3488888889,35.9875	48.345,36.4216666667	48.2266666667,36.3283333333	47.9666666667,36.2166666667	47.81,36.2833333333	47.5183333333,36.2516666667	47.37,35.9916666667	47.1061111111,35.55	47.1969444444,35.2558333333	47.3516666667,34.7458333333	47.6155555556,35.0105555556	47.5166666667,35.0819444444	47.4116666667,35.2969444444	47.6461111111,35.6183333333	47.9288888889,35.86	48.2166666667,36.0583333333	48.2555555556,36.0861111111	48.3488888889,35.9875
325	335	1504224000	1504310399	8	48.05,35.1333333333	48.1166666667,35.6116666667	47.9288888889,35.86	47.9530555556,35.5855555556	47.8666666667,35.3166666667	47.8952777778,35.0	47.9333333333,35.0819444444	48.05,35.1333333333
325	335	1504224000	1504310399	4	47.8952777778,35.0	47.8666666667,35.3166666667	47.8286111111,34.8569444444	47.8952777778,35.0
325	335	1504224000	1504310399	16	49.3880555556,35.4483333333	49.15,35.6	49.1144444444,35.6633333333	48.9961111111,35.9219444444	48.9,36.3	48.345,36.4216666667	48.3488888889,35.9875	48.6666666667,35.65	49.0230555556,34.9005555556	48.6461111111,34.2772222222	48.5069444444,34.1847222222	48.7233333333,33.3433333333	48.95,33.3666666667	49.3133333333,33.6166666667	49.355,34.5183333333	49.3880555556,35.4483333333
325	335	1504224000	1504310399	4	47.9530555556,35.5855555556	47.9288888889,35.86	47.8666666667,35.3166666667	47.9530555556,35.5855555556
325	335	1504224000	1504310399	7	49.0230555556,34.9005555556	48.5830555556,34.4794444444	48.4333333333,34.4666666667	48.5069444444,34.1847222222	48.6461111111,34.2772222222	48.7980555556,34.6338888889	49.0230555556,34.9005555556
325	335	1504224000	1504310399	33	48.9,36.3	48.88,36.5233333333	48.85,36.8333333333	48.9,37.8833333333	48.3,38.8833333333	48.1819444444,38.9405555556	48.1283333333,39.8916666667	47.95,39.8083333333	47.8333333333,39.675	47.8566666667,39.2183333333	47.8166666667,38.9166666667	47.555,38.3133333333	47.6194444444,37.6072222222	47.6666666667,37.9152777778	47.7022222222,38.1502777778	47.9822222222,38.4161111111	48.15,38.5791666667	48.2702777778,38.3372222222	48.3,38.25	48.4091666667,37.7716666667	48.4666666667,37.4666666667	48.3986111111,37.2569444444	48.3483333333,37.1	48.2827777778,36.8980555556	48.1580555556,36.9752777778	48.0280555556,37.0547222222	47.7488888889,37.2252777778	47.5183333333,36.2516666667	47.81,36.2833333333	47.9666666667,36.2166666667	48.2266666667,36.3283333333	48.345,36.4216666667	48.9,36.3
325	335	1504224000	1504310399	5	47.9227777778,34.6908333333	47.8952777778,35.0	47.8286111111,34.8569444444	47.9019444444,34.7	47.9227777778,34.6908333333
325	335	1504224000	1504310399	7	49.0230555556,34.9005555556	48.6666666667,35.65	48.3513888889,35.7397222222	48.36,35.105	48.4333333333,34.4666666667	48.5830555556,34.4794444444	49.0230555556,34.9005555556
325	335	1504224000	1504310399	10	47.555,38.3133333333	47.1116666667,38.2233333333	46.9833333333,38.3333333333	46.7833333333,37.5	46.9,37.1	47.1166666667,37.0333333333	47.3666666667,37.0666666667	47.4833333333,37.3666666667	47.45,37.8666666667	47.555,38.3133333333
325	335	1504224000	1504310399	7	48.4333333333,34.4666666667	47.9227777778,34.6908333333	47.9280555556,34.6441666667	48.22,34.1263888889	48.3825,34.1022222222	48.5069444444,34.1847222222	48.4333333333,34.4666666667
325	335	1504224000	1504310399	26	48.5069444444,34.1847222222	48.3825,34.1022222222	48.22,34.1263888889	47.9280555556,34.6441666667	47.9019444444,34.7	47.8186111111,34.7363888889	47.8286111111,34.8569444444	47.6155555556,35.0105555556	47.3516666667,34.7458333333	47.5111111111,34.2091666667	47.5944444444,33.9230555556	47.6166666667,33.755	47.6369444444,33.6552777778	47.6983333333,33.2616666667	47.7,33.25	47.7044444444,33.2225	47.7075,33.2044444444	47.7333333333,33.05	47.7666666667,32.8333333333	48.0266666667,32.8744444444	48.1183333333,32.8883333333	48.1916666667,32.9666666667	48.2916666667,33.085	48.3833333333,33.1883333333	48.7233333333,33.3433333333	48.5069444444,34.1847222222
325	335	1504224000	1504310399	4	47.9280555556,34.6441666667	47.9227777778,34.6908333333	47.9019444444,34.7	47.9280555556,34.6441666667
325	335	1504224000	1504310399	8	47.8286111111,34.8569444444	47.8666666667,35.3166666667	47.9288888889,35.86	47.6461111111,35.6183333333	47.4116666667,35.2969444444	47.5166666667,35.0819444444	47.6155555556,35.0105555556	47.8286111111,34.8569444444
325	335	1504224000	1504310399	12	48.95,33.3666666667	48.7233333333,33.3433333333	48.3833333333,33.1883333333	48.2916666667,33.085	48.1916666667,32.9666666667	48.1183333333,32.8883333333	48.3577777778,32.6730555556	48.3833333333,32.65	48.5244444444,32.6013888889	48.6055555556,32.6694444444	48.6883333333,32.7419444444	48.95,33.3666666667
325	335	1504224000	1504310399	16	47.7488888889,37.2252777778	48.0280555556,37.0547222222	48.1580555556,36.9752777778	48.2827777778,36.8980555556	48.3483333333,37.1	48.3986111111,37.2569444444	48.4666666667,37.4666666667	48.4091666667,37.7716666667	48.3,38.25	48.2702777778,38.3372222222	48.15,38.5791666667	47.9822222222,38.4161111111	47.7022222222,38.1502777778	47.6666666667,37.9152777778	47.6194444444,37.6072222222	47.7488888889,37.2252777778
325	335	1504224000	1504310399	4	49.0230555556,34.9005555556	48.7980555556,34.6338888889	48.6461111111,34.2772222222	49.0230555556,34.9005555556
335	345	1504224000	1504310399	4	47.9280555556,34.6441666667	47.9227777778,34.6908333333	47.9019444444,34.7	47.9280555556,34.6441666667
335	345	1504224000	1504310399	4	47.9019444444,34.7	47.8286111111,34.8569444444	47.8186111111,34.7363888889	47.9019444444,34.7
335	345	1504224000	1504310399	23	46.9,37.1	46.7833333333,37.5	46.6583333333,37.4216666667	46.5733333333,37.3683333333	46.5833333333,36.7	46.6566666667,36.5666666667	46.6616666667,36.5711111111	46.6416666667,36.6127777778	46.6269444444,36.6588888889	46.6180555556,36.7080555556	46.615,36.7586111111	46.6180555556,36.8091666667	46.6269444444,36.8583333333	46.6416666667,36.9044444444	46.6616666667,36.9461111111	46.6863888889,36.9822222222	46.715,37.0113888889	46.7466666667,37.0330555556	46.7802777778,37.0463888889	46.815,37.0508333333	46.8497222222,37.0463888889	46.8833333333,37.0333333333	46.9,37.1
335	345	1504224000	1504310399	4	48.6666666667,35.65	48.3488888889,35.9875	48.3513888889,35.7397222222	48.6666666667,35.65
335	345	1504224000	1504310399	37	47.015,36.7586111111	47.0119444444,36.8094444444	47.0030555556,36.8586111111	46.9880555556,36.905	46.9680555556,36.9466666667	46.9436111111,36.9827777778	46.915,37.0119444444	46.8833333333,37.0333333333	46.8497222222,37.0463888889	46.815,37.0508333333	46.7802777778,37.0463888889	46.7466666667,37.0330555556	46.715,37.0113888889	46.6863888889,36.9822222222	46.6616666667,36.9461111111	46.6416666667,36.9044444444	46.6269444444,36.8583333333	46.6180555556,36.8091666667	46.615,36.7586111111	46.6180555556,36.7080555556	46.6269444444,36.6588888889	46.6416666667,36.6127777778	46.6616666667,36.5711111111	46.6863888889,36.535	46.715,36.5058333333	46.7466666667,36.4841666667	46.7802777778,36.4708333333	46.815,36.4663888889	46.8497222222,36.4708333333	46.8833333333,36.4838888889	46.915,36.5052777778	46.9436111111,36.5344444444	46.9680555556,36.5705555556	46.9880555556,36.6122222222	47.0030555556,36.6586111111	47.0119444444,36.7077777778	47.015,36.7586111111
335	345	1504224000	1504310399	10	48.3513888889,35.7397222222	47.9288888889,35.86	48.1166666667,35.6116666667	48.05,35.1333333333	47.9333333333,35.0819444444	47.8952777778,35.0	47.9227777778,34.6908333333	48.4333333333,34.4666666667	48.36,35.105	48.3513888889,35.7397222222
335	345	1504224000	1504310399	6	48.3513888889,35.7397222222	48.3488888889,35.9875	48.2555555556,36.0861111111	48.2166666667,36.0583333333	47.9288888889,35.86	48.3513888889,35.7397222222
335	345	1504224000	1504310399	18	48.3488888889,35.9875	48.345,36.4216666667	48.2266666667,36.3283333333	47.9666666667,36.2166666667	47.81,36.2833333333	47.5183333333,36.2516666667	47.37,35.9916666667	47.1061111111,35.55	47.1969444444,35.2558333333	47.3516666667,34.7458333333	47.6155555556,35.0105555556	47.5166666667,35.0819444444	47.4116666667,35.2969444444	47.6461111111,35.6183333333	47.9288888889,35.86	48.2166666667,36.0583333333	48.2555555556,36.0861111111	48.3488888889,35.9875
335	345	1504224000	1504310399	8	48.05,35.1333333333	48.1166666667,35.6116666667	47.9288888889,35.86	47.9530555556,35.5855555556	47.8666666667,35.3166666667	47.8952777778,35.0	47.9333333333,35.0819444444	48.05,35.1333333333
335	345	1504224000	1504310399	4	47.8952777778,35.0	47.8666666667,35.3166666667	47.8286111111,34.8569444444	47.8952777778,35.0
335	345	1504224000	1504310399	16	49.3880555556,35.4483333333	49.15,35.6	49.1144444444,35.6633333333	48.9961111111,35.9219444444	48.9,36.3	48.345,36.4216666667	48.3488888889,35.9875	48.6666666667,35.65	49.0230555556,34.9005555556	48.6461111111,34.2772222222	48.5069444444,34.1847222222	48.7233333333,33.3433333333	48.95,33.3666666667	49.3133333333,33.6166666667	49.355,34.5183333333	49.3880555556,35.4483333333
335	345	1504224000	1504310399	4	47.9530555556,35.5855555556	47.9288888889,35.86	47.8666666667,35.3166666667	47.9530555556,35.5855555556
335	345	1504224000	1504310399	7	49.0230555556,34.9005555556	48.5830555556,34.4794444444	48.4333333333,34.4666666667	48.5069444444,34.1847222222	48.6461111111,34.2772222222	48.7980555556,34.6338888889	49.0230555556,34.9005555556
335	345	1504224000	1504310399	33	48.9,36.3	48.88,36.5233333333	48.85,36.8333333333	48.9,37.8833333333	48.3,38.8833333333	48.1819444444,38.9405555556	48.1283333333,39.8916666667	47.95,39.8083333333	47.8333333333,39.675	47.8566666667,39.2183333333	47.8166666667,38.9166666667	47.555,38.3133333333	47.6194444444,37.6072222222	47.6666666667,37.9152777778	47.7022222222,38.1502777778	47.9822222222,38.4161111111	48.15,38.5791666667	48.2702777778,38.3372222222	48.3,38.25	48.4091666667,37.7716666667	48.4666666667,37.4666666667	48.3986111111,37.2569444444	48.3483333333,37.1	48.2827777778,36.8980555556	48.1580555556,36.9752777778	48.0280555556,37.0547222222	47.7488888889,37.2252777778	47.5183333333,36.2516666667	47.81,36.2833333333	47.9666666667,36.2166666667	48.2266666667,36.3283333333	48.345,36.4216666667	48.9,36.3
335	345	1504224000	1504310399	5	47.9227777778,34.6908333333	47.8952777778,35.0	47.8286111111,34.8569444444	47.9019444444,34.7	47.9227777778,34.6908333333
335	345	1504224000	1504310399	7	49.0230555556,34.9005555556	48.6666666667,35.65	48.3513888889,35.7397222222	48.36,35.105	48.4333333333,34.4666666667	48.5830555556,34.4794444444	49.0230555556,34.9005555556
335	345	1504224000	1504310399	10	47.555,38.3133333333	47.1116666667,38.2233333333	46.9833333333,38.3333333333	46.7833333333,37.5	46.9,37.1	47.1166666667,37.0333333333	47.3666666667,37.0666666667	47.4833333333,37.3666666667	47.45,37.8666666667	47.555,38.3133333333
335	345	1504224000	1504310399	7	48.4333333333,34.4666666667	47.9227777778,34.6908333333	47.9280555556,34.6441666667	48.22,34.1263888889	48.3825,34.1022222222	48.5069444444,34.1847222222	48.4333333333,34.4666666667
335	345	1504224000	1504310399	26	48.5069444444,34.1847222222	48.3825,34.1022222222	48.22,34.1263888889	47.9280555556,34.6441666667	47.9019444444,34.7	47.8186111111,34.7363888889	47.8286111111,34.8569444444	47.6155555556,35.0105555556	47.3516666667,34.7458333333	47.5111111111,34.2091666667	47.5944444444,33.9230555556	47.6166666667,33.755	47.6369444444,33.6552777778	47.6983333333,33.2616666667	47.7,33.25	47.7044444444,33.2225	47.7075,33.2044444444	47.7333333333,33.05	47.7666666667,32.8333333333	48.0266666667,32.8744444444	48.1183333333,32.8883333333	48.1916666667,32.9666666667	48.2916666667,33.085	48.3833333333,33.1883333333	48.7233333333,33.3433333333	48.5069444444,34.1847222222
335	345	1504224000	1504310399	37	47.7488888889,37.2252777778	47.6194444444,37.6072222222	47.555,38.3133333333	47.45,37.8666666667	47.4833333333,37.3666666667	47.3666666667,37.0666666667	47.1166666667,37.0333333333	46.9,37.1	46.8833333333,37.0333333333	46.915,37.0119444444	46.9436111111,36.9827777778	46.9680555556,36.9466666667	46.9880555556,36.905	47.0030555556,36.8586111111	47.0119444444,36.8094444444	47.015,36.7586111111	47.0119444444,36.7077777778	47.0030555556,36.6586111111	46.9880555556,36.6122222222	46.9680555556,36.5705555556	46.9436111111,36.5344444444	46.915,36.5052777778	46.8833333333,36.4838888889	46.8497222222,36.4708333333	46.815,36.4663888889	46.7802777778,36.4708333333	46.7466666667,36.4841666667	46.715,36.5058333333	46.6863888889,36.535	46.6616666667,36.5711111111	46.6566666667,36.5666666667	46.9141666667,36.0972222222	46.97,36.005	47.1061111111,35.55	47.37,35.9916666667	47.5183333333,36.2516666667	47.7488888889,37.2252777778
335	345	1504224000	1504310399	8	47.8286111111,34.8569444444	47.8666666667,35.3166666667	47.9288888889,35.86	47.6461111111,35.6183333333	47.4116666667,35.2969444444	47.5166666667,35.0819444444	47.6155555556,35.0105555556	47.8286111111,34.8569444444
335	345	1504224000	1504310399	12	48.95,33.3666666667	48.7233333333,33.3433333333	48.3833333333,33.1883333333	48.2916666667,33.085	48.1916666667,32.9666666667	48.1183333333,32.8883333333	48.3577777778,32.6730555556	48.3833333333,32.65	48.5244444444,32.6013888889	48.6055555556,32.6694444444	48.6883333333,32.7419444444	48.95,33.3666666667
335	345	1504224000	1504310399	16	47.7488888889,37.2252777778	48.0280555556,37.0547222222	48.1580555556,36.9752777778	48.2827777778,36.8980555556	48.3483333333,37.1	48.3986111111,37.2569444444	48.4666666667,37.4666666667	48.4091666667,37.7716666667	48.3,38.25	48.2702777778,38.3372222222	48.15,38.5791666667	47.9822222222,38.4161111111	47.7022222222,38.1502777778	47.6666666667,37.9152777778	47.6194444444,37.6072222222	47.7488888889,37.2252777778
335	345	1504224000	1504310399	4	49.0230555556,34.9005555556	48.7980555556,34.6338888889	48.6461111111,34.2772222222	49.0230555556,34.9005555556
