11
55	275	1504224000	1504310399	4	50.0463888889,36.8291666667	49.9241666667,36.9055555556	49.8086111111,36.8297222222	50.0463888889,36.8291666667
0	275	1504224000	1504310399	8	49.7966666667,34.845	49.4883333333,34.8566666667	49.355,34.5183333333	49.3133333333,33.6166666667	49.56,33.915	49.6633333333,34.0383333333	49.805,34.2016666667	49.7966666667,34.845
0	275	1504224000	1504310399	9	51.2333333333,34.45	51.0716666667,35.33	50.85,35.4333333333	50.8158333333,35.4486111111	50.6866666667,34.9033333333	50.6333333333,34.6666666667	50.695,34.54	50.8283333333,34.2166666667	51.2333333333,34.45
0	275	1504224000	1504310399	23	50.8158333333,35.4486111111	50.3716666667,35.6466666667	50.2316666667,35.6183333333	49.9172222222,35.5452777778	49.4563888889,35.3452777778	49.3880555556,35.4483333333	49.355,34.5183333333	49.4883333333,34.8566666667	49.7966666667,34.845	49.805,34.2016666667	49.6633333333,34.0383333333	49.56,33.915	49.3133333333,33.6166666667	49.8244444444,33.7680555556	50.2127777778,33.8852777778	50.3452777778,33.9555555556	50.5058333333,34.0413888889	50.6427777778,34.1144444444	50.8283333333,34.2166666667	50.695,34.54	50.6333333333,34.6666666667	50.6866666667,34.9033333333	50.8158333333,35.4486111111
0	275	1504224000	1504310399	12	49.7416666667,39.5	49.6125,40.1516666667	49.5630555556,40.2075	49.5319444444,40.07	49.3666666667,40.1666666667	48.5183333333,39.8633333333	48.195,39.9433333333	48.1283333333,39.8916666667	48.1819444444,38.9405555556	48.3,38.8833333333	48.9,37.8833333333	49.7416666667,39.5
0	275	1504224000	1504310399	26	50.4333333333,37.4666666667	50.3016666667,37.64	50.3008333333,37.6408333333	50.0919444444,37.76	49.9086111111,38.0427777778	49.9302777778,38.1466666667	49.95,38.1786111111	50.0661111111,38.1925	50.075,38.2266666667	49.7416666667,39.5	48.9,37.8833333333	48.85,36.8333333333	48.88,36.5233333333	48.9,36.3	48.9961111111,35.9219444444	49.1144444444,35.6633333333	49.15,35.6	49.3880555556,35.4483333333	49.28,36.0327777778	49.3680555556,36.2083333333	49.675,36.83	49.8086111111,36.8297222222	49.9241666667,36.9055555556	50.0463888889,36.8291666667	50.3166666667,36.8283333333	50.4333333333,37.4666666667
155	275	1504224000	1504310399	7	50.3213888889,36.2933333333	50.3166666667,36.4083333333	50.3133333333,36.485	50.3166666667,36.8283333333	50.0463888889,36.8291666667	50.205,36.7297222222	50.3213888889,36.2933333333
155	275	1504224000	1504310399	10	50.3213888889,36.2933333333	50.205,36.7297222222	50.0463888889,36.8291666667	49.8086111111,36.8297222222	49.6433333333,36.7211111111	49.5308333333,36.2961111111	49.6433333333,35.8655555556	49.9222222222,35.6811111111	50.2069444444,35.8597222222	50.3213888889,36.2933333333
155	275	1504224000	1504310399	4	49.9172222222,35.5452777778	49.3880555556,35.4483333333	49.4563888889,35.3452777778	49.9172222222,35.5452777778
155	275	1504224000	1504310399	4	49.3880555556,35.4483333333	49.3680555556,36.2083333333	49.28,36.0327777778	49.3880555556,35.4483333333
155	275	1504224000	1504310399	15	50.3716666667,35.6466666667	50.355,35.6983333333	50.3213888889,36.2933333333	50.2069444444,35.8597222222	49.9222222222,35.6811111111	49.6433333333,35.8655555556	49.5308333333,36.2961111111	49.6433333333,36.7211111111	49.8086111111,36.8297222222	49.675,36.83	49.3680555556,36.2083333333	49.3880555556,35.4483333333	49.9172222222,35.5452777778	50.2316666667,35.6183333333	50.3716666667,35.6466666667
