57
385	999	1504274400	1504277999	4	50.2211111111,23.4852777778	50.0877777778,23.9575	50.0216666667,23.2119444444	50.2211111111,23.4852777778
385	999	1504274400	1504277999	18	50.0216666667,23.2119444444	50.0,23.4166666667	49.9833333333,23.6333333333	50.05,23.7833333333	50.075,23.8966666667	50.0877777778,23.9575	50.1422222222,24.2413888889	50.0619444444,24.3119444444	49.88,24.6508333333	49.6777777778,24.7925	49.5375,24.6691666667	49.345,24.5016666667	49.1236111111,24.3111111111	49.1911111111,24.2019444444	49.5283333333,23.655	49.8883333333,23.0583333333	49.9658333333,23.1383333333	50.0216666667,23.2119444444
385	999	1504274400	1504277999	11	49.8038888889,24.9030555556	49.6777777778,24.7925	49.88,24.6508333333	50.0619444444,24.3119444444	50.1422222222,24.2413888889	50.0877777778,23.9575	50.2211111111,23.4852777778	50.4041666667,23.8255555556	50.5033333333,24.065	50.2583333333,24.345	49.8038888889,24.9030555556
385	999	1504274400	1504277999	13	49.5375,24.6691666667	49.4588888889,24.9094444444	49.43,24.9033333333	49.3833333333,24.85	49.2133333333,25.25	48.6833333333,25.5	48.6255555556,25.0858333333	48.8838888889,25.2494444444	49.1411111111,25.0908333333	49.2513888889,24.6927777778	49.1236111111,24.3111111111	49.345,24.5016666667	49.5375,24.6691666667
385	999	1504274400	1504277999	17	48.6933333333,26.6066666667	48.34,26.6833333333	48.3227777778,26.7094444444	48.2505555556,26.6236111111	48.2205555556,26.4697222222	48.5833333333,26.1666666667	48.5833333333,25.7466666667	48.4830555556,25.7483333333	48.4483333333,25.5833333333	48.3783333333,25.5577777778	48.225,25.5033333333	47.9486111111,25.6425	47.9333333333,25.65	48.1666666667,25.3333333333	48.6833333333,25.5	48.7583333333,25.98	48.6933333333,26.6066666667
385	999	1504274400	1504277999	5	49.2133333333,25.25	48.6933333333,26.6066666667	48.7583333333,25.98	48.6833333333,25.5	49.2133333333,25.25
385	999	1504274400	1504277999	5	49.5283333333,23.655	49.1911111111,24.2019444444	49.03,23.8883333333	49.1069444444,23.4058333333	49.5283333333,23.655
385	999	1504274400	1504277999	21	50.5416666667,27.255	50.4658333333,27.2077777778	50.1819444444,27.0438888889	49.9511111111,27.4894444444	49.7616666667,27.85	49.3908333333,27.8469444444	49.15,27.845	49.05,27.8383333333	49.0461111111,26.7816666667	49.2619444444,26.0008333333	49.2966666667,25.3983333333	49.4530555556,24.9272222222	49.4588888889,24.9094444444	49.5375,24.6691666667	49.6777777778,24.7925	49.8038888889,24.9030555556	49.6583333333,25.1416666667	49.6283333333,25.33	49.9033333333,25.7466666667	50.01,26.0366666667	50.5416666667,27.255
385	999	1504274400	1504277999	17	49.05,27.8383333333	48.97,27.8416666667	48.5936111111,27.8388888889	48.4155555556,27.8380555556	48.4216666667,27.8280555556	48.4522222222,27.7216666667	48.4180555556,27.3041666667	48.6933333333,26.6066666667	49.2133333333,25.25	49.3833333333,24.85	49.43,24.9033333333	49.4588888889,24.9094444444	49.4530555556,24.9272222222	49.2966666667,25.3983333333	49.2619444444,26.0008333333	49.0461111111,26.7816666667	49.05,27.8383333333
385	999	1504274400	1504277999	15	48.7716666667,22.3505555556	48.955,22.9216666667	48.9408333333,23.0444444444	48.5366666667,23.1883333333	48.31,23.0333333333	48.2033333333,22.62	48.34,22.3197222222	48.4083333333,22.2333333333	48.4333333333,22.1666666667	48.4641666667,22.1472222222	48.4666666667,22.15	48.54,22.16	48.6347222222,22.2458333333	48.6516666667,22.2613888889	48.7716666667,22.3505555556
385	999	1504274400	1504277999	8	49.8883333333,23.0583333333	49.5283333333,23.655	49.1069444444,23.4058333333	49.21,22.7366666667	49.5047222222,22.6561111111	49.5677777778,22.6544444444	49.8088888889,22.94	49.8883333333,23.0583333333
385	999	1504274400	1504277999	9	49.2513888889,24.6927777778	49.1411111111,25.0908333333	48.8838888889,25.2494444444	48.6255555556,25.0858333333	48.5186111111,24.6952777778	48.6241666667,24.3019444444	48.8838888889,24.1336111111	49.1236111111,24.3111111111	49.2513888889,24.6927777778
385	999	1504274400	1504277999	5	51.45,26.1333333333	50.5416666667,27.255	50.01,26.0366666667	50.7333333333,25.8	51.45,26.1333333333
385	999	1504274400	1504277999	7	50.0216666667,23.2119444444	50.0877777778,23.9575	50.075,23.8966666667	50.05,23.7833333333	49.9833333333,23.6333333333	50.0,23.4166666667	50.0216666667,23.2119444444
385	999	1504274400	1504277999	9	47.9405555556,25.7775	48.3783333333,25.5577777778	48.4483333333,25.5833333333	48.4830555556,25.7483333333	48.5833333333,25.7466666667	48.5833333333,26.1666666667	48.2205555556,26.4697222222	47.9516666667,25.9583333333	47.9405555556,25.7775
385	999	1504274400	1504277999	29	50.85,27.4333333333	50.7069444444,27.3488888889	50.5416666667,27.255	51.45,26.1333333333	50.7333333333,25.8	50.01,26.0366666667	49.9033333333,25.7466666667	49.6283333333,25.33	49.6583333333,25.1416666667	49.8038888889,24.9030555556	50.2583333333,24.345	50.5033333333,24.065	50.6677777778,24.0502777778	50.8333333333,24.1	51.3027777778,23.6458333333	51.5,23.6166666667	51.9013888889,24.6880555556	51.8833333333,24.9666666667	51.9288888889,25.3708333333	51.9197222222,25.8863888889	51.8930555556,26.1213888889	51.8469444444,26.3958333333	51.7663888889,26.7983333333	51.4797222222,27.6994444444	51.4713888889,27.7597222222	51.4122222222,27.7544444444	51.3833333333,27.75	51.3761111111,27.7458333333	50.85,27.4333333333
385	999	1504274400	1504277999	6	48.6933333333,26.6066666667	48.4180555556,27.3041666667	48.4147222222,26.8127777778	48.3227777778,26.7094444444	48.34,26.6833333333	48.6933333333,26.6066666667
385	999	1504274400	1504277999	8	47.9486111111,25.6425	48.225,25.5033333333	48.3783333333,25.5577777778	47.9405555556,25.7775	47.9322222222,25.7166666667	47.9188888889,25.6533333333	47.9333333333,25.65	47.9486111111,25.6425
385	999	1504274400	1504277999	40	49.21,22.7366666667	49.1069444444,23.4058333333	49.03,23.8883333333	49.1911111111,24.2019444444	49.1236111111,24.3111111111	48.8838888889,24.1336111111	48.6241666667,24.3019444444	48.5186111111,24.6952777778	48.6255555556,25.0858333333	48.6833333333,25.5	48.1666666667,25.3333333333	47.9333333333,25.65	47.9188888889,25.6533333333	47.8666666667,25.1666666667	47.7355555556,25.0475	47.7333333333,24.8833333333	47.9583333333,24.5833333333	47.9088888889,24.2097222222	47.9536111111,23.9463888889	48.0266666667,23.3433333333	48.0166666667,23.1	47.9591666667,22.9061111111	48.1166666667,22.8333333333	48.0966666667,22.6833333333	48.1333333333,22.5944444444	48.34,22.3197222222	48.2033333333,22.62	48.31,23.0333333333	48.5366666667,23.1883333333	48.9408333333,23.0444444444	48.955,22.9216666667	48.7716666667,22.3505555556	48.8238888889,22.375	48.9502777778,22.4486111111	49.0880555556,22.5658333333	49.0886111111,22.5666666667	49.0,22.7666666667	49.0888888889,22.8333333333	49.2055555556,22.7380555556	49.21,22.7366666667
365	375	1504274400	1504277999	4	50.2211111111,23.4852777778	50.0877777778,23.9575	50.0216666667,23.2119444444	50.2211111111,23.4852777778
365	375	1504274400	1504277999	18	50.0216666667,23.2119444444	50.0,23.4166666667	49.9833333333,23.6333333333	50.05,23.7833333333	50.075,23.8966666667	50.0877777778,23.9575	50.1422222222,24.2413888889	50.0619444444,24.3119444444	49.88,24.6508333333	49.6777777778,24.7925	49.5375,24.6691666667	49.345,24.5016666667	49.1236111111,24.3111111111	49.1911111111,24.2019444444	49.5283333333,23.655	49.8883333333,23.0583333333	49.9658333333,23.1383333333	50.0216666667,23.2119444444
365	375	1504274400	1504277999	11	49.8038888889,24.9030555556	49.6777777778,24.7925	49.88,24.6508333333	50.0619444444,24.3119444444	50.1422222222,24.2413888889	50.0877777778,23.9575	50.2211111111,23.4852777778	50.4041666667,23.8255555556	50.5033333333,24.065	50.2583333333,24.345	49.8038888889,24.9030555556
365	375	1504274400	1504277999	13	49.5375,24.6691666667	49.4588888889,24.9094444444	49.43,24.9033333333	49.3833333333,24.85	49.2133333333,25.25	48.6833333333,25.5	48.6255555556,25.0858333333	48.8838888889,25.2494444444	49.1411111111,25.0908333333	49.2513888889,24.6927777778	49.1236111111,24.3111111111	49.345,24.5016666667	49.5375,24.6691666667
365	375	1504274400	1504277999	5	49.2133333333,25.25	48.6933333333,26.6066666667	48.7583333333,25.98	48.6833333333,25.5	49.2133333333,25.25
365	375	1504274400	1504277999	5	49.5283333333,23.655	49.1911111111,24.2019444444	49.03,23.8883333333	49.1069444444,23.4058333333	49.5283333333,23.655
365	375	1504274400	1504277999	21	50.5416666667,27.255	50.4658333333,27.2077777778	50.1819444444,27.0438888889	49.9511111111,27.4894444444	49.7616666667,27.85	49.3908333333,27.8469444444	49.15,27.845	49.05,27.8383333333	49.0461111111,26.7816666667	49.2619444444,26.0008333333	49.2966666667,25.3983333333	49.4530555556,24.9272222222	49.4588888889,24.9094444444	49.5375,24.6691666667	49.6777777778,24.7925	49.8038888889,24.9030555556	49.6583333333,25.1416666667	49.6283333333,25.33	49.9033333333,25.7466666667	50.01,26.0366666667	50.5416666667,27.255
365	375	1504274400	1504277999	17	49.05,27.8383333333	48.97,27.8416666667	48.5936111111,27.8388888889	48.4155555556,27.8380555556	48.4216666667,27.8280555556	48.4522222222,27.7216666667	48.4180555556,27.3041666667	48.6933333333,26.6066666667	49.2133333333,25.25	49.3833333333,24.85	49.43,24.9033333333	49.4588888889,24.9094444444	49.4530555556,24.9272222222	49.2966666667,25.3983333333	49.2619444444,26.0008333333	49.0461111111,26.7816666667	49.05,27.8383333333
365	375	1504274400	1504277999	15	48.7716666667,22.3505555556	48.955,22.9216666667	48.9408333333,23.0444444444	48.5366666667,23.1883333333	48.31,23.0333333333	48.2033333333,22.62	48.34,22.3197222222	48.4083333333,22.2333333333	48.4333333333,22.1666666667	48.4641666667,22.1472222222	48.4666666667,22.15	48.54,22.16	48.6347222222,22.2458333333	48.6516666667,22.2613888889	48.7716666667,22.3505555556
365	375	1504274400	1504277999	8	49.8883333333,23.0583333333	49.5283333333,23.655	49.1069444444,23.4058333333	49.21,22.7366666667	49.5047222222,22.6561111111	49.5677777778,22.6544444444	49.8088888889,22.94	49.8883333333,23.0583333333
365	375	1504274400	1504277999	17	48.6933333333,26.6066666667	48.34,26.6833333333	48.3227777778,26.7094444444	48.2505555556,26.6236111111	48.2205555556,26.4697222222	48.5833333333,26.1666666667	48.5833333333,25.7466666667	48.4830555556,25.7483333333	48.4483333333,25.5833333333	48.3783333333,25.5577777778	48.225,25.5033333333	47.9486111111,25.6425	47.9333333333,25.65	48.1666666667,25.3333333333	48.6833333333,25.5	48.7583333333,25.98	48.6933333333,26.6066666667
365	375	1504274400	1504277999	9	49.2513888889,24.6927777778	49.1411111111,25.0908333333	48.8838888889,25.2494444444	48.6255555556,25.0858333333	48.5186111111,24.6952777778	48.6241666667,24.3019444444	48.8838888889,24.1336111111	49.1236111111,24.3111111111	49.2513888889,24.6927777778
365	375	1504274400	1504277999	5	51.45,26.1333333333	50.5416666667,27.255	50.01,26.0366666667	50.7333333333,25.8	51.45,26.1333333333
365	375	1504274400	1504277999	7	50.0216666667,23.2119444444	50.0877777778,23.9575	50.075,23.8966666667	50.05,23.7833333333	49.9833333333,23.6333333333	50.0,23.4166666667	50.0216666667,23.2119444444
365	375	1504274400	1504277999	9	47.9405555556,25.7775	48.3783333333,25.5577777778	48.4483333333,25.5833333333	48.4830555556,25.7483333333	48.5833333333,25.7466666667	48.5833333333,26.1666666667	48.2205555556,26.4697222222	47.9516666667,25.9583333333	47.9405555556,25.7775
365	375	1504274400	1504277999	29	50.85,27.4333333333	50.7069444444,27.3488888889	50.5416666667,27.255	51.45,26.1333333333	50.7333333333,25.8	50.01,26.0366666667	49.9033333333,25.7466666667	49.6283333333,25.33	49.6583333333,25.1416666667	49.8038888889,24.9030555556	50.2583333333,24.345	50.5033333333,24.065	50.6677777778,24.0502777778	50.8333333333,24.1	51.3027777778,23.6458333333	51.5,23.6166666667	51.9013888889,24.6880555556	51.8833333333,24.9666666667	51.9288888889,25.3708333333	51.9197222222,25.8863888889	51.8930555556,26.1213888889	51.8469444444,26.3958333333	51.7663888889,26.7983333333	51.4797222222,27.6994444444	51.4713888889,27.7597222222	51.4122222222,27.7544444444	51.3833333333,27.75	51.3761111111,27.7458333333	50.85,27.4333333333
365	375	1504274400	1504277999	6	48.6933333333,26.6066666667	48.4180555556,27.3041666667	48.4147222222,26.8127777778	48.3227777778,26.7094444444	48.34,26.6833333333	48.6933333333,26.6066666667
365	375	1504274400	1504277999	8	47.9486111111,25.6425	48.225,25.5033333333	48.3783333333,25.5577777778	47.9405555556,25.7775	47.9322222222,25.7166666667	47.9188888889,25.6533333333	47.9333333333,25.65	47.9486111111,25.6425
365	375	1504274400	1504277999	40	49.21,22.7366666667	49.1069444444,23.4058333333	49.03,23.8883333333	49.1911111111,24.2019444444	49.1236111111,24.3111111111	48.8838888889,24.1336111111	48.6241666667,24.3019444444	48.5186111111,24.6952777778	48.6255555556,25.0858333333	48.6833333333,25.5	48.1666666667,25.3333333333	47.9333333333,25.65	47.9188888889,25.6533333333	47.8666666667,25.1666666667	47.7355555556,25.0475	47.7333333333,24.8833333333	47.9583333333,24.5833333333	47.9088888889,24.2097222222	47.9536111111,23.9463888889	48.0266666667,23.3433333333	48.0166666667,23.1	47.9591666667,22.9061111111	48.1166666667,22.8333333333	48.0966666667,22.6833333333	48.1333333333,22.5944444444	48.34,22.3197222222	48.2033333333,22.62	48.31,23.0333333333	48.5366666667,23.1883333333	48.9408333333,23.0444444444	48.955,22.9216666667	48.7716666667,22.3505555556	48.8238888889,22.375	48.9502777778,22.4486111111	49.0880555556,22.5658333333	49.0886111111,22.5666666667	49.0,22.7666666667	49.0888888889,22.8333333333	49.2055555556,22.7380555556	49.21,22.7366666667
375	385	1504274400	1504277999	4	50.2211111111,23.4852777778	50.0877777778,23.9575	50.0216666667,23.2119444444	50.2211111111,23.4852777778
375	385	1504274400	1504277999	18	50.0216666667,23.2119444444	50.0,23.4166666667	49.9833333333,23.6333333333	50.05,23.7833333333	50.075,23.8966666667	50.0877777778,23.9575	50.1422222222,24.2413888889	50.0619444444,24.3119444444	49.88,24.6508333333	49.6777777778,24.7925	49.5375,24.6691666667	49.345,24.5016666667	49.1236111111,24.3111111111	49.1911111111,24.2019444444	49.5283333333,23.655	49.8883333333,23.0583333333	49.9658333333,23.1383333333	50.0216666667,23.2119444444
375	385	1504274400	1504277999	11	49.8038888889,24.9030555556	49.6777777778,24.7925	49.88,24.6508333333	50.0619444444,24.3119444444	50.1422222222,24.2413888889	50.0877777778,23.9575	50.2211111111,23.4852777778	50.4041666667,23.8255555556	50.5033333333,24.065	50.2583333333,24.345	49.8038888889,24.9030555556
375	385	1504274400	1504277999	13	49.5375,24.6691666667	49.4588888889,24.9094444444	49.43,24.9033333333	49.3833333333,24.85	49.2133333333,25.25	48.6833333333,25.5	48.6255555556,25.0858333333	48.8838888889,25.2494444444	49.1411111111,25.0908333333	49.2513888889,24.6927777778	49.1236111111,24.3111111111	49.345,24.5016666667	49.5375,24.6691666667
375	385	1504274400	1504277999	5	49.2133333333,25.25	48.6933333333,26.6066666667	48.7583333333,25.98	48.6833333333,25.5	49.2133333333,25.25
375	385	1504274400	1504277999	5	49.5283333333,23.655	49.1911111111,24.2019444444	49.03,23.8883333333	49.1069444444,23.4058333333	49.5283333333,23.655
375	385	1504274400	1504277999	21	50.5416666667,27.255	50.4658333333,27.2077777778	50.1819444444,27.0438888889	49.9511111111,27.4894444444	49.7616666667,27.85	49.3908333333,27.8469444444	49.15,27.845	49.05,27.8383333333	49.0461111111,26.7816666667	49.2619444444,26.0008333333	49.2966666667,25.3983333333	49.4530555556,24.9272222222	49.4588888889,24.9094444444	49.5375,24.6691666667	49.6777777778,24.7925	49.8038888889,24.9030555556	49.6583333333,25.1416666667	49.6283333333,25.33	49.9033333333,25.7466666667	50.01,26.0366666667	50.5416666667,27.255
375	385	1504274400	1504277999	17	49.05,27.8383333333	48.97,27.8416666667	48.5936111111,27.8388888889	48.4155555556,27.8380555556	48.4216666667,27.8280555556	48.4522222222,27.7216666667	48.4180555556,27.3041666667	48.6933333333,26.6066666667	49.2133333333,25.25	49.3833333333,24.85	49.43,24.9033333333	49.4588888889,24.9094444444	49.4530555556,24.9272222222	49.2966666667,25.3983333333	49.2619444444,26.0008333333	49.0461111111,26.7816666667	49.05,27.8383333333
375	385	1504274400	1504277999	15	48.7716666667,22.3505555556	48.955,22.9216666667	48.9408333333,23.0444444444	48.5366666667,23.1883333333	48.31,23.0333333333	48.2033333333,22.62	48.34,22.3197222222	48.4083333333,22.2333333333	48.4333333333,22.1666666667	48.4641666667,22.1472222222	48.4666666667,22.15	48.54,22.16	48.6347222222,22.2458333333	48.6516666667,22.2613888889	48.7716666667,22.3505555556
375	385	1504274400	1504277999	8	49.8883333333,23.0583333333	49.5283333333,23.655	49.1069444444,23.4058333333	49.21,22.7366666667	49.5047222222,22.6561111111	49.5677777778,22.6544444444	49.8088888889,22.94	49.8883333333,23.0583333333
375	385	1504274400	1504277999	9	49.2513888889,24.6927777778	49.1411111111,25.0908333333	48.8838888889,25.2494444444	48.6255555556,25.0858333333	48.5186111111,24.6952777778	48.6241666667,24.3019444444	48.8838888889,24.1336111111	49.1236111111,24.3111111111	49.2513888889,24.6927777778
375	385	1504274400	1504277999	5	51.45,26.1333333333	50.5416666667,27.255	50.01,26.0366666667	50.7333333333,25.8	51.45,26.1333333333
375	385	1504274400	1504277999	7	50.0216666667,23.2119444444	50.0877777778,23.9575	50.075,23.8966666667	50.05,23.7833333333	49.9833333333,23.6333333333	50.0,23.4166666667	50.0216666667,23.2119444444
375	385	1504274400	1504277999	9	47.9405555556,25.7775	48.3783333333,25.5577777778	48.4483333333,25.5833333333	48.4830555556,25.7483333333	48.5833333333,25.7466666667	48.5833333333,26.1666666667	48.2205555556,26.4697222222	47.9516666667,25.9583333333	47.9405555556,25.7775
375	385	1504274400	1504277999	29	50.85,27.4333333333	50.7069444444,27.3488888889	50.5416666667,27.255	51.45,26.1333333333	50.7333333333,25.8	50.01,26.0366666667	49.9033333333,25.7466666667	49.6283333333,25.33	49.6583333333,25.1416666667	49.8038888889,24.9030555556	50.2583333333,24.345	50.5033333333,24.065	50.6677777778,24.0502777778	50.8333333333,24.1	51.3027777778,23.6458333333	51.5,23.6166666667	51.9013888889,24.6880555556	51.8833333333,24.9666666667	51.9288888889,25.3708333333	51.9197222222,25.8863888889	51.8930555556,26.1213888889	51.8469444444,26.3958333333	51.7663888889,26.7983333333	51.4797222222,27.6994444444	51.4713888889,27.7597222222	51.4122222222,27.7544444444	51.3833333333,27.75	51.3761111111,27.7458333333	50.85,27.4333333333
375	385	1504274400	1504277999	17	48.6933333333,26.6066666667	48.34,26.6833333333	48.3227777778,26.7094444444	48.2505555556,26.6236111111	48.2205555556,26.4697222222	48.5833333333,26.1666666667	48.5833333333,25.7466666667	48.4830555556,25.7483333333	48.4483333333,25.5833333333	48.3783333333,25.5577777778	48.225,25.5033333333	47.9486111111,25.6425	47.9333333333,25.65	48.1666666667,25.3333333333	48.6833333333,25.5	48.7583333333,25.98	48.6933333333,26.6066666667
375	385	1504274400	1504277999	6	48.6933333333,26.6066666667	48.4180555556,27.3041666667	48.4147222222,26.8127777778	48.3227777778,26.7094444444	48.34,26.6833333333	48.6933333333,26.6066666667
375	385	1504274400	1504277999	8	47.9486111111,25.6425	48.225,25.5033333333	48.3783333333,25.5577777778	47.9405555556,25.7775	47.9322222222,25.7166666667	47.9188888889,25.6533333333	47.9333333333,25.65	47.9486111111,25.6425
375	385	1504274400	1504277999	40	49.21,22.7366666667	49.1069444444,23.4058333333	49.03,23.8883333333	49.1911111111,24.2019444444	49.1236111111,24.3111111111	48.8838888889,24.1336111111	48.6241666667,24.3019444444	48.5186111111,24.6952777778	48.6255555556,25.0858333333	48.6833333333,25.5	48.1666666667,25.3333333333	47.9333333333,25.65	47.9188888889,25.6533333333	47.8666666667,25.1666666667	47.7355555556,25.0475	47.7333333333,24.8833333333	47.9583333333,24.5833333333	47.9088888889,24.2097222222	47.9536111111,23.9463888889	48.0266666667,23.3433333333	48.0166666667,23.1	47.9591666667,22.9061111111	48.1166666667,22.8333333333	48.0966666667,22.6833333333	48.1333333333,22.5944444444	48.34,22.3197222222	48.2033333333,22.62	48.31,23.0333333333	48.5366666667,23.1883333333	48.9408333333,23.0444444444	48.955,22.9216666667	48.7716666667,22.3505555556	48.8238888889,22.375	48.9502777778,22.4486111111	49.0880555556,22.5658333333	49.0886111111,22.5666666667	49.0,22.7666666667	49.0888888889,22.8333333333	49.2055555556,22.7380555556	49.21,22.7366666667
