9
195	999	1504224000	1504310399	14	46.7766666667,31.35	46.6183333333,31.5333333333	46.5552777778,31.5411111111	46.3166666667,31.5333333333	46.25,31.6666666667	46.0733333333,31.435	45.865,31.1	46.015,30.53	46.0666666667,30.95	46.25,31.05	46.5166666667,31.05	46.6,31.0	46.7080555556,30.9252777778	46.7766666667,31.35
195	999	1504224000	1504310399	21	47.4036111111,30.28	47.16,30.6675	47.1,30.7616666667	47.0333333333,30.8666666667	46.7766666667,31.35	46.7080555556,30.9252777778	46.8166666667,30.85	46.8366666667,30.575	46.7933333333,30.3666666667	46.6677777778,30.3383333333	47.1333333333,30.1166666667	47.0833333333,29.8666666667	46.95,29.85	46.8786111111,29.8761111111	46.8608333333,29.7619444444	46.9222222222,29.7291666667	46.9508333333,29.5786111111	47.0036111111,29.6288888889	47.0127777778,29.6111111111	47.0666666667,29.6816666667	47.4036111111,30.28
195	999	1504224000	1504310399	13	46.4566666667,29.755	46.4363888889,29.7930555556	46.3819444444,29.8294444444	46.3644444444,29.8855555556	46.4027777778,29.9475	46.3855555556,30.0	46.4016666667,30.0661111111	46.4172222222,30.1352777778	46.4244444444,30.1266666667	46.4263888889,30.1597222222	46.0666666667,30.4333333333	46.4044444444,29.6758333333	46.4566666667,29.755
195	999	1504224000	1504310399	17	46.95,29.85	47.0833333333,29.8666666667	47.1333333333,30.1166666667	46.6677777778,30.3383333333	46.5230555556,30.2311111111	46.4263888889,30.1597222222	46.4244444444,30.1266666667	46.4333333333,30.1158333333	46.4338888889,30.0772222222	46.4516666667,30.0716666667	46.5166666667,29.9783333333	46.5447222222,29.9	46.6486111111,29.9438888889	46.8333333333,30.0	46.8780555556,29.8883333333	46.8786111111,29.8761111111	46.95,29.85
195	999	1504224000	1504310399	14	46.8166666667,30.85	46.7080555556,30.9252777778	46.6,31.0	46.5166666667,31.05	46.25,31.05	46.0666666667,30.95	46.015,30.53	46.0666666667,30.4333333333	46.4263888889,30.1597222222	46.5230555556,30.2311111111	46.6677777778,30.3383333333	46.7933333333,30.3666666667	46.8366666667,30.575	46.8166666667,30.85
0	999	1504224000	1504310399	14	46.3833333333,32.1	46.25,32.2833333333	46.2166666667,32.9052777778	46.125,32.9083333333	45.9116666667,32.45	45.8819444444,32.3872222222	45.81,32.2366666667	45.7433333333,32.0966666667	45.6411111111,31.8863888889	45.865,31.1	46.0733333333,31.435	46.25,31.6666666667	46.3166666667,31.5333333333	46.3833333333,32.1
0	999	1504224000	1504310399	40	48.0647222222,29.6877777778	48.1913888889,29.8844444444	48.165,30.0883333333	48.0880555556,30.6616666667	48.0438888889,30.9752777778	48.0,31.2716666667	47.955,31.5983333333	47.7666666667,32.8333333333	47.7333333333,33.05	47.0983333333,32.94	47.0833333333,32.8	46.7,32.1	47.3666666667,32.5833333333	47.5666666667,31.9166666667	47.6166666667,31.75	47.6166666667,31.6166666667	46.8666666667,31.54	46.7766666667,31.35	47.0333333333,30.8666666667	47.1,30.7616666667	47.16,30.6675	47.4036111111,30.28	47.0666666667,29.6816666667	47.0127777778,29.6111111111	47.0755555556,29.6227777778	47.1127777778,29.5325	47.2880555556,29.6008333333	47.3716666667,29.5855555556	47.3677777778,29.5097222222	47.3122222222,29.4836111111	47.3,29.4416666667	47.3230555556,29.3888888889	47.4438888889,29.3322222222	47.4697222222,29.1888888889	47.5713888889,29.2047222222	47.7277777778,29.2230555556	47.8044444444,29.2788888889	47.8052777778,29.2894444444	47.8875,29.415	48.0647222222,29.6877777778
0	999	1504224000	1504310399	12	47.6166666667,31.6166666667	47.6166666667,31.75	47.5666666667,31.9166666667	47.3666666667,32.5833333333	46.7,32.1	46.3833333333,32.1	46.3166666667,31.5333333333	46.5552777778,31.5411111111	46.6183333333,31.5333333333	46.7766666667,31.35	46.8666666667,31.54	47.6166666667,31.6166666667
0	999	1504224000	1504310399	9	47.0983333333,32.94	47.0833333333,32.9416666667	46.7333333333,32.8847222222	46.2166666667,32.9052777778	46.25,32.2833333333	46.3833333333,32.1	46.7,32.1	47.0833333333,32.8	47.0983333333,32.94
