11
355	999	1504231200	1504245599	24	44.6069444444,30.2277777778	44.31,31.4433333333	44.2066666667,32.255	44.1575,32.4763888889	44.105,32.71	43.9316666667,33.4683333333	43.7738888889,34.0738888889	43.65,34.3966666667	43.2716666667,34.3933333333	42.7322222222,36.2663888889	42.75,35.0	42.7805555556,34.0877777778	42.7988888889,33.1811111111	42.7988888889,31.9477777778	42.8,31.0	42.8,30.75	43.2533333333,30.64	43.6833333333,30.5333333333	43.8033333333,30.505	44.0863888889,30.4386111111	44.1666666667,30.42	44.25,30.4	44.5,30.2666666667	44.6069444444,30.2277777778
0	355	1504231200	1504245599	24	44.6069444444,30.2277777778	44.31,31.4433333333	44.2066666667,32.255	44.1575,32.4763888889	44.105,32.71	43.9316666667,33.4683333333	43.7738888889,34.0738888889	43.65,34.3966666667	43.2716666667,34.3933333333	42.7322222222,36.2663888889	42.75,35.0	42.7805555556,34.0877777778	42.7988888889,33.1811111111	42.7988888889,31.9477777778	42.8,31.0	42.8,30.75	43.2533333333,30.64	43.6833333333,30.5333333333	43.8033333333,30.505	44.0863888889,30.4386111111	44.1666666667,30.42	44.25,30.4	44.5,30.2666666667	44.6069444444,30.2277777778
0	999	1504231200	1504245599	7	45.7666666667,33.5	45.4952777778,33.4541666667	45.3772222222,33.3611111111	45.0563888889,33.4905555556	45.39,33.0130555556	45.5955555556,33.2377777778	45.7666666667,33.5
0	999	1504231200	1504245599	31	45.9116666667,32.45	46.125,32.9083333333	45.95,33.3269444444	45.7666666667,33.5	45.6833333333,33.15	45.4075,32.9877777778	45.32,32.9366666667	44.5933333333,32.9333333333	44.4333333333,33.1833333333	44.4247222222,33.2169444444	44.3438888889,33.5283333333	44.2933333333,33.52	43.9316666667,33.4683333333	44.105,32.71	44.1575,32.4763888889	44.2066666667,32.255	44.31,31.4433333333	44.6069444444,30.2277777778	44.7122222222,30.1694444444	44.7666666667,30.15	44.9130555556,30.08	44.875,30.3583333333	44.98,30.5616666667	45.2583333333,31.1116666667	45.41,31.4166666667	45.4563888889,31.5102777778	45.6411111111,31.8863888889	45.7433333333,32.0966666667	45.81,32.2366666667	45.8819444444,32.3872222222	45.9116666667,32.45
0	999	1504231200	1504245599	5	44.6991666667,33.5805555556	44.5263888889,33.555	44.4333333333,33.1833333333	44.5833333333,33.1166666667	44.6991666667,33.5805555556
0	999	1504231200	1504245599	10	45.39,33.0130555556	45.0563888889,33.4905555556	44.95,33.5333333333	44.9333333333,33.5666666667	44.6991666667,33.5805555556	44.5833333333,33.1166666667	44.4333333333,33.1833333333	44.5933333333,32.9333333333	45.32,32.9366666667	45.39,33.0130555556
0	999	1504231200	1504245599	5	44.5263888889,33.555	44.3438888889,33.5283333333	44.4247222222,33.2169444444	44.4333333333,33.1833333333	44.5263888889,33.555
0	999	1504231200	1504245599	5	45.3772222222,33.3611111111	45.1430555556,33.5744444444	44.9661111111,33.6191666667	45.0563888889,33.4905555556	45.3772222222,33.3611111111
0	999	1504231200	1504245599	6	45.7666666667,33.5	45.5955555556,33.2377777778	45.39,33.0130555556	45.4075,32.9877777778	45.6833333333,33.15	45.7666666667,33.5
0	999	1504231200	1504245599	5	45.0563888889,33.4905555556	44.9661111111,33.6191666667	44.9333333333,33.5666666667	44.95,33.5333333333	45.0563888889,33.4905555556
0	999	1504231200	1504245599	4	45.4075,32.9877777778	45.39,33.0130555556	45.32,32.9366666667	45.4075,32.9877777778
