10
365	999	1504296000	1504299599	4	51.6038888889,12.8513888889	51.5083333333,13.1	51.4572222222,12.8269444444	51.6038888889,12.8513888889
365	999	1504296000	1504299599	35	51.5083333333,13.1	51.5083333333,13.1263888889	51.5083333333,13.2486111111	51.5086111111,13.335	51.5083333333,13.75	51.75,14.6666666667	51.6986111111,14.7144444444	51.5830555556,14.7380555556	51.5,15.0	51.4069444444,14.9616666667	51.2030555556,15.0105555556	51.1183333333,14.9902777778	50.9905555556,14.9169444444	51.0,14.8586111111	50.9991666667,14.7252777778	50.9580555556,14.575	51.0033333333,14.5666666667	51.0166666667,14.4	51.0183333333,14.27	50.95,14.3	50.9416666667,14.3966666667	50.9183333333,14.3983333333	50.9027777778,14.3861111111	50.8833333333,14.3333333333	50.7341666667,13.7675	50.7155555556,13.6288888889	50.5205555556,13.0091666667	50.4769444444,12.9116666667	50.4325,12.7505555556	50.5377777778,12.4933333333	50.6102777778,12.3144444444	50.6908333333,12.1144444444	51.2611111111,12.5211111111	51.4572222222,12.8269444444	51.5083333333,13.1
365	999	1504296000	1504299599	13	52.145,14.4655555556	52.1386111111,14.6802777778	52.0583333333,14.7555555556	51.9030555556,14.6752777778	51.8333333333,14.6333333333	51.8,14.6166666667	51.75,14.6666666667	51.5083333333,13.75	51.5086111111,13.335	51.5083333333,13.2486111111	51.5083333333,13.1263888889	51.7125,13.1672222222	52.145,14.4655555556
365	999	1504296000	1504299599	5	51.7125,13.1672222222	51.5083333333,13.1263888889	51.5083333333,13.1	51.6038888889,12.8513888889	51.7125,13.1672222222
365	999	1504296000	1504299599	9	51.0183333333,14.27	51.0166666667,14.4	51.0033333333,14.5666666667	50.9580555556,14.575	50.9027777778,14.3861111111	50.9183333333,14.3983333333	50.9416666667,14.3966666667	50.95,14.3	51.0183333333,14.27
315	365	1504296000	1504299599	35	51.5083333333,13.1	51.5083333333,13.1263888889	51.5083333333,13.2486111111	51.5086111111,13.335	51.5083333333,13.75	51.75,14.6666666667	51.6986111111,14.7144444444	51.5830555556,14.7380555556	51.5,15.0	51.4069444444,14.9616666667	51.2030555556,15.0105555556	51.1183333333,14.9902777778	50.9905555556,14.9169444444	51.0,14.8586111111	50.9991666667,14.7252777778	50.9580555556,14.575	51.0033333333,14.5666666667	51.0166666667,14.4	51.0183333333,14.27	50.95,14.3	50.9416666667,14.3966666667	50.9183333333,14.3983333333	50.9027777778,14.3861111111	50.8833333333,14.3333333333	50.7341666667,13.7675	50.7155555556,13.6288888889	50.5205555556,13.0091666667	50.4769444444,12.9116666667	50.4325,12.7505555556	50.5377777778,12.4933333333	50.6102777778,12.3144444444	50.6908333333,12.1144444444	51.2611111111,12.5211111111	51.4572222222,12.8269444444	51.5083333333,13.1
315	365	1504296000	1504299599	4	51.6038888889,12.8513888889	51.5083333333,13.1	51.4572222222,12.8269444444	51.6038888889,12.8513888889
315	365	1504296000	1504299599	5	51.7125,13.1672222222	51.5083333333,13.1263888889	51.5083333333,13.1	51.6038888889,12.8513888889	51.7125,13.1672222222
315	365	1504296000	1504299599	13	52.145,14.4655555556	52.1386111111,14.6802777778	52.0583333333,14.7555555556	51.9030555556,14.6752777778	51.8333333333,14.6333333333	51.8,14.6166666667	51.75,14.6666666667	51.5083333333,13.75	51.5086111111,13.335	51.5083333333,13.2486111111	51.5083333333,13.1263888889	51.7125,13.1672222222	52.145,14.4655555556
315	365	1504296000	1504299599	9	51.0183333333,14.27	51.0166666667,14.4	51.0033333333,14.5666666667	50.9580555556,14.575	50.9027777778,14.3861111111	50.9183333333,14.3983333333	50.9416666667,14.3966666667	50.95,14.3	51.0183333333,14.27
