9
245	345	1504299600	1504306799	25	49.365,9.1105555556	49.0563888889,9.8963888889	48.9486111111,10.0969444444	48.8486111111,9.865	48.8105555556,9.7763888889	48.6986111111,9.6863888889	48.6213888889,9.6244444444	48.5944444444,9.6033333333	48.5277777778,9.55	48.5125,9.55	48.4666666667,9.55	48.4419444444,9.55	48.3933333333,9.55	48.3625,9.55	48.2941666667,9.55	48.1666666667,9.55	48.0352777778,9.55	47.9733333333,9.55	47.9569444444,9.55	47.89,9.55	47.8902777778,9.1369444444	47.8333333333,8.8583333333	47.8333333333,8.6166666667	48.6655555556,8.8161111111	49.365,9.1105555556
355	375	1504299600	1504306799	5	48.0833333333,7.5775	48.1,7.9666666667	47.9194444444,7.8813888889	48.0,7.6166666667	48.0833333333,7.5775
355	375	1504299600	1504306799	25	49.9044444444,8.4933333333	49.5555555556,9.1869444444	49.365,9.1105555556	48.6655555556,8.8161111111	47.8333333333,8.6166666667	47.8333333333,8.2958333333	47.9194444444,7.8813888889	48.1,7.9666666667	48.0833333333,7.5775	48.1991666667,7.6477777778	48.2166666667,7.6583333333	48.3477777778,7.7036111111	48.435,7.7336111111	48.5097222222,7.7913888889	48.5208333333,7.8	48.7166666667,7.9666666667	48.775,8.0222222222	48.9166666667,8.1541666667	48.9741666667,8.2186111111	48.9880555556,8.1205555556	49.0,8.0666666667	49.0194444444,8.0022222222	49.0472222222,7.8352777778	49.7408333333,8.2127777778	49.9044444444,8.4933333333
245	355	1504299600	1504306799	5	48.0833333333,7.5775	48.1,7.9666666667	47.9194444444,7.8813888889	48.0,7.6166666667	48.0833333333,7.5775
245	355	1504299600	1504306799	25	49.9044444444,8.4933333333	49.5555555556,9.1869444444	49.365,9.1105555556	48.6655555556,8.8161111111	47.8333333333,8.6166666667	47.8333333333,8.2958333333	47.9194444444,7.8813888889	48.1,7.9666666667	48.0833333333,7.5775	48.1991666667,7.6477777778	48.2166666667,7.6583333333	48.3477777778,7.7036111111	48.435,7.7336111111	48.5097222222,7.7913888889	48.5208333333,7.8	48.7166666667,7.9666666667	48.775,8.0222222222	48.9166666667,8.1541666667	48.9741666667,8.2186111111	48.9880555556,8.1205555556	49.0,8.0666666667	49.0194444444,8.0022222222	49.0472222222,7.8352777778	49.7408333333,8.2127777778	49.9044444444,8.4933333333
375	999	1504299600	1504306799	5	48.0833333333,7.5775	48.1,7.9666666667	47.9194444444,7.8813888889	48.0,7.6166666667	48.0833333333,7.5775
375	999	1504299600	1504306799	25	49.9044444444,8.4933333333	49.5555555556,9.1869444444	49.365,9.1105555556	48.6655555556,8.8161111111	47.8333333333,8.6166666667	47.8333333333,8.2958333333	47.9194444444,7.8813888889	48.1,7.9666666667	48.0833333333,7.5775	48.1991666667,7.6477777778	48.2166666667,7.6583333333	48.3477777778,7.7036111111	48.435,7.7336111111	48.5097222222,7.7913888889	48.5208333333,7.8	48.7166666667,7.9666666667	48.775,8.0222222222	48.9166666667,8.1541666667	48.9741666667,8.2186111111	48.9880555556,8.1205555556	49.0,8.0666666667	49.0194444444,8.0022222222	49.0472222222,7.8352777778	49.7408333333,8.2127777778	49.9044444444,8.4933333333
375	999	1504299600	1504306799	25	49.365,9.1105555556	49.0563888889,9.8963888889	48.9486111111,10.0969444444	48.8486111111,9.865	48.8105555556,9.7763888889	48.6986111111,9.6863888889	48.6213888889,9.6244444444	48.5944444444,9.6033333333	48.5277777778,9.55	48.5125,9.55	48.4666666667,9.55	48.4419444444,9.55	48.3933333333,9.55	48.3625,9.55	48.2941666667,9.55	48.1666666667,9.55	48.0352777778,9.55	47.9733333333,9.55	47.9569444444,9.55	47.89,9.55	47.8902777778,9.1369444444	47.8333333333,8.8583333333	47.8333333333,8.6166666667	48.6655555556,8.8161111111	49.365,9.1105555556
345	375	1504299600	1504306799	25	49.365,9.1105555556	49.0563888889,9.8963888889	48.9486111111,10.0969444444	48.8486111111,9.865	48.8105555556,9.7763888889	48.6986111111,9.6863888889	48.6213888889,9.6244444444	48.5944444444,9.6033333333	48.5277777778,9.55	48.5125,9.55	48.4666666667,9.55	48.4419444444,9.55	48.3933333333,9.55	48.3625,9.55	48.2941666667,9.55	48.1666666667,9.55	48.0352777778,9.55	47.9733333333,9.55	47.9569444444,9.55	47.89,9.55	47.8902777778,9.1369444444	47.8333333333,8.8583333333	47.8333333333,8.6166666667	48.6655555556,8.8161111111	49.365,9.1105555556
