9
135	285	1504299600	1504310399	4	51.75,14.6666666667	51.6986111111,14.7144444444	51.5083333333,13.75	51.75,14.6666666667
135	285	1504299600	1504310399	13	52.145,14.4655555556	52.1386111111,14.6802777778	52.0583333333,14.7555555556	51.9030555556,14.6752777778	51.8333333333,14.6333333333	51.8,14.6166666667	51.75,14.6666666667	51.5083333333,13.75	51.5086111111,13.335	51.5083333333,13.2486111111	51.5083333333,13.1263888889	51.7125,13.1672222222	52.145,14.4655555556
135	285	1504299600	1504310399	12	52.2938888889,14.5788888889	52.2091666667,14.6591666667	52.1386111111,14.6802777778	52.145,14.4655555556	51.7125,13.1672222222	51.6038888889,12.8513888889	51.7977777778,12.3397222222	51.9933333333,12.4941666667	52.0922222222,13.1277777778	52.1433333333,13.4066666667	52.1877777778,13.76	52.2938888889,14.5788888889
165	285	1504299600	1504310399	4	51.6038888889,12.8513888889	51.5083333333,13.1	51.4572222222,12.8269444444	51.6038888889,12.8513888889
165	285	1504299600	1504310399	5	51.7125,13.1672222222	51.5083333333,13.1263888889	51.5083333333,13.1	51.6038888889,12.8513888889	51.7125,13.1672222222
165	285	1504299600	1504310399	4	51.6038888889,12.8513888889	51.4572222222,12.8269444444	51.5291666667,12.6658333333	51.6038888889,12.8513888889
165	285	1504299600	1504310399	8	52.7036111111,13.2547222222	52.815,14.2208333333	52.7286111111,14.3738888889	52.6316666667,14.5258333333	52.6016666667,14.6083333333	52.5069444444,13.3644444444	52.5627777778,13.2891666667	52.7036111111,13.2547222222
165	285	1504299600	1504310399	12	52.5069444444,13.3644444444	52.6016666667,14.6083333333	52.5386111111,14.6397222222	52.4,14.5388888889	52.2938888889,14.5788888889	52.1877777778,13.76	52.1433333333,13.4066666667	52.3766666667,13.4052777778	52.4091666667,13.4055555556	52.4730555556,13.4052777778	52.4877777778,13.3875	52.5069444444,13.3644444444
165	285	1504299600	1504310399	6	51.7977777778,12.3397222222	51.6038888889,12.8513888889	51.5291666667,12.6658333333	51.5927777778,12.5230555556	51.7802777778,12.2608333333	51.7977777778,12.3397222222
