36
245	335	1504303200	1504310399	7	49.86,6.4008333333	49.8325,6.5072222222	49.81,6.5036111111	49.7666666667,6.5333333333	49.8158333333,6.4252777778	49.8361111111,6.3805555556	49.86,6.4008333333
245	335	1504303200	1504310399	12	50.0513888889,6.6233333333	49.9344444444,6.6088888889	49.8325,6.5072222222	49.95,6.2138888889	49.9538888889,6.2025	49.9561111111,6.1961111111	49.97,6.1672222222	49.9786111111,6.1663888889	50.0666666667,6.1333333333	50.0783333333,6.1180555556	50.13,6.1377777778	50.0513888889,6.6233333333
245	335	1504303200	1504310399	15	49.4963888889,6.1844444444	49.4569444444,6.2155555556	49.3577777778,6.2941666667	49.175,6.4388888889	49.1333333333,6.6	48.8175,6.2763888889	49.1211111111,6.3011111111	49.1769444444,6.295	49.2833333333,6.2833333333	49.3105555556,6.25	49.4463888889,6.0794444444	49.4558333333,6.0686111111	49.4666666667,6.0555555556	49.4763888889,6.115	49.4963888889,6.1844444444
245	335	1504303200	1504310399	10	49.4555555556,6.5444444444	49.4569444444,6.2155555556	49.4963888889,6.1844444444	49.5030555556,6.2066666667	49.5083333333,6.225	49.4658333333,6.3491666667	49.4666666667,6.3916666667	49.4666666667,6.4	49.4666666667,6.4666666667	49.4555555556,6.5444444444
245	335	1504303200	1504310399	21	50.4280555556,6.6308333333	50.3038888889,6.6466666667	50.2744444444,6.6508333333	50.0691666667,6.6286111111	50.0513888889,6.6233333333	50.13,6.1377777778	50.15,6.15	50.1627777778,6.1583333333	50.1819444444,6.1916666667	50.2166666667,6.1833333333	50.2333333333,6.2166666667	50.2397222222,6.2222222222	50.2608333333,6.2408333333	50.2666666667,6.25	50.2677777778,6.275	50.2830555556,6.2883333333	50.3138888889,6.3722222222	50.3333333333,6.4	50.3666666667,6.4833333333	50.3722222222,6.4991666667	50.4280555556,6.6308333333
245	335	1504303200	1504310399	7	49.95,6.2138888889	49.8325,6.5072222222	49.86,6.4008333333	49.8638888889,6.3511111111	49.8933333333,6.2413888889	49.9227777778,6.2291666667	49.95,6.2138888889
245	335	1504303200	1504310399	32	51.1069444444,5.7869444444	51.0619444444,5.9866666667	51.05,6.0333333333	50.7566666667,7.0327777778	50.6063888889,7.1288888889	50.5930555556,7.055	50.5833333333,7.0	50.5527777778,6.9269444444	50.5402777778,6.8983333333	50.5058333333,6.8152777778	50.4769444444,6.7463888889	50.4280555556,6.6308333333	50.3722222222,6.4991666667	50.3666666667,6.4833333333	50.3333333333,6.4	50.3138888889,6.3722222222	50.2830555556,6.2883333333	50.2677777778,6.275	50.2666666667,6.25	50.2608333333,6.2408333333	50.2397222222,6.2222222222	50.2333333333,6.2166666667	50.2166666667,6.1833333333	50.1819444444,6.1916666667	50.1627777778,6.1583333333	50.15,6.15	50.13,6.1377777778	50.1575,5.8333333333	50.1666666667,5.8166666667	50.4986111111,5.2152777778	51.1,5.2152777778	51.1069444444,5.7869444444
245	335	1504303200	1504310399	7	49.4327777778,6.5597222222	49.25,6.6833333333	49.2180555556,6.7111111111	49.1333333333,6.6	49.175,6.4388888889	49.3577777778,6.2941666667	49.4327777778,6.5597222222
245	335	1504303200	1504310399	5	49.4555555556,6.5444444444	49.4327777778,6.5597222222	49.3577777778,6.2941666667	49.4569444444,6.2155555556	49.4555555556,6.5444444444
245	335	1504303200	1504310399	66	50.4986111111,5.2152777778	50.1666666667,5.8166666667	50.1575,5.8333333333	50.13,6.1377777778	50.0783333333,6.1180555556	50.0666666667,6.1333333333	49.9786111111,6.1663888889	49.97,6.1672222222	49.9561111111,6.1961111111	49.9538888889,6.2025	49.95,6.2138888889	49.9227777778,6.2291666667	49.8933333333,6.2413888889	49.8638888889,6.3511111111	49.86,6.4008333333	49.8361111111,6.3805555556	49.8158333333,6.4252777778	49.7666666667,6.5333333333	49.7286111111,6.5194444444	49.6916666667,6.4616666667	49.6666666667,6.4333333333	49.6388888889,6.425	49.6355555556,6.4275	49.6347222222,6.4280555556	49.4555555556,6.5444444444	49.4666666667,6.4666666667	49.4666666667,6.4	49.4666666667,6.3916666667	49.4658333333,6.3491666667	49.5083333333,6.225	49.5030555556,6.2066666667	49.4963888889,6.1844444444	49.4763888889,6.115	49.4666666667,6.0555555556	49.4555555556,6.0	49.53,5.8458333333	49.5430555556,5.8333333333	49.5430555556,5.8241666667	49.5494444444,5.8161111111	49.5422222222,5.7555555556	49.5416666667,5.75	49.5275,5.5752777778	49.5188888889,5.4375	49.5469444444,5.4527777778	49.5677777778,5.4422222222	49.6011111111,5.4205555556	49.6166666667,5.3833333333	49.6252777778,5.3716666667	49.6483333333,5.3158333333	49.6772222222,5.2911111111	49.6930555556,5.2627777778	49.7166666667,5.1633333333	49.7341666667,5.1205555556	49.7361111111,5.115	49.8,4.9880555556	49.8,4.9394444444	49.8,4.8583333333	49.8619444444,4.8577777778	49.9833333333,4.8666666667	49.975,4.5666666667	49.9655555556,4.5352777778	49.95,4.4833333333	49.9616666667,4.3666666667	49.9802777778,4.1502777778	49.9805555556,4.1458333333	50.4986111111,5.2152777778
335	375	1504303200	1504310399	7	49.86,6.4008333333	49.8325,6.5072222222	49.81,6.5036111111	49.7666666667,6.5333333333	49.8158333333,6.4252777778	49.8361111111,6.3805555556	49.86,6.4008333333
335	375	1504303200	1504310399	12	50.0513888889,6.6233333333	49.9344444444,6.6088888889	49.8325,6.5072222222	49.95,6.2138888889	49.9538888889,6.2025	49.9561111111,6.1961111111	49.97,6.1672222222	49.9786111111,6.1663888889	50.0666666667,6.1333333333	50.0783333333,6.1180555556	50.13,6.1377777778	50.0513888889,6.6233333333
335	375	1504303200	1504310399	15	49.4963888889,6.1844444444	49.4569444444,6.2155555556	49.3577777778,6.2941666667	49.175,6.4388888889	49.1333333333,6.6	48.8175,6.2763888889	49.1211111111,6.3011111111	49.1769444444,6.295	49.2833333333,6.2833333333	49.3105555556,6.25	49.4463888889,6.0794444444	49.4558333333,6.0686111111	49.4666666667,6.0555555556	49.4763888889,6.115	49.4963888889,6.1844444444
335	375	1504303200	1504310399	10	49.4555555556,6.5444444444	49.4569444444,6.2155555556	49.4963888889,6.1844444444	49.5030555556,6.2066666667	49.5083333333,6.225	49.4658333333,6.3491666667	49.4666666667,6.3916666667	49.4666666667,6.4	49.4666666667,6.4666666667	49.4555555556,6.5444444444
335	375	1504303200	1504310399	21	50.4280555556,6.6308333333	50.3038888889,6.6466666667	50.2744444444,6.6508333333	50.0691666667,6.6286111111	50.0513888889,6.6233333333	50.13,6.1377777778	50.15,6.15	50.1627777778,6.1583333333	50.1819444444,6.1916666667	50.2166666667,6.1833333333	50.2333333333,6.2166666667	50.2397222222,6.2222222222	50.2608333333,6.2408333333	50.2666666667,6.25	50.2677777778,6.275	50.2830555556,6.2883333333	50.3138888889,6.3722222222	50.3333333333,6.4	50.3666666667,6.4833333333	50.3722222222,6.4991666667	50.4280555556,6.6308333333
335	375	1504303200	1504310399	7	49.95,6.2138888889	49.8325,6.5072222222	49.86,6.4008333333	49.8638888889,6.3511111111	49.8933333333,6.2413888889	49.9227777778,6.2291666667	49.95,6.2138888889
335	375	1504303200	1504310399	32	51.1069444444,5.7869444444	51.0619444444,5.9866666667	51.05,6.0333333333	50.7566666667,7.0327777778	50.6063888889,7.1288888889	50.5930555556,7.055	50.5833333333,7.0	50.5527777778,6.9269444444	50.5402777778,6.8983333333	50.5058333333,6.8152777778	50.4769444444,6.7463888889	50.4280555556,6.6308333333	50.3722222222,6.4991666667	50.3666666667,6.4833333333	50.3333333333,6.4	50.3138888889,6.3722222222	50.2830555556,6.2883333333	50.2677777778,6.275	50.2666666667,6.25	50.2608333333,6.2408333333	50.2397222222,6.2222222222	50.2333333333,6.2166666667	50.2166666667,6.1833333333	50.1819444444,6.1916666667	50.1627777778,6.1583333333	50.15,6.15	50.13,6.1377777778	50.1575,5.8333333333	50.1666666667,5.8166666667	50.4986111111,5.2152777778	51.1,5.2152777778	51.1069444444,5.7869444444
335	375	1504303200	1504310399	5	49.4555555556,6.5444444444	49.4327777778,6.5597222222	49.3577777778,6.2941666667	49.4569444444,6.2155555556	49.4555555556,6.5444444444
335	375	1504303200	1504310399	7	49.4327777778,6.5597222222	49.25,6.6833333333	49.2180555556,6.7111111111	49.1333333333,6.6	49.175,6.4388888889	49.3577777778,6.2941666667	49.4327777778,6.5597222222
335	375	1504303200	1504310399	66	50.4986111111,5.2152777778	50.1666666667,5.8166666667	50.1575,5.8333333333	50.13,6.1377777778	50.0783333333,6.1180555556	50.0666666667,6.1333333333	49.9786111111,6.1663888889	49.97,6.1672222222	49.9561111111,6.1961111111	49.9538888889,6.2025	49.95,6.2138888889	49.9227777778,6.2291666667	49.8933333333,6.2413888889	49.8638888889,6.3511111111	49.86,6.4008333333	49.8361111111,6.3805555556	49.8158333333,6.4252777778	49.7666666667,6.5333333333	49.7286111111,6.5194444444	49.6916666667,6.4616666667	49.6666666667,6.4333333333	49.6388888889,6.425	49.6355555556,6.4275	49.6347222222,6.4280555556	49.4555555556,6.5444444444	49.4666666667,6.4666666667	49.4666666667,6.4	49.4666666667,6.3916666667	49.4658333333,6.3491666667	49.5083333333,6.225	49.5030555556,6.2066666667	49.4963888889,6.1844444444	49.4763888889,6.115	49.4666666667,6.0555555556	49.4555555556,6.0	49.53,5.8458333333	49.5430555556,5.8333333333	49.5430555556,5.8241666667	49.5494444444,5.8161111111	49.5422222222,5.7555555556	49.5416666667,5.75	49.5275,5.5752777778	49.5188888889,5.4375	49.5469444444,5.4527777778	49.5677777778,5.4422222222	49.6011111111,5.4205555556	49.6166666667,5.3833333333	49.6252777778,5.3716666667	49.6483333333,5.3158333333	49.6772222222,5.2911111111	49.6930555556,5.2627777778	49.7166666667,5.1633333333	49.7341666667,5.1205555556	49.7361111111,5.115	49.8,4.9880555556	49.8,4.9394444444	49.8,4.8583333333	49.8619444444,4.8577777778	49.9833333333,4.8666666667	49.975,4.5666666667	49.9655555556,4.5352777778	49.95,4.4833333333	49.9616666667,4.3666666667	49.9802777778,4.1502777778	49.9805555556,4.1458333333	50.4986111111,5.2152777778
245	355	1504303200	1504310399	35	51.4308333333,3.4083333333	51.3972222222,3.5525	51.3633333333,3.7011111111	51.3261111111,3.8722222222	51.3,3.9833333333	51.2805555556,4.0622222222	50.4972222222,3.5541666667	50.5266666667,3.5116666667	50.5194444444,3.4847222222	50.495,3.3766666667	50.515,3.3616666667	50.5947222222,3.2841666667	50.6097222222,3.27	50.6780555556,3.2227777778	50.7833333333,3.15	50.6916666667,2.9083333333	50.7,2.9	50.8083333333,2.65	50.8188888889,2.6472222222	51.0138888889,2.5916666667	51.0833333333,2.55	51.1013888889,2.245	51.1166666667,2.0	51.1308333333,2.0	51.1969444444,2.0	51.2119444444,2.0	51.2152777778,2.0	51.2463888889,2.0	51.33,2.0	51.3591666667,2.0	51.3833333333,2.0	51.4005555556,2.0	51.2261111111,3.4063888889	51.2694444444,3.4066666667	51.4308333333,3.4083333333
245	355	1504303200	1504310399	39	51.2805555556,4.0622222222	51.2716666667,4.105	51.2708333333,4.1083333333	51.2894444444,4.1522222222	51.2894444444,4.1525	51.2897222222,4.1530555556	51.3861111111,4.3333333333	51.4055555556,4.3663888889	51.3802777778,5.0819444444	51.2558333333,5.5566666667	51.2552777778,5.5897222222	51.2516666667,5.7441666667	51.2513888889,5.755	51.2486111111,5.9522222222	51.2469444444,6.0202777778	51.2461111111,6.08	51.1977777778,6.1261111111	51.1205555556,6.0833333333	51.0619444444,5.9866666667	51.1069444444,5.7869444444	51.1,5.2152777778	50.4986111111,5.2152777778	49.9805555556,4.1458333333	50.1488888889,4.1680555556	50.2247222222,4.1780555556	50.2966666667,4.1188888889	50.3147222222,4.0897222222	50.3283333333,3.9730555556	50.3338888889,3.9266666667	50.3405555556,3.8730555556	50.3397222222,3.7875	50.3422222222,3.675	50.35,3.6666666667	50.4166666667,3.6666666667	50.4519444444,3.6455555556	50.4733333333,3.6333333333	50.4838888889,3.6005555556	50.4972222222,3.5541666667	51.2805555556,4.0622222222
355	999	1504303200	1504310399	35	51.4308333333,3.4083333333	51.3972222222,3.5525	51.3633333333,3.7011111111	51.3261111111,3.8722222222	51.3,3.9833333333	51.2805555556,4.0622222222	50.4972222222,3.5541666667	50.5266666667,3.5116666667	50.5194444444,3.4847222222	50.495,3.3766666667	50.515,3.3616666667	50.5947222222,3.2841666667	50.6097222222,3.27	50.6780555556,3.2227777778	50.7833333333,3.15	50.6916666667,2.9083333333	50.7,2.9	50.8083333333,2.65	50.8188888889,2.6472222222	51.0138888889,2.5916666667	51.0833333333,2.55	51.1013888889,2.245	51.1166666667,2.0	51.1308333333,2.0	51.1969444444,2.0	51.2119444444,2.0	51.2152777778,2.0	51.2463888889,2.0	51.33,2.0	51.3591666667,2.0	51.3833333333,2.0	51.4005555556,2.0	51.2261111111,3.4063888889	51.2694444444,3.4066666667	51.4308333333,3.4083333333
355	999	1504303200	1504310399	18	51.6369444444,2.5	51.5983333333,2.6666666667	51.5,3.1	51.4805555556,3.1736111111	51.4333333333,3.4	51.4308333333,3.4083333333	51.2694444444,3.4066666667	51.2261111111,3.4063888889	51.4005555556,2.0	51.4430555556,2.0	51.4894444444,2.0	51.5,2.0	51.4925,2.0833333333	51.4758333333,2.275	51.4719444444,2.3166666667	51.4555555556,2.5	51.5480555556,2.5	51.6369444444,2.5
355	999	1504303200	1504310399	39	51.2805555556,4.0622222222	51.2716666667,4.105	51.2708333333,4.1083333333	51.2894444444,4.1522222222	51.2894444444,4.1525	51.2897222222,4.1530555556	51.3861111111,4.3333333333	51.4055555556,4.3663888889	51.3802777778,5.0819444444	51.2558333333,5.5566666667	51.2552777778,5.5897222222	51.2516666667,5.7441666667	51.2513888889,5.755	51.2486111111,5.9522222222	51.2469444444,6.0202777778	51.2461111111,6.08	51.1977777778,6.1261111111	51.1205555556,6.0833333333	51.0619444444,5.9866666667	51.1069444444,5.7869444444	51.1,5.2152777778	50.4986111111,5.2152777778	49.9805555556,4.1458333333	50.1488888889,4.1680555556	50.2247222222,4.1780555556	50.2966666667,4.1188888889	50.3147222222,4.0897222222	50.3283333333,3.9730555556	50.3338888889,3.9266666667	50.3405555556,3.8730555556	50.3397222222,3.7875	50.3422222222,3.675	50.35,3.6666666667	50.4166666667,3.6666666667	50.4519444444,3.6455555556	50.4733333333,3.6333333333	50.4838888889,3.6005555556	50.4972222222,3.5541666667	51.2805555556,4.0622222222
255	355	1504303200	1504310399	18	51.6369444444,2.5	51.5983333333,2.6666666667	51.5,3.1	51.4805555556,3.1736111111	51.4333333333,3.4	51.4308333333,3.4083333333	51.2694444444,3.4066666667	51.2261111111,3.4063888889	51.4005555556,2.0	51.4430555556,2.0	51.4894444444,2.0	51.5,2.0	51.4925,2.0833333333	51.4758333333,2.275	51.4719444444,2.3166666667	51.4555555556,2.5	51.5480555556,2.5	51.6369444444,2.5
375	999	1504303200	1504310399	7	49.86,6.4008333333	49.8325,6.5072222222	49.81,6.5036111111	49.7666666667,6.5333333333	49.8158333333,6.4252777778	49.8361111111,6.3805555556	49.86,6.4008333333
375	999	1504303200	1504310399	12	50.0513888889,6.6233333333	49.9344444444,6.6088888889	49.8325,6.5072222222	49.95,6.2138888889	49.9538888889,6.2025	49.9561111111,6.1961111111	49.97,6.1672222222	49.9786111111,6.1663888889	50.0666666667,6.1333333333	50.0783333333,6.1180555556	50.13,6.1377777778	50.0513888889,6.6233333333
375	999	1504303200	1504310399	15	49.4963888889,6.1844444444	49.4569444444,6.2155555556	49.3577777778,6.2941666667	49.175,6.4388888889	49.1333333333,6.6	48.8175,6.2763888889	49.1211111111,6.3011111111	49.1769444444,6.295	49.2833333333,6.2833333333	49.3105555556,6.25	49.4463888889,6.0794444444	49.4558333333,6.0686111111	49.4666666667,6.0555555556	49.4763888889,6.115	49.4963888889,6.1844444444
375	999	1504303200	1504310399	10	49.4555555556,6.5444444444	49.4569444444,6.2155555556	49.4963888889,6.1844444444	49.5030555556,6.2066666667	49.5083333333,6.225	49.4658333333,6.3491666667	49.4666666667,6.3916666667	49.4666666667,6.4	49.4666666667,6.4666666667	49.4555555556,6.5444444444
375	999	1504303200	1504310399	21	50.4280555556,6.6308333333	50.3038888889,6.6466666667	50.2744444444,6.6508333333	50.0691666667,6.6286111111	50.0513888889,6.6233333333	50.13,6.1377777778	50.15,6.15	50.1627777778,6.1583333333	50.1819444444,6.1916666667	50.2166666667,6.1833333333	50.2333333333,6.2166666667	50.2397222222,6.2222222222	50.2608333333,6.2408333333	50.2666666667,6.25	50.2677777778,6.275	50.2830555556,6.2883333333	50.3138888889,6.3722222222	50.3333333333,6.4	50.3666666667,6.4833333333	50.3722222222,6.4991666667	50.4280555556,6.6308333333
375	999	1504303200	1504310399	7	49.95,6.2138888889	49.8325,6.5072222222	49.86,6.4008333333	49.8638888889,6.3511111111	49.8933333333,6.2413888889	49.9227777778,6.2291666667	49.95,6.2138888889
375	999	1504303200	1504310399	32	51.1069444444,5.7869444444	51.0619444444,5.9866666667	51.05,6.0333333333	50.7566666667,7.0327777778	50.6063888889,7.1288888889	50.5930555556,7.055	50.5833333333,7.0	50.5527777778,6.9269444444	50.5402777778,6.8983333333	50.5058333333,6.8152777778	50.4769444444,6.7463888889	50.4280555556,6.6308333333	50.3722222222,6.4991666667	50.3666666667,6.4833333333	50.3333333333,6.4	50.3138888889,6.3722222222	50.2830555556,6.2883333333	50.2677777778,6.275	50.2666666667,6.25	50.2608333333,6.2408333333	50.2397222222,6.2222222222	50.2333333333,6.2166666667	50.2166666667,6.1833333333	50.1819444444,6.1916666667	50.1627777778,6.1583333333	50.15,6.15	50.13,6.1377777778	50.1575,5.8333333333	50.1666666667,5.8166666667	50.4986111111,5.2152777778	51.1,5.2152777778	51.1069444444,5.7869444444
375	999	1504303200	1504310399	7	49.4327777778,6.5597222222	49.25,6.6833333333	49.2180555556,6.7111111111	49.1333333333,6.6	49.175,6.4388888889	49.3577777778,6.2941666667	49.4327777778,6.5597222222
375	999	1504303200	1504310399	5	49.4555555556,6.5444444444	49.4327777778,6.5597222222	49.3577777778,6.2941666667	49.4569444444,6.2155555556	49.4555555556,6.5444444444
375	999	1504303200	1504310399	66	50.4986111111,5.2152777778	50.1666666667,5.8166666667	50.1575,5.8333333333	50.13,6.1377777778	50.0783333333,6.1180555556	50.0666666667,6.1333333333	49.9786111111,6.1663888889	49.97,6.1672222222	49.9561111111,6.1961111111	49.9538888889,6.2025	49.95,6.2138888889	49.9227777778,6.2291666667	49.8933333333,6.2413888889	49.8638888889,6.3511111111	49.86,6.4008333333	49.8361111111,6.3805555556	49.8158333333,6.4252777778	49.7666666667,6.5333333333	49.7286111111,6.5194444444	49.6916666667,6.4616666667	49.6666666667,6.4333333333	49.6388888889,6.425	49.6355555556,6.4275	49.6347222222,6.4280555556	49.4555555556,6.5444444444	49.4666666667,6.4666666667	49.4666666667,6.4	49.4666666667,6.3916666667	49.4658333333,6.3491666667	49.5083333333,6.225	49.5030555556,6.2066666667	49.4963888889,6.1844444444	49.4763888889,6.115	49.4666666667,6.0555555556	49.4555555556,6.0	49.53,5.8458333333	49.5430555556,5.8333333333	49.5430555556,5.8241666667	49.5494444444,5.8161111111	49.5422222222,5.7555555556	49.5416666667,5.75	49.5275,5.5752777778	49.5188888889,5.4375	49.5469444444,5.4527777778	49.5677777778,5.4422222222	49.6011111111,5.4205555556	49.6166666667,5.3833333333	49.6252777778,5.3716666667	49.6483333333,5.3158333333	49.6772222222,5.2911111111	49.6930555556,5.2627777778	49.7166666667,5.1633333333	49.7341666667,5.1205555556	49.7361111111,5.115	49.8,4.9880555556	49.8,4.9394444444	49.8,4.8583333333	49.8619444444,4.8577777778	49.9833333333,4.8666666667	49.975,4.5666666667	49.9655555556,4.5352777778	49.95,4.4833333333	49.9616666667,4.3666666667	49.9802777778,4.1502777778	49.9805555556,4.1458333333	50.4986111111,5.2152777778
