11
145	315	1504241400	1504245599	10	48.4419444444,9.55	48.42,9.6538888889	48.3966666667,9.9877777778	48.3025,9.9236111111	48.1744444444,9.5708333333	48.1666666667,9.55	48.2941666667,9.55	48.3625,9.55	48.3933333333,9.55	48.4419444444,9.55
0	315	1504241400	1504245599	19	47.8180555556,9.9725	47.8236111111,10.1077777778	47.8416666667,10.3833333333	47.8675,10.4666666667	47.9047222222,10.5838888889	47.9097222222,10.5972222222	48.0305555556,11.0	47.9130555556,11.1033333333	47.9266666667,11.2338888889	47.9286111111,11.2627777778	47.5833333333,11.0	47.5316666667,10.7666666667	47.5233333333,10.7291666667	47.4769444444,10.4511111111	47.4777777778,10.4411111111	47.5063888889,10.0861111111	47.5175,9.9477777778	47.6594444444,9.9658333333	47.8180555556,9.9725
105	315	1504241400	1504245599	15	48.0305555556,11.0	47.9097222222,10.5972222222	47.9047222222,10.5838888889	47.8675,10.4666666667	47.8416666667,10.3833333333	47.8236111111,10.1077777778	47.8180555556,9.9725	47.8152777778,9.905	47.8980555556,9.8355555556	47.9002777778,9.9183333333	47.9083333333,10.25	47.9094444444,10.3022222222	47.9108333333,10.3097222222	47.93,10.4186111111	48.0305555556,11.0
105	315	1504241400	1504245599	5	47.57,9.8011111111	47.6594444444,9.9658333333	47.5175,9.9477777778	47.5491666667,9.8166666667	47.57,9.8011111111
105	315	1504241400	1504245599	5	48.1330555556,11.0	48.0655555556,11.0	48.0305555556,11.0	47.93,10.4186111111	48.1330555556,11.0
105	315	1504241400	1504245599	5	47.5338888889,9.7336111111	47.57,9.8011111111	47.5491666667,9.8166666667	47.5175,9.9477777778	47.5338888889,9.7336111111
105	315	1504241400	1504245599	8	48.1744444444,9.5708333333	48.0138888889,9.6227777778	47.9675,9.6405555556	47.9569444444,9.55	47.9733333333,9.55	48.0352777778,9.55	48.1666666667,9.55	48.1744444444,9.5708333333
105	315	1504241400	1504245599	21	48.2216666667,11.0	48.1330555556,11.0	47.93,10.4186111111	47.9108333333,10.3097222222	47.9094444444,10.3022222222	47.9083333333,10.25	47.9002777778,9.9183333333	47.8980555556,9.8355555556	47.89,9.55	47.9569444444,9.55	47.9675,9.6405555556	48.0138888889,9.6227777778	48.1744444444,9.5708333333	48.3025,9.9236111111	48.3966666667,9.9877777778	48.3919444444,10.0541666667	48.3722222222,10.3236111111	48.3552777778,10.5486111111	48.3197222222,11.0	48.2908333333,11.0	48.2216666667,11.0
195	315	1504241400	1504245599	11	48.2216666667,11.0	48.1836111111,11.2416666667	48.125,11.2375	48.0583333333,11.2461111111	47.9286111111,11.2627777778	47.9266666667,11.2338888889	47.9130555556,11.1033333333	48.0305555556,11.0	48.0655555556,11.0	48.1330555556,11.0	48.2216666667,11.0
205	315	1504241400	1504245599	13	47.8980555556,9.8355555556	47.8152777778,9.905	47.8180555556,9.9725	47.6594444444,9.9658333333	47.57,9.8011111111	47.5930555556,9.7833333333	47.5822222222,9.7627777778	47.5338888889,9.7336111111	47.8,9.55	47.8333333333,9.55	47.8833333333,9.55	47.89,9.55	47.8980555556,9.8355555556
205	315	1504241400	1504245599	5	47.5822222222,9.7627777778	47.5930555556,9.7833333333	47.57,9.8011111111	47.5338888889,9.7336111111	47.5822222222,9.7627777778
