19
355	999	1504224000	1504238399	26	52.2919444444,11.0808333333	52.0,11.1166666667	51.9722222222,11.12	51.9083333333,11.13	51.9063888889,11.13	51.8044444444,11.1402777778	51.7327777778,11.0063888889	51.7211111111,10.9847222222	51.5666666667,10.7	51.5255555556,10.645	51.4869444444,10.5925	51.3338888889,10.3875	51.3336111111,10.0594444444	51.3333333333,9.9361111111	51.3333333333,9.5819444444	51.3333333333,9.5202777778	51.3333333333,9.5172222222	51.3333333333,9.1666666667	51.3333333333,8.9077777778	51.3333333333,8.7666666667	51.4666666667,8.5	51.8333333333,8.5333333333	51.9166666667,8.9	52.1666666667,9.8833333333	52.2919444444,10.85	52.2919444444,11.0808333333
355	999	1504224000	1504238399	27	52.36,8.665	53.0,9.3166666667	53.0,9.5666666667	53.0,9.9166666667	53.0,10.1666666667	53.0,10.2480555556	53.3955555556,10.5525	53.3955555556,11.4438888889	53.3694444444,11.4341666667	53.3544444444,11.4275	53.1972222222,11.3447222222	52.8847222222,11.1855555556	52.7897222222,11.1369444444	52.7305555556,11.1072222222	52.4794444444,11.0822222222	52.4616666667,11.08	52.3736111111,11.0702777778	52.3197222222,11.0780555556	52.3027777778,11.0811111111	52.2919444444,11.0808333333	52.2919444444,10.85	52.1666666667,9.8833333333	51.9166666667,8.9	51.8333333333,8.5333333333	51.9166666667,8.5666666667	52.2916666667,8.6333333333	52.36,8.665
355	999	1504224000	1504238399	6	51.2833333333,8.6666666667	51.0855555556,8.9097222222	51.0833333333,8.6141666667	51.1963888889,8.4913888889	51.225,8.55	51.2833333333,8.6666666667
355	999	1504224000	1504238399	36	52.1341666667,6.1011111111	52.0727777778,6.3530555556	51.8025,7.2313888889	51.4130555556,7.8972222222	51.2033333333,8.0161111111	51.1475,8.0522222222	51.1,7.95	50.9325,7.6822222222	50.7252777778,7.8138888889	50.7069444444,7.7277777778	50.6975,7.6516666667	50.6833333333,7.6	50.6722222222,7.5305555556	50.6488888889,7.3766666667	50.6233333333,7.2252777778	50.6213888889,7.2144444444	50.6102777778,7.1513888889	50.6063888889,7.1288888889	50.7566666667,7.0327777778	51.05,6.0333333333	51.0619444444,5.9866666667	51.1205555556,6.0833333333	51.1977777778,6.1261111111	51.2461111111,6.08	51.275,6.1216666667	51.2769444444,6.1244444444	51.2788888889,6.1269444444	51.2816666667,6.1291666667	51.3166666667,6.1666666667	51.3344444444,6.1661111111	51.7166666667,6.15	51.8302777778,6.15	51.9,6.15	52.025,6.0166666667	52.0963888889,6.0766666667	52.1341666667,6.1011111111
355	999	1504224000	1504238399	10	51.0855555556,9.4333333333	51.0855555556,9.2452777778	51.0855555556,8.9097222222	51.2833333333,8.6666666667	51.3333333333,8.7666666667	51.3333333333,8.9077777778	51.3333333333,9.1666666667	51.3333333333,9.5172222222	51.0969444444,9.4394444444	51.0855555556,9.4333333333
355	999	1504224000	1504238399	24	53.0,9.3166666667	52.36,8.665	52.2916666667,8.6333333333	51.9166666667,8.5666666667	51.8333333333,8.5333333333	51.4666666667,8.5	51.3333333333,8.7666666667	51.2833333333,8.6666666667	51.225,8.55	51.1963888889,8.4913888889	51.27,8.4111111111	51.2555555556,8.3588888889	51.2158333333,8.215	51.2041666667,8.1738888889	51.1475,8.0522222222	51.2033333333,8.0161111111	51.4130555556,7.8972222222	51.8025,7.2313888889	52.0727777778,6.3530555556	52.1341666667,6.1011111111	52.8,7.0833333333	52.7969444444,7.7991666667	53.1027777778,8.8530555556	53.0,9.3166666667
245	335	1504224000	1504238399	26	52.2919444444,11.0808333333	52.0,11.1166666667	51.9722222222,11.12	51.9083333333,11.13	51.9063888889,11.13	51.8044444444,11.1402777778	51.7327777778,11.0063888889	51.7211111111,10.9847222222	51.5666666667,10.7	51.5255555556,10.645	51.4869444444,10.5925	51.3338888889,10.3875	51.3336111111,10.0594444444	51.3333333333,9.9361111111	51.3333333333,9.5819444444	51.3333333333,9.5202777778	51.3333333333,9.5172222222	51.3333333333,9.1666666667	51.3333333333,8.9077777778	51.3333333333,8.7666666667	51.4666666667,8.5	51.8333333333,8.5333333333	51.9166666667,8.9	52.1666666667,9.8833333333	52.2919444444,10.85	52.2919444444,11.0808333333
245	335	1504224000	1504238399	27	52.36,8.665	53.0,9.3166666667	53.0,9.5666666667	53.0,9.9166666667	53.0,10.1666666667	53.0,10.2480555556	53.3955555556,10.5525	53.3955555556,11.4438888889	53.3694444444,11.4341666667	53.3544444444,11.4275	53.1972222222,11.3447222222	52.8847222222,11.1855555556	52.7897222222,11.1369444444	52.7305555556,11.1072222222	52.4794444444,11.0822222222	52.4616666667,11.08	52.3736111111,11.0702777778	52.3197222222,11.0780555556	52.3027777778,11.0811111111	52.2919444444,11.0808333333	52.2919444444,10.85	52.1666666667,9.8833333333	51.9166666667,8.9	51.8333333333,8.5333333333	51.9166666667,8.5666666667	52.2916666667,8.6333333333	52.36,8.665
245	335	1504224000	1504238399	6	51.2833333333,8.6666666667	51.0855555556,8.9097222222	51.0833333333,8.6141666667	51.1963888889,8.4913888889	51.225,8.55	51.2833333333,8.6666666667
245	335	1504224000	1504238399	36	52.1341666667,6.1011111111	52.0727777778,6.3530555556	51.8025,7.2313888889	51.4130555556,7.8972222222	51.2033333333,8.0161111111	51.1475,8.0522222222	51.1,7.95	50.9325,7.6822222222	50.7252777778,7.8138888889	50.7069444444,7.7277777778	50.6975,7.6516666667	50.6833333333,7.6	50.6722222222,7.5305555556	50.6488888889,7.3766666667	50.6233333333,7.2252777778	50.6213888889,7.2144444444	50.6102777778,7.1513888889	50.6063888889,7.1288888889	50.7566666667,7.0327777778	51.05,6.0333333333	51.0619444444,5.9866666667	51.1205555556,6.0833333333	51.1977777778,6.1261111111	51.2461111111,6.08	51.275,6.1216666667	51.2769444444,6.1244444444	51.2788888889,6.1269444444	51.2816666667,6.1291666667	51.3166666667,6.1666666667	51.3344444444,6.1661111111	51.7166666667,6.15	51.8302777778,6.15	51.9,6.15	52.025,6.0166666667	52.0963888889,6.0766666667	52.1341666667,6.1011111111
245	335	1504224000	1504238399	10	51.0855555556,9.4333333333	51.0855555556,9.2452777778	51.0855555556,8.9097222222	51.2833333333,8.6666666667	51.3333333333,8.7666666667	51.3333333333,8.9077777778	51.3333333333,9.1666666667	51.3333333333,9.5172222222	51.0969444444,9.4394444444	51.0855555556,9.4333333333
245	335	1504224000	1504238399	24	53.0,9.3166666667	52.36,8.665	52.2916666667,8.6333333333	51.9166666667,8.5666666667	51.8333333333,8.5333333333	51.4666666667,8.5	51.3333333333,8.7666666667	51.2833333333,8.6666666667	51.225,8.55	51.1963888889,8.4913888889	51.27,8.4111111111	51.2555555556,8.3588888889	51.2158333333,8.215	51.2041666667,8.1738888889	51.1475,8.0522222222	51.2033333333,8.0161111111	51.4130555556,7.8972222222	51.8025,7.2313888889	52.0727777778,6.3530555556	52.1341666667,6.1011111111	52.8,7.0833333333	52.7969444444,7.7991666667	53.1027777778,8.8530555556	53.0,9.3166666667
245	295	1504224000	1504238399	13	51.3333333333,9.5172222222	51.3333333333,9.5202777778	51.3333333333,9.5819444444	51.3333333333,9.9361111111	51.3336111111,10.0594444444	51.3338888889,10.3875	51.2491666667,10.3708333333	51.1608333333,10.3536111111	51.1041666667,10.1536111111	51.095,10.0558333333	51.0833333333,10.0408333333	51.0969444444,9.4394444444	51.3333333333,9.5172222222
335	355	1504224000	1504238399	26	52.2919444444,11.0808333333	52.0,11.1166666667	51.9722222222,11.12	51.9083333333,11.13	51.9063888889,11.13	51.8044444444,11.1402777778	51.7327777778,11.0063888889	51.7211111111,10.9847222222	51.5666666667,10.7	51.5255555556,10.645	51.4869444444,10.5925	51.3338888889,10.3875	51.3336111111,10.0594444444	51.3333333333,9.9361111111	51.3333333333,9.5819444444	51.3333333333,9.5202777778	51.3333333333,9.5172222222	51.3333333333,9.1666666667	51.3333333333,8.9077777778	51.3333333333,8.7666666667	51.4666666667,8.5	51.8333333333,8.5333333333	51.9166666667,8.9	52.1666666667,9.8833333333	52.2919444444,10.85	52.2919444444,11.0808333333
335	355	1504224000	1504238399	27	52.36,8.665	53.0,9.3166666667	53.0,9.5666666667	53.0,9.9166666667	53.0,10.1666666667	53.0,10.2480555556	53.3955555556,10.5525	53.3955555556,11.4438888889	53.3694444444,11.4341666667	53.3544444444,11.4275	53.1972222222,11.3447222222	52.8847222222,11.1855555556	52.7897222222,11.1369444444	52.7305555556,11.1072222222	52.4794444444,11.0822222222	52.4616666667,11.08	52.3736111111,11.0702777778	52.3197222222,11.0780555556	52.3027777778,11.0811111111	52.2919444444,11.0808333333	52.2919444444,10.85	52.1666666667,9.8833333333	51.9166666667,8.9	51.8333333333,8.5333333333	51.9166666667,8.5666666667	52.2916666667,8.6333333333	52.36,8.665
335	355	1504224000	1504238399	6	51.2833333333,8.6666666667	51.0855555556,8.9097222222	51.0833333333,8.6141666667	51.1963888889,8.4913888889	51.225,8.55	51.2833333333,8.6666666667
335	355	1504224000	1504238399	36	52.1341666667,6.1011111111	52.0727777778,6.3530555556	51.8025,7.2313888889	51.4130555556,7.8972222222	51.2033333333,8.0161111111	51.1475,8.0522222222	51.1,7.95	50.9325,7.6822222222	50.7252777778,7.8138888889	50.7069444444,7.7277777778	50.6975,7.6516666667	50.6833333333,7.6	50.6722222222,7.5305555556	50.6488888889,7.3766666667	50.6233333333,7.2252777778	50.6213888889,7.2144444444	50.6102777778,7.1513888889	50.6063888889,7.1288888889	50.7566666667,7.0327777778	51.05,6.0333333333	51.0619444444,5.9866666667	51.1205555556,6.0833333333	51.1977777778,6.1261111111	51.2461111111,6.08	51.275,6.1216666667	51.2769444444,6.1244444444	51.2788888889,6.1269444444	51.2816666667,6.1291666667	51.3166666667,6.1666666667	51.3344444444,6.1661111111	51.7166666667,6.15	51.8302777778,6.15	51.9,6.15	52.025,6.0166666667	52.0963888889,6.0766666667	52.1341666667,6.1011111111
335	355	1504224000	1504238399	10	51.0855555556,9.4333333333	51.0855555556,9.2452777778	51.0855555556,8.9097222222	51.2833333333,8.6666666667	51.3333333333,8.7666666667	51.3333333333,8.9077777778	51.3333333333,9.1666666667	51.3333333333,9.5172222222	51.0969444444,9.4394444444	51.0855555556,9.4333333333
335	355	1504224000	1504238399	24	53.0,9.3166666667	52.36,8.665	52.2916666667,8.6333333333	51.9166666667,8.5666666667	51.8333333333,8.5333333333	51.4666666667,8.5	51.3333333333,8.7666666667	51.2833333333,8.6666666667	51.225,8.55	51.1963888889,8.4913888889	51.27,8.4111111111	51.2555555556,8.3588888889	51.2158333333,8.215	51.2041666667,8.1738888889	51.1475,8.0522222222	51.2033333333,8.0161111111	51.4130555556,7.8972222222	51.8025,7.2313888889	52.0727777778,6.3530555556	52.1341666667,6.1011111111	52.8,7.0833333333	52.7969444444,7.7991666667	53.1027777778,8.8530555556	53.0,9.3166666667
