20
0	315	1504224000	1504238399	20	48.5830555556,12.5988888889	48.7011111111,12.7588888889	49.1922222222,13.1141666667	49.1022222222,13.2622222222	48.8808333333,13.6888888889	48.83,13.7863888889	48.6533333333,13.5833333333	48.5847222222,13.5052777778	48.4363888889,13.3366666667	48.4130555556,13.3102777778	48.3661111111,13.2597222222	48.2963888889,13.1813888889	48.2916666667,13.1666666667	48.2636111111,13.0958333333	48.2652777778,12.8827777778	48.2663888889,12.6972222222	48.2736111111,12.6666666667	48.4141666667,12.6144444444	48.5819444444,12.5738888889	48.5830555556,12.5988888889
0	315	1504224000	1504238399	8	49.2530555556,13.1586111111	49.2116666667,13.2205555556	49.1286111111,13.3436111111	48.83,13.7863888889	48.8808333333,13.6888888889	49.1022222222,13.2622222222	49.1922222222,13.1141666667	49.2530555556,13.1586111111
0	315	1504224000	1504238399	11	49.6361111111,12.5805555556	49.6047222222,12.6333333333	49.4425,12.8727777778	49.2733333333,13.1280555556	49.2530555556,13.1586111111	49.1922222222,13.1141666667	49.2033333333,13.0961111111	49.5316666667,12.6083333333	49.5655555556,12.5819444444	49.5777777778,12.5725	49.6361111111,12.5805555556
0	315	1504224000	1504238399	11	49.0172222222,10.2575	48.6411111111,10.9044444444	48.585,10.85	48.5055555556,10.7875	48.5683333333,10.6872222222	48.6619444444,10.5438888889	48.6619444444,10.5411111111	48.6458333333,10.1597222222	48.9030555556,10.1686111111	48.9486111111,10.0969444444	49.0172222222,10.2575
0	315	1504224000	1504238399	18	49.2,12.0166666667	49.25,12.0333333333	49.6361111111,12.5805555556	49.5777777778,12.5725	49.5655555556,12.5819444444	49.5316666667,12.6083333333	49.2033333333,13.0961111111	49.1922222222,13.1141666667	48.7011111111,12.7588888889	48.5830555556,12.5988888889	48.5819444444,12.5738888889	48.6230555556,12.4125	48.6666666667,12.24	48.6672222222,12.1447222222	48.6672222222,12.0113888889	48.6675,11.7941666667	49.1666666667,11.9666666667	49.2,12.0166666667
0	315	1504224000	1504238399	5	49.1666666667,11.9666666667	48.6675,11.7941666667	48.6677777778,11.3208333333	49.1194444444,10.6733333333	49.1666666667,11.9666666667
105	315	1504224000	1504238399	14	48.6619444444,10.5438888889	48.5683333333,10.6872222222	48.5055555556,10.7875	48.4969444444,10.8005555556	48.4433333333,10.8819444444	48.3952777778,10.9538888889	48.3638888889,11.0	48.3197222222,11.0	48.3552777778,10.5486111111	48.4966666667,10.2405555556	48.5819444444,10.1152777778	48.6458333333,10.1597222222	48.6619444444,10.5411111111	48.6619444444,10.5438888889
105	315	1504224000	1504238399	4	49.1786111111,10.5877777778	49.1194444444,10.6733333333	49.1111111111,10.4791666667	49.1786111111,10.5877777778
105	315	1504224000	1504238399	10	48.5819444444,10.1152777778	48.4966666667,10.2405555556	48.3552777778,10.5486111111	48.3722222222,10.3236111111	48.3919444444,10.0541666667	48.3966666667,9.9877777778	48.4158333333,10.0011111111	48.52,10.0727777778	48.5691666667,10.1063888889	48.5819444444,10.1152777778
105	315	1504224000	1504238399	9	49.1194444444,10.6733333333	48.6677777778,11.3208333333	48.6694444444,11.1833333333	48.6666666667,10.9666666667	48.6411111111,10.9044444444	49.0172222222,10.2575	49.0358333333,10.3013888889	49.1111111111,10.4791666667	49.1194444444,10.6733333333
135	315	1504224000	1504238399	10	49.6361111111,12.5805555556	49.25,12.0333333333	49.2,12.0166666667	49.1666666667,11.9666666667	49.4344444444,11.8188888889	49.5230555556,12.0330555556	49.5822222222,12.1761111111	49.6613888889,12.37	49.6522222222,12.46	49.6361111111,12.5805555556
135	315	1504224000	1504238399	10	49.4344444444,11.8188888889	49.1666666667,11.9666666667	49.1194444444,10.6733333333	49.1786111111,10.5877777778	49.2272222222,10.6575	49.2333333333,10.6666666667	49.3547222222,10.8397222222	49.4416666667,10.9666666667	49.4308333333,11.6119444444	49.4344444444,11.8188888889
245	305	1504224000	1504238399	11	49.6547222222,10.7655555556	49.4416666667,10.9666666667	49.3547222222,10.8397222222	49.2333333333,10.6666666667	49.2272222222,10.6575	49.1786111111,10.5877777778	49.2833333333,10.4583333333	49.3486111111,10.4	49.3983333333,10.3561111111	49.5111111111,10.5033333333	49.6547222222,10.7655555556
145	315	1504224000	1504238399	8	48.9486111111,10.0969444444	48.9030555556,10.1686111111	48.6458333333,10.1597222222	48.5819444444,10.1152777778	48.64,10.0294444444	48.8105555556,9.7763888889	48.8486111111,9.865	48.9486111111,10.0969444444
145	315	1504224000	1504238399	16	48.8105555556,9.7763888889	48.64,10.0294444444	48.5819444444,10.1152777778	48.5691666667,10.1063888889	48.52,10.0727777778	48.4158333333,10.0011111111	48.3966666667,9.9877777778	48.42,9.6538888889	48.4419444444,9.55	48.4666666667,9.55	48.5125,9.55	48.5277777778,9.55	48.5944444444,9.6033333333	48.6213888889,9.6244444444	48.6986111111,9.6863888889	48.8105555556,9.7763888889
195	315	1504224000	1504238399	26	48.6694444444,11.1833333333	48.6677777778,11.3208333333	48.6675,11.7941666667	48.6672222222,12.0113888889	48.6672222222,12.1447222222	48.4488888889,11.9622222222	48.4366666667,11.9516666667	48.3655555556,11.9380555556	48.16,11.8972222222	48.0919444444,11.8016666667	48.07,11.4536111111	48.0583333333,11.2461111111	48.125,11.2375	48.1836111111,11.2416666667	48.2216666667,11.0	48.2908333333,11.0	48.3197222222,11.0	48.3638888889,11.0	48.3952777778,10.9538888889	48.4433333333,10.8819444444	48.4969444444,10.8005555556	48.5055555556,10.7875	48.585,10.85	48.6411111111,10.9044444444	48.6666666667,10.9666666667	48.6694444444,11.1833333333
195	315	1504224000	1504238399	10	48.6672222222,12.1447222222	48.6666666667,12.24	48.6230555556,12.4125	48.5819444444,12.5738888889	48.4141666667,12.6144444444	48.3816666667,12.1930555556	48.4194444444,12.025	48.4366666667,11.9516666667	48.4488888889,11.9622222222	48.6672222222,12.1447222222
195	315	1504224000	1504238399	4	48.4141666667,12.6144444444	48.2736111111,12.6666666667	48.3816666667,12.1930555556	48.4141666667,12.6144444444
135	265	1504224000	1504238399	14	49.7033333333,12.4725	49.7022222222,12.4738888889	49.6633333333,12.5397222222	49.6361111111,12.5805555556	49.6522222222,12.46	49.6613888889,12.37	49.5822222222,12.1761111111	49.5230555556,12.0330555556	49.4344444444,11.8188888889	49.6166666667,11.9166666667	49.65,11.95	49.6708333333,11.9602777778	49.6833333333,11.9666666667	49.7033333333,12.4725
135	265	1504224000	1504238399	9	49.6833333333,11.9666666667	49.6708333333,11.9602777778	49.65,11.95	49.6166666667,11.9166666667	49.4344444444,11.8188888889	49.4308333333,11.6119444444	49.4416666667,10.9666666667	49.7047222222,11.3727777778	49.6833333333,11.9666666667
