9
335	355	1504296000	1504299599	6	51.2833333333,8.6666666667	51.0855555556,8.9097222222	51.0833333333,8.6141666667	51.1963888889,8.4913888889	51.225,8.55	51.2833333333,8.6666666667
335	355	1504296000	1504299599	36	52.1341666667,6.1011111111	52.0727777778,6.3530555556	51.8025,7.2313888889	51.4130555556,7.8972222222	51.2033333333,8.0161111111	51.1475,8.0522222222	51.1,7.95	50.9325,7.6822222222	50.7252777778,7.8138888889	50.7069444444,7.7277777778	50.6975,7.6516666667	50.6833333333,7.6	50.6722222222,7.5305555556	50.6488888889,7.3766666667	50.6233333333,7.2252777778	50.6213888889,7.2144444444	50.6102777778,7.1513888889	50.6063888889,7.1288888889	50.7566666667,7.0327777778	51.05,6.0333333333	51.0619444444,5.9866666667	51.1205555556,6.0833333333	51.1977777778,6.1261111111	51.2461111111,6.08	51.275,6.1216666667	51.2769444444,6.1244444444	51.2788888889,6.1269444444	51.2816666667,6.1291666667	51.3166666667,6.1666666667	51.3344444444,6.1661111111	51.7166666667,6.15	51.8302777778,6.15	51.9,6.15	52.025,6.0166666667	52.0963888889,6.0766666667	52.1341666667,6.1011111111
335	355	1504296000	1504299599	24	53.0,9.3166666667	52.36,8.665	52.2916666667,8.6333333333	51.9166666667,8.5666666667	51.8333333333,8.5333333333	51.4666666667,8.5	51.3333333333,8.7666666667	51.2833333333,8.6666666667	51.225,8.55	51.1963888889,8.4913888889	51.27,8.4111111111	51.2555555556,8.3588888889	51.2158333333,8.215	51.2041666667,8.1738888889	51.1475,8.0522222222	51.2033333333,8.0161111111	51.4130555556,7.8972222222	51.8025,7.2313888889	52.0727777778,6.3530555556	52.1341666667,6.1011111111	52.8,7.0833333333	52.7969444444,7.7991666667	53.1027777778,8.8530555556	53.0,9.3166666667
245	335	1504296000	1504299599	6	51.2833333333,8.6666666667	51.0855555556,8.9097222222	51.0833333333,8.6141666667	51.1963888889,8.4913888889	51.225,8.55	51.2833333333,8.6666666667
245	335	1504296000	1504299599	36	52.1341666667,6.1011111111	52.0727777778,6.3530555556	51.8025,7.2313888889	51.4130555556,7.8972222222	51.2033333333,8.0161111111	51.1475,8.0522222222	51.1,7.95	50.9325,7.6822222222	50.7252777778,7.8138888889	50.7069444444,7.7277777778	50.6975,7.6516666667	50.6833333333,7.6	50.6722222222,7.5305555556	50.6488888889,7.3766666667	50.6233333333,7.2252777778	50.6213888889,7.2144444444	50.6102777778,7.1513888889	50.6063888889,7.1288888889	50.7566666667,7.0327777778	51.05,6.0333333333	51.0619444444,5.9866666667	51.1205555556,6.0833333333	51.1977777778,6.1261111111	51.2461111111,6.08	51.275,6.1216666667	51.2769444444,6.1244444444	51.2788888889,6.1269444444	51.2816666667,6.1291666667	51.3166666667,6.1666666667	51.3344444444,6.1661111111	51.7166666667,6.15	51.8302777778,6.15	51.9,6.15	52.025,6.0166666667	52.0963888889,6.0766666667	52.1341666667,6.1011111111
245	335	1504296000	1504299599	24	53.0,9.3166666667	52.36,8.665	52.2916666667,8.6333333333	51.9166666667,8.5666666667	51.8333333333,8.5333333333	51.4666666667,8.5	51.3333333333,8.7666666667	51.2833333333,8.6666666667	51.225,8.55	51.1963888889,8.4913888889	51.27,8.4111111111	51.2555555556,8.3588888889	51.2158333333,8.215	51.2041666667,8.1738888889	51.1475,8.0522222222	51.2033333333,8.0161111111	51.4130555556,7.8972222222	51.8025,7.2313888889	52.0727777778,6.3530555556	52.1341666667,6.1011111111	52.8,7.0833333333	52.7969444444,7.7991666667	53.1027777778,8.8530555556	53.0,9.3166666667
355	999	1504296000	1504299599	6	51.2833333333,8.6666666667	51.0855555556,8.9097222222	51.0833333333,8.6141666667	51.1963888889,8.4913888889	51.225,8.55	51.2833333333,8.6666666667
355	999	1504296000	1504299599	24	53.0,9.3166666667	52.36,8.665	52.2916666667,8.6333333333	51.9166666667,8.5666666667	51.8333333333,8.5333333333	51.4666666667,8.5	51.3333333333,8.7666666667	51.2833333333,8.6666666667	51.225,8.55	51.1963888889,8.4913888889	51.27,8.4111111111	51.2555555556,8.3588888889	51.2158333333,8.215	51.2041666667,8.1738888889	51.1475,8.0522222222	51.2033333333,8.0161111111	51.4130555556,7.8972222222	51.8025,7.2313888889	52.0727777778,6.3530555556	52.1341666667,6.1011111111	52.8,7.0833333333	52.7969444444,7.7991666667	53.1027777778,8.8530555556	53.0,9.3166666667
355	999	1504296000	1504299599	36	52.1341666667,6.1011111111	52.0727777778,6.3530555556	51.8025,7.2313888889	51.4130555556,7.8972222222	51.2033333333,8.0161111111	51.1475,8.0522222222	51.1,7.95	50.9325,7.6822222222	50.7252777778,7.8138888889	50.7069444444,7.7277777778	50.6975,7.6516666667	50.6833333333,7.6	50.6722222222,7.5305555556	50.6488888889,7.3766666667	50.6233333333,7.2252777778	50.6213888889,7.2144444444	50.6102777778,7.1513888889	50.6063888889,7.1288888889	50.7566666667,7.0327777778	51.05,6.0333333333	51.0619444444,5.9866666667	51.1205555556,6.0833333333	51.1977777778,6.1261111111	51.2461111111,6.08	51.275,6.1216666667	51.2769444444,6.1244444444	51.2788888889,6.1269444444	51.2816666667,6.1291666667	51.3166666667,6.1666666667	51.3344444444,6.1661111111	51.7166666667,6.15	51.8302777778,6.15	51.9,6.15	52.025,6.0166666667	52.0963888889,6.0766666667	52.1341666667,6.1011111111
