9
115	999	1504256400	1504281599	6	59.3677777778,23.8291666667	59.3930555556,24.2952777778	59.3694444444,24.3394444444	59.3313888889,23.8666666667	59.3308333333,23.8616666667	59.3677777778,23.8291666667
115	999	1504256400	1504281599	24	59.4747222222,22.9825	59.5147222222,23.1558333333	59.6611111111,23.8138888889	59.6747222222,23.8766666667	59.7,23.9919444444	59.7388888889,24.1705555556	59.7994444444,24.4525	59.8438888889,24.6622222222	59.8833333333,24.85	59.8908333333,24.9969444444	59.8930555556,25.0333333333	59.65,24.8166666667	59.6169444444,24.8469444444	59.5833333333,24.8833333333	59.5277777778,24.9347222222	59.4475,25.3569444444	59.3961111111,24.68	59.3694444444,24.3394444444	59.3930555556,24.2952777778	59.3677777778,23.8291666667	59.3308333333,23.8616666667	59.2930555556,23.3805555556	59.2725,23.1155555556	59.4747222222,22.9825
115	999	1504256400	1504281599	8	59.8955555556,25.6166666667	59.8933333333,25.6583333333	59.8833333333,25.8666666667	59.5016666667,26.0222222222	59.4475,25.3569444444	59.73,25.6361111111	59.7858333333,25.6297222222	59.8955555556,25.6166666667
245	999	1504256400	1504281599	15	59.9044444444,25.42	59.8969444444,25.585	59.8955555556,25.6166666667	59.7858333333,25.6297222222	59.73,25.6361111111	59.4475,25.3569444444	59.5277777778,24.9347222222	59.5833333333,24.8833333333	59.6169444444,24.8469444444	59.65,24.8166666667	59.8930555556,25.0333333333	59.8936111111,25.0441666667	59.9041666667,25.2516666667	59.9083333333,25.3311111111	59.9044444444,25.42
0	999	1504256400	1504281599	23	58.8805555556,23.3686111111	58.8433333333,23.3925	58.7802777778,24.0163888889	58.765,24.17	58.5269444444,23.7436111111	57.9408333333,22.7075	57.9275,22.5836111111	57.9061111111,22.5197222222	57.825,22.2788888889	57.7741666667,22.1044444444	57.7494444444,21.9161111111	57.7630555556,21.8427777778	57.7866666667,21.7166666667	57.8430555556,21.6602777778	57.8566666667,21.6466666667	57.895,21.6133333333	57.8961111111,21.6127777778	58.0211111111,21.5425	58.1166666667,21.4833333333	58.6830555556,21.7977777778	58.6897222222,22.5594444444	58.7113888889,22.9011111111	58.8805555556,23.3686111111
0	999	1504256400	1504281599	10	59.2783333333,22.14	58.6830555556,21.7977777778	58.1166666667,21.4833333333	58.4133333333,20.6427777778	58.6277777778,20.7716666667	58.905,20.9413888889	59.0,21.0	59.1861111111,21.7555555556	59.2319444444,21.9466666667	59.2783333333,22.14
0	999	1504256400	1504281599	13	59.4747222222,22.9825	59.2725,23.1155555556	58.8805555556,23.3686111111	58.7113888889,22.9011111111	58.6897222222,22.5594444444	58.6830555556,21.7977777778	59.2783333333,22.14	59.2875,22.1786111111	59.4205555556,22.7469444444	59.4344444444,22.8069444444	59.4625,22.9297222222	59.4647222222,22.9394444444	59.4747222222,22.9825
155	999	1504256400	1504281599	22	59.5016666667,26.0222222222	59.4377777778,26.0472222222	59.2272222222,26.0411111111	58.85,24.3227777778	58.765,24.17	58.7802777778,24.0163888889	58.8433333333,23.3925	58.8805555556,23.3686111111	59.2725,23.1155555556	59.2930555556,23.3805555556	59.3308333333,23.8616666667	59.3072222222,23.8827777778	59.2786111111,23.9077777778	59.1844444444,24.0008333333	59.1086111111,24.1272222222	59.1880555556,24.3211111111	59.2380555556,24.4702777778	59.3283333333,24.415	59.3694444444,24.3394444444	59.3961111111,24.68	59.4475,25.3569444444	59.5016666667,26.0222222222
155	999	1504256400	1504281599	11	59.3308333333,23.8616666667	59.3313888889,23.8666666667	59.3694444444,24.3394444444	59.3283333333,24.415	59.2380555556,24.4702777778	59.1880555556,24.3211111111	59.1086111111,24.1272222222	59.1844444444,24.0008333333	59.2786111111,23.9077777778	59.3072222222,23.8827777778	59.3308333333,23.8616666667
