39
95	999	1504268400	1504270799	10	62.3247222222,28.7155555556	62.2611111111,28.9088888889	61.9636111111,29.7897222222	61.8894444444,29.7744444444	61.8122222222,29.7583333333	61.6380555556,28.9372222222	61.8358333333,28.3563888889	61.9622222222,28.3475	62.2133333333,28.33	62.3247222222,28.7155555556
95	999	1504268400	1504270799	26	65.4058333333,25.1836111111	65.2138888889,25.7183333333	65.1338888889,25.9366666667	64.9963888889,26.3083333333	64.7791666667,26.3125	64.7508333333,26.2713888889	64.7480555556,26.2672222222	64.6652777778,26.1477777778	64.5744444444,26.0172222222	64.5722222222,26.0144444444	64.5044444444,25.9177777778	64.4961111111,25.8775	64.4533333333,25.6766666667	64.4516666667,25.6355555556	64.4344444444,25.1902777778	64.4316666667,25.125	64.4275,25.0233333333	64.4888888889,24.9002777778	64.5019444444,24.8738888889	64.5180555556,24.8413888889	64.5361111111,24.805	64.6669444444,24.5230555556	64.9077777778,24.2202777778	65.1119444444,24.1922222222	65.3047222222,24.4147222222	65.4058333333,25.1836111111
95	999	1504268400	1504270799	19	64.5686111111,28.3047222222	64.4766666667,28.5383333333	64.4408333333,28.6288888889	64.2775,28.6922222222	64.1111111111,28.4863888889	64.0497222222,28.2222222222	63.9305555556,27.7180555556	63.9591666667,27.4608333333	63.9991666667,27.0930555556	64.0638888889,26.9238888889	64.1236111111,26.7666666667	64.1461111111,26.7563888889	64.1825,26.7397222222	64.2869444444,26.6919444444	64.3863888889,26.8069444444	64.4563888889,26.8883333333	64.4619444444,26.9527777778	64.5411111111,27.9391666667	64.5686111111,28.3047222222
95	999	1504268400	1504270799	15	62.985,29.1577777778	62.9102777778,29.6097222222	62.8405555556,30.0216666667	62.7694444444,30.4325	62.6355555556,30.52	62.5877777778,30.5511111111	62.5330555556,30.5052777778	62.4319444444,30.4211111111	62.3333333333,30.0719444444	62.4044444444,29.0866666667	62.5491666667,28.6361111111	62.7283333333,28.6861111111	62.8208333333,28.7577777778	62.8841666667,28.8069444444	62.985,29.1577777778
95	999	1504268400	1504270799	6	61.8122222222,29.7583333333	61.77,29.7497222222	61.635,29.5411111111	61.5588888889,29.1655555556	61.6380555556,28.9372222222	61.8122222222,29.7583333333
95	999	1504268400	1504270799	20	63.5633333333,21.5897222222	63.485,21.8791666667	63.4241666667,22.1236111111	63.1161111111,22.3313888889	63.0308333333,22.3880555556	62.7602777778,22.265	62.6508333333,22.2158333333	62.6463888889,22.1833333333	62.6175,21.9727777778	62.6027777778,21.8652777778	62.6163888889,21.7788888889	62.6486111111,21.5747222222	62.6513888889,21.5577777778	62.6761111111,21.3980555556	62.705,21.3533333333	62.9411111111,20.9830555556	63.2547222222,21.0019444444	63.27,21.0027777778	63.4511111111,21.2997222222	63.5633333333,21.5897222222
95	999	1504268400	1504270799	17	61.7233333333,23.7522222222	61.7186111111,24.1319444444	61.6858333333,24.2619444444	61.6361111111,24.4572222222	61.6,24.5977777778	61.2452777778,24.59	61.1991666667,24.3813888889	61.1677777778,24.2366666667	61.1252777778,24.0455555556	61.0966666667,23.9172222222	61.0925,23.8513888889	61.0616666667,23.3691666667	61.1111111111,23.1413888889	61.3572222222,22.8911111111	61.5291666667,22.9019444444	61.6938888889,23.6208333333	61.7233333333,23.7522222222
95	999	1504268400	1504270799	11	61.3725,28.4247222222	61.3097222222,28.6880555556	61.0583333333,28.6647222222	60.9833333333,28.5011111111	60.9083333333,28.2819444444	60.7244444444,27.7536111111	60.8244444444,27.72	61.0833333333,27.4261111111	61.1494444444,27.35	61.1786111111,27.4877777778	61.3725,28.4247222222
95	999	1504268400	1504270799	17	62.8094444444,25.6641666667	62.6638888889,25.9952777778	62.5938888889,26.1527777778	62.5238888889,26.3094444444	62.4102777778,26.5608333333	62.1205555556,26.5763888889	61.8644444444,25.7822222222	62.0977777778,25.2702777778	62.1672222222,25.1158333333	62.1433333333,24.8169444444	62.4091666667,24.8241666667	62.4341666667,24.8247222222	62.5733333333,24.83	62.5766666667,24.83	62.7141666667,24.8352777778	62.8008333333,25.1780555556	62.8094444444,25.6641666667
95	999	1504268400	1504270799	17	68.7705555556,23.9308333333	68.6761111111,24.2980555556	68.5672222222,24.3647222222	68.4819444444,24.4166666667	68.1741666667,24.5	68.115,24.3961111111	68.1105555556,24.3497222222	68.065,24.2683333333	68.0358333333,23.5402777778	68.2,23.2263888889	68.3358333333,23.0236111111	68.4161111111,22.7572222222	68.6291666667,23.1608333333	68.6636111111,23.3183333333	68.6975,23.4461111111	68.7133333333,23.6644444444	68.7705555556,23.9308333333
95	999	1504268400	1504270799	11	63.0727777778,22.7325	62.9538888889,22.9861111111	62.9147222222,23.0688888889	62.6280555556,23.6658333333	62.4647222222,23.5511111111	62.3494444444,23.2877777778	62.3205555556,23.05	62.5472222222,22.6494444444	62.7602777778,22.265	63.0308333333,22.3880555556	63.0727777778,22.7325
95	999	1504268400	1504270799	16	66.9641666667,25.7116666667	66.955,26.325	66.8547222222,26.6547222222	66.6616666667,26.8022222222	66.4877777778,26.6402777778	66.2308333333,26.2336111111	66.1183333333,26.0586111111	66.0961111111,25.7788888889	66.0555555556,25.2833333333	66.1772222222,24.9155555556	66.1888888889,24.7008333333	66.3516666667,24.6936111111	66.4588888889,24.6888888889	66.5863888889,24.7783333333	66.7730555556,25.1463888889	66.9641666667,25.7116666667
95	999	1504268400	1504270799	8	69.6344444444,28.6516666667	69.3861111111,29.1502777778	69.3561111111,29.0941666667	69.3419444444,29.0736111111	69.3555555556,28.7527777778	69.4038888889,28.5383333333	69.4902777778,28.4772222222	69.6344444444,28.6516666667
95	999	1504268400	1504270799	20	66.1569444444,24.2805555556	66.1988888889,24.5144444444	66.1888888889,24.7008333333	66.1772222222,24.9155555556	66.0555555556,25.2833333333	65.7361111111,25.2438888889	65.5955555556,25.2266666667	65.4058333333,25.1836111111	65.3047222222,24.4147222222	65.3416666667,24.1497222222	65.3697222222,23.9444444444	65.3744444444,23.9097222222	65.3755555556,23.9113888889	65.4555555556,24.0286111111	65.4605555556,24.0361111111	65.53,24.14	65.5927777778,24.1538888889	65.7661111111,24.1388888889	65.8497222222,24.1627777778	66.1569444444,24.2805555556
95	999	1504268400	1504270799	13	66.3663888889,29.0536111111	66.2633333333,29.3402777778	66.0402777778,29.9061111111	65.7386111111,30.0455555556	65.6055555556,29.4144444444	65.735,28.7391666667	65.7516666667,28.6502777778	65.8677777778,28.4986111111	66.0219444444,28.2944444444	66.0511111111,28.2922222222	66.2227777778,28.2783333333	66.3458333333,28.5480555556	66.3663888889,29.0536111111
95	999	1504268400	1504270799	10	61.9147222222,26.8469444444	61.8105555556,27.3933333333	61.7638888889,27.6327777778	61.7002777778,27.9552777778	61.5983333333,28.0891666667	61.445,27.9505555556	61.3372222222,27.5911111111	61.555,26.495	61.7061111111,26.4944444444	61.9147222222,26.8469444444
95	999	1504268400	1504270799	14	62.1672222222,25.1158333333	62.0977777778,25.2702777778	61.8644444444,25.7822222222	61.6252777778,25.505	61.6063888889,24.8030555556	61.6,24.5977777778	61.6361111111,24.4572222222	61.6858333333,24.2619444444	61.7186111111,24.1319444444	61.9486111111,24.0494444444	62.0819444444,24.0891666667	62.1222222222,24.5613888889	62.1433333333,24.8169444444	62.1672222222,25.1158333333
95	999	1504268400	1504270799	17	68.9783333333,28.1086111111	68.8297222222,28.4822222222	68.6591666667,28.4283333333	68.6302777778,28.3438888889	68.6113888889,28.2855555556	68.5352777778,28.0591666667	68.2363888889,27.1944444444	68.2336111111,26.9044444444	68.2308333333,26.6544444444	68.2719444444,26.5486111111	68.3522222222,26.3394444444	68.4491666667,26.3588888889	68.5519444444,26.3797222222	68.5672222222,26.3808333333	68.975,27.6308333333	68.9780555556,28.0711111111	68.9783333333,28.1086111111
95	999	1504268400	1504270799	10	69.6425,29.1811111111	69.5744444444,29.2377777778	69.5494444444,29.2638888889	69.4833333333,29.3333333333	69.3861111111,29.1502777778	69.6344444444,28.6516666667	69.6544444444,28.6758333333	69.6533333333,28.7216666667	69.6469444444,29.0063888889	69.6425,29.1811111111
95	999	1504268400	1504270799	18	64.0002777778,23.4630555556	63.9952777778,23.5386111111	63.9752777778,23.8336111111	63.9733333333,23.8616666667	63.8808333333,23.8216666667	63.465,23.6452777778	63.3488888889,23.5969444444	63.2777777778,23.1925	63.2694444444,23.1458333333	63.3,22.7777777778	63.3319444444,22.7002777778	63.4163888889,22.4941666667	63.4469444444,22.4191666667	63.5208333333,22.4497222222	63.9313888889,22.6230555556	63.9502777778,22.8463888889	63.9813888889,23.2261111111	64.0002777778,23.4630555556
95	999	1504268400	1504270799	13	61.5291666667,22.9019444444	61.3572222222,22.8911111111	61.1111111111,23.1413888889	61.0616666667,23.3691666667	61.0586111111,23.3013888889	61.0475,23.0716666667	61.0544444444,23.0466666667	61.0961111111,22.8941666667	61.1694444444,22.6252777778	61.4886111111,22.6730555556	61.4919444444,22.6994444444	61.5033333333,22.7908333333	61.5291666667,22.9019444444
95	999	1504268400	1504270799	10	61.0833333333,27.4261111111	60.8244444444,27.72	60.7244444444,27.7536111111	60.5872222222,26.4305555556	60.7244444444,26.1258333333	60.8869444444,26.0508333333	60.9338888889,26.0902777778	60.9811111111,26.4975	61.0630555556,27.2361111111	61.0833333333,27.4261111111
95	999	1504268400	1504270799	19	68.1505555556,24.7738888889	68.1027777778,25.0138888889	68.0566666667,25.2436111111	67.8733333333,25.3652777778	67.75,25.4461111111	67.4544444444,25.6361111111	67.2905555556,25.3344444444	67.2508333333,24.9097222222	67.3030555556,24.6494444444	67.3430555556,24.4475	67.3802777778,24.3783333333	67.5919444444,23.9805555556	67.945,24.0558333333	68.065,24.2683333333	68.1105555556,24.3497222222	68.115,24.3961111111	68.1233333333,24.4841666667	68.1491666667,24.7605555556	68.1505555556,24.7738888889
95	999	1504268400	1504270799	13	62.4411111111,27.8138888889	62.4113888889,27.8819444444	62.2133333333,28.33	61.9622222222,28.3475	61.8358333333,28.3563888889	61.8008333333,28.2616666667	61.7758333333,27.8536111111	61.81,27.7994444444	61.9797222222,27.5288888889	62.2036111111,27.1658333333	62.3063888889,27.2175	62.4308333333,27.4944444444	62.4411111111,27.8138888889
95	999	1504268400	1504270799	26	63.4172222222,27.6111111111	63.4113888889,27.6994444444	63.3972222222,27.9161111111	63.3833333333,28.1222222222	63.3091666667,28.1919444444	63.1472222222,28.3433333333	62.9775,28.4997222222	62.985,29.1577777778	62.8841666667,28.8069444444	62.8208333333,28.7577777778	62.7283333333,28.6861111111	62.5491666667,28.6361111111	62.5652777778,28.0105555556	62.5683333333,27.8722222222	62.5616666667,27.6169444444	62.5527777778,27.3086111111	62.6169444444,27.2811111111	62.6694444444,27.2583333333	62.865,27.1733333333	62.9844444444,27.1208333333	63.1038888889,27.0677777778	63.1958333333,27.0266666667	63.2861111111,27.1691666667	63.3527777778,27.2747222222	63.3752777778,27.3911111111	63.4172222222,27.6111111111
0	999	1504268400	1504270799	44	63.6055555556,21.4330555556	63.5633333333,21.5897222222	63.4511111111,21.2997222222	63.27,21.0027777778	63.2547222222,21.0019444444	62.9411111111,20.9830555556	62.705,21.3533333333	62.6761111111,21.3980555556	62.6513888889,21.5577777778	62.6486111111,21.5747222222	62.6163888889,21.7788888889	62.6027777778,21.8652777778	62.6175,21.9727777778	62.6463888889,22.1833333333	62.6508333333,22.2158333333	62.7602777778,22.265	62.5472222222,22.6494444444	62.3205555556,23.05	62.3494444444,23.2877777778	62.4647222222,23.5511111111	62.2955555556,23.7911111111	62.0819444444,24.0891666667	61.9486111111,24.0494444444	61.7186111111,24.1319444444	61.7233333333,23.7522222222	61.6938888889,23.6208333333	61.5291666667,22.9019444444	61.5033333333,22.7908333333	61.4919444444,22.6994444444	61.4886111111,22.6730555556	61.4825,22.6244444444	61.525,22.5041666667	61.56,22.4044444444	61.6363888889,22.1855555556	61.7916666667,21.7341666667	61.8447222222,21.5777777778	61.7763888889,21.1733333333	62.1516666667,19.8702777778	63.5125,20.8838888889	63.5386111111,21.0366666667	63.5616666667,21.1688888889	63.5641666667,21.1877777778	63.585,21.3097222222	63.6055555556,21.4330555556
0	999	1504268400	1504270799	16	69.0666666667,21.9347222222	68.7336111111,22.3666666667	68.6902777778,22.9516666667	68.6636111111,23.3183333333	68.6291666667,23.1608333333	68.4161111111,22.7572222222	68.3358333333,23.0236111111	68.2,23.2263888889	68.0358333333,23.5402777778	68.0233333333,23.4933333333	68.1302777778,23.3388888889	68.1413888889,23.3216666667	68.2561111111,23.1058333333	68.4422222222,22.4969444444	68.77,21.3877777778	69.0666666667,21.9347222222
0	999	1504268400	1504270799	16	66.0219444444,28.2944444444	65.8677777778,28.4986111111	65.7516666667,28.6502777778	65.735,28.7391666667	65.6055555556,29.4144444444	65.7386111111,30.0455555556	66.0402777778,29.9061111111	66.0219444444,29.9544444444	65.6666666667,30.1666666667	65.5836111111,29.8155555556	65.0563888889,29.6258333333	64.9580555556,29.2933333333	64.5411111111,27.9391666667	64.4619444444,26.9527777778	64.4563888889,26.8883333333	66.0219444444,28.2944444444
0	999	1504268400	1504270799	29	63.2411111111,31.1744444444	63.1466666667,31.265	63.0,31.5	62.95,31.55	62.4216666667,31.1083333333	61.9194444444,30.2786111111	61.8122222222,29.7583333333	61.8894444444,29.7744444444	61.9636111111,29.7897222222	62.2611111111,28.9088888889	62.3247222222,28.7155555556	62.2133333333,28.33	62.4113888889,27.8819444444	62.4411111111,27.8138888889	62.4308333333,27.4944444444	62.5616666667,27.6169444444	62.5683333333,27.8722222222	62.5652777778,28.0105555556	62.5491666667,28.6361111111	62.4044444444,29.0866666667	62.3333333333,30.0719444444	62.4319444444,30.4211111111	62.5330555556,30.5052777778	62.5877777778,30.5511111111	62.6355555556,30.52	62.7694444444,30.4325	62.8405555556,30.0216666667	63.1172222222,30.8122222222	63.2411111111,31.1744444444
0	999	1504268400	1504270799	90	66.9666666667,29.0833333333	66.7,29.6166666667	66.3972222222,29.7586111111	66.1666666667,29.8669444444	66.0219444444,29.9544444444	66.0402777778,29.9061111111	66.2633333333,29.3402777778	66.3663888889,29.0536111111	66.3458333333,28.5480555556	66.2227777778,28.2783333333	66.0511111111,28.2922222222	66.0219444444,28.2944444444	64.4563888889,26.8883333333	64.3863888889,26.8069444444	64.2869444444,26.6919444444	64.1825,26.7397222222	64.1461111111,26.7563888889	64.0358333333,26.4327777778	63.9955555556,26.2227777778	63.8875,25.6722222222	63.7252777778,24.8711111111	63.795,24.8738888889	64.0341666667,24.0605555556	64.0566666667,23.9819444444	63.9733333333,23.8616666667	63.9752777778,23.8336111111	63.9952777778,23.5386111111	64.0002777778,23.4630555556	63.9813888889,23.2261111111	63.9502777778,22.8463888889	63.9313888889,22.6230555556	63.9236111111,22.5325	63.8833333333,21.8422222222	63.9577777778,21.95	63.9747222222,21.9733333333	64.0258333333,22.0286111111	64.0666666667,22.0819444444	64.0888888889,22.1113888889	64.1180555556,22.1497222222	64.4463888889,22.5908333333	64.5308333333,22.7061111111	64.5538888889,22.7377777778	64.5980555556,22.7988888889	64.6152777778,22.8222222222	64.6813888889,22.9222222222	64.7,22.9666666667	65.0038888889,23.3758333333	65.1405555556,23.5708333333	65.2516666667,23.7275	65.2886111111,23.7819444444	65.3744444444,23.9097222222	65.3697222222,23.9444444444	65.3416666667,24.1497222222	65.3047222222,24.4147222222	65.1119444444,24.1922222222	64.9077777778,24.2202777778	64.6669444444,24.5230555556	64.5361111111,24.805	64.5180555556,24.8413888889	64.5019444444,24.8738888889	64.4888888889,24.9002777778	64.4275,25.0233333333	64.4316666667,25.125	64.4344444444,25.1902777778	64.4516666667,25.6355555556	64.4533333333,25.6766666667	64.4961111111,25.8775	64.5044444444,25.9177777778	64.5722222222,26.0144444444	64.5744444444,26.0172222222	64.6652777778,26.1477777778	64.7480555556,26.2672222222	64.7508333333,26.2713888889	64.7791666667,26.3125	64.9963888889,26.3083333333	65.1338888889,25.9366666667	65.2138888889,25.7183333333	65.4058333333,25.1836111111	65.5955555556,25.2266666667	65.7361111111,25.2438888889	66.0555555556,25.2833333333	66.0961111111,25.7788888889	66.1183333333,26.0586111111	66.2308333333,26.2336111111	66.4877777778,26.6402777778	66.6616666667,26.8022222222	66.7994444444,27.8288888889	66.8305555556,28.0725	66.9027777778,28.6419444444	66.9666666667,29.0833333333
0	999	1504268400	1504270799	21	66.1888888889,24.7008333333	66.1988888889,24.5144444444	66.1569444444,24.2805555556	65.8497222222,24.1627777778	65.7661111111,24.1388888889	65.9405555556,24.0766666667	66.09,23.94	66.1747222222,23.8194444444	66.2,23.8	66.2661111111,23.7183333333	66.2738888889,23.7083333333	66.3177777778,23.6547222222	66.3830555556,23.6916666667	66.4719444444,23.7422222222	66.5205555556,23.77	66.5766666667,23.8891666667	66.5769444444,23.9033333333	66.5863888889,24.7783333333	66.4588888889,24.6888888889	66.3516666667,24.6936111111	66.1888888889,24.7008333333
0	999	1504268400	1504270799	21	61.3372222222,27.5911111111	61.1494444444,27.35	61.0833333333,27.4261111111	61.0630555556,27.2361111111	60.9811111111,26.4975	60.9338888889,26.0902777778	60.8869444444,26.0508333333	60.7244444444,26.1258333333	60.5872222222,26.4305555556	60.7244444444,27.7536111111	60.75,28.1666666667	60.3652777778,27.6752777778	60.345,27.6494444444	60.3316666667,27.6280555556	60.3333333333,27.4430555556	60.3377777778,26.5152777778	60.4522222222,26.1330555556	60.6922222222,25.8416666667	60.7733333333,25.6344444444	61.555,26.495	61.3372222222,27.5911111111
0	999	1504268400	1504270799	24	61.9194444444,30.2786111111	61.8,30.0833333333	61.7216666667,29.9475	61.5511111111,29.6525	61.4333333333,29.45	61.2533333333,29.1136111111	61.0758333333,28.7569444444	60.8583333333,28.3383333333	60.75,28.1666666667	60.7244444444,27.7536111111	60.9083333333,28.2819444444	60.9833333333,28.5011111111	61.0583333333,28.6647222222	61.3097222222,28.6880555556	61.3725,28.4247222222	61.1786111111,27.4877777778	61.1494444444,27.35	61.3372222222,27.5911111111	61.6380555556,28.9372222222	61.5588888889,29.1655555556	61.635,29.5411111111	61.77,29.7497222222	61.8122222222,29.7583333333	61.9194444444,30.2786111111
0	999	1504268400	1504270799	52	68.6302777778,28.3438888889	68.5033333333,28.4583333333	68.1,29.3333333333	67.7,30.0	67.2038888889,29.4011111111	66.9666666667,29.0833333333	66.9027777778,28.6419444444	66.8305555556,28.0725	66.7994444444,27.8288888889	66.6616666667,26.8022222222	66.8547222222,26.6547222222	66.955,26.325	66.9641666667,25.7116666667	66.7730555556,25.1463888889	66.5863888889,24.7783333333	66.5769444444,23.9033333333	66.5766666667,23.8891666667	66.5205555556,23.77	66.5766666667,23.8011111111	66.7352777778,23.8922222222	66.8033333333,23.9863888889	66.8377777778,23.9466666667	66.9333333333,23.8355555556	67.0347222222,23.7169444444	67.2147222222,23.6138888889	67.3322222222,23.7666666667	67.4233333333,23.785	67.6905555556,23.4952777778	67.8966666667,23.5788888889	67.9675,23.6294444444	68.0233333333,23.4933333333	68.0358333333,23.5402777778	68.065,24.2683333333	67.945,24.0558333333	67.5919444444,23.9805555556	67.3802777778,24.3783333333	67.3430555556,24.4475	67.3030555556,24.6494444444	67.2508333333,24.9097222222	67.2905555556,25.3344444444	67.4544444444,25.6361111111	67.75,25.4461111111	67.8733333333,25.3652777778	68.0566666667,25.2436111111	68.3522222222,26.3394444444	68.2719444444,26.5486111111	68.2308333333,26.6544444444	68.2336111111,26.9044444444	68.2363888889,27.1944444444	68.5352777778,28.0591666667	68.6113888889,28.2855555556	68.6302777778,28.3438888889
0	999	1504268400	1504270799	12	61.6,24.5977777778	61.6063888889,24.8030555556	61.6252777778,25.505	61.555,26.495	60.7733333333,25.6344444444	60.8286111111,25.4913888889	60.8308333333,25.4858333333	60.8202777778,24.7822222222	60.7897222222,24.665	60.9244444444,24.6430555556	61.2452777778,24.59	61.6,24.5977777778
0	999	1504268400	1504270799	60	68.8333333333,23.85	68.7933333333,24.0	68.6338888889,24.6	68.5583333333,24.8833333333	68.8213888889,25.3088888889	68.9138888889,25.4605555556	69.0,25.6	69.3308333333,25.7527777778	69.5961111111,25.8819444444	69.6666666667,25.9166666667	69.6938888889,25.9833333333	69.6858333333,26.7869444444	69.6658333333,28.1255555556	69.6613888889,28.3516666667	69.6608333333,28.3775	69.6597222222,28.4236111111	69.6544444444,28.6758333333	69.6344444444,28.6516666667	69.4902777778,28.4772222222	69.4038888889,28.5383333333	69.3555555556,28.7527777778	69.3419444444,29.0736111111	69.2647222222,28.9230555556	69.2166666667,28.8333333333	69.1791666667,28.8333333333	69.1719444444,28.8333333333	69.1283333333,28.8333333333	69.1,28.8333333333	69.0741666667,28.9	69.0166666667,29.05	68.9408333333,28.5708333333	68.9166666667,28.4166666667	68.875,28.8033333333	68.5033333333,28.4583333333	68.6302777778,28.3438888889	68.6591666667,28.4283333333	68.8297222222,28.4822222222	68.9783333333,28.1086111111	68.9780555556,28.0711111111	68.975,27.6308333333	68.5672222222,26.3808333333	68.5519444444,26.3797222222	68.4491666667,26.3588888889	68.3522222222,26.3394444444	68.0566666667,25.2436111111	68.1027777778,25.0138888889	68.1505555556,24.7738888889	68.1491666667,24.7605555556	68.1233333333,24.4841666667	68.115,24.3961111111	68.1741666667,24.5	68.4819444444,24.4166666667	68.5672222222,24.3647222222	68.6761111111,24.2980555556	68.7705555556,23.9308333333	68.7133333333,23.6644444444	68.6975,23.4461111111	68.6636111111,23.3183333333	68.7533333333,23.5988888889	68.8333333333,23.85
0	999	1504268400	1504270799	40	64.0566666667,23.9819444444	64.0341666667,24.0605555556	63.795,24.8738888889	63.7252777778,24.8711111111	63.6163888889,24.8669444444	63.5333333333,24.8641666667	63.2580555556,24.8538888889	63.2172222222,24.6330555556	63.0016666667,24.0802777778	62.6280555556,23.6658333333	62.9147222222,23.0688888889	62.9538888889,22.9861111111	63.0727777778,22.7325	63.0308333333,22.3880555556	63.1161111111,22.3313888889	63.4241666667,22.1236111111	63.485,21.8791666667	63.5633333333,21.5897222222	63.6055555556,21.4330555556	63.6166666667,21.5	63.6691666667,21.5666666667	63.68,21.5808333333	63.7808333333,21.7105555556	63.86,21.8122222222	63.8627777778,21.8161111111	63.8833333333,21.8422222222	63.9236111111,22.5325	63.9313888889,22.6230555556	63.5208333333,22.4497222222	63.4469444444,22.4191666667	63.4163888889,22.4941666667	63.3319444444,22.7002777778	63.3,22.7777777778	63.2694444444,23.1458333333	63.2777777778,23.1925	63.3488888889,23.5969444444	63.465,23.6452777778	63.8808333333,23.8216666667	63.9733333333,23.8616666667	64.0566666667,23.9819444444
0	999	1504268400	1504270799	15	62.2036111111,27.1658333333	61.9797222222,27.5288888889	61.81,27.7994444444	61.7758333333,27.8536111111	61.8008333333,28.2616666667	61.8358333333,28.3563888889	61.6380555556,28.9372222222	61.3372222222,27.5911111111	61.445,27.9505555556	61.5983333333,28.0891666667	61.7002777778,27.9552777778	61.7638888889,27.6327777778	61.8105555556,27.3933333333	61.9147222222,26.8469444444	62.2036111111,27.1658333333
0	999	1504268400	1504270799	78	65.0563888889,29.6258333333	64.9333333333,29.6166666667	64.7,30.0833333333	64.2333333333,30.5	63.7333333333,30.0166666667	63.2411111111,31.1744444444	63.1172222222,30.8122222222	62.8405555556,30.0216666667	62.9102777778,29.6097222222	62.985,29.1577777778	62.9775,28.4997222222	63.1472222222,28.3433333333	63.3091666667,28.1919444444	63.3833333333,28.1222222222	63.3972222222,27.9161111111	63.4113888889,27.6994444444	63.4172222222,27.6111111111	63.3752777778,27.3911111111	63.3527777778,27.2747222222	63.2861111111,27.1691666667	63.1958333333,27.0266666667	63.1038888889,27.0677777778	62.9844444444,27.1208333333	62.865,27.1733333333	62.6694444444,27.2583333333	62.6169444444,27.2811111111	62.5527777778,27.3086111111	62.5616666667,27.6169444444	62.4308333333,27.4944444444	62.3063888889,27.2175	62.2036111111,27.1658333333	61.9147222222,26.8469444444	61.7061111111,26.4944444444	61.555,26.495	61.6252777778,25.505	61.8644444444,25.7822222222	62.1205555556,26.5763888889	62.4102777778,26.5608333333	62.5238888889,26.3094444444	62.5938888889,26.1527777778	62.6638888889,25.9952777778	62.8094444444,25.6641666667	62.8008333333,25.1780555556	62.7141666667,24.8352777778	62.5766666667,24.83	62.5733333333,24.83	62.4341666667,24.8247222222	62.4091666667,24.8241666667	62.1433333333,24.8169444444	62.1222222222,24.5613888889	62.0819444444,24.0891666667	62.2955555556,23.7911111111	62.4647222222,23.5511111111	62.6280555556,23.6658333333	63.0016666667,24.0802777778	63.2172222222,24.6330555556	63.2580555556,24.8538888889	63.5333333333,24.8641666667	63.6163888889,24.8669444444	63.7252777778,24.8711111111	63.8875,25.6722222222	63.9955555556,26.2227777778	64.0358333333,26.4327777778	64.1461111111,26.7563888889	64.1236111111,26.7666666667	64.0638888889,26.9238888889	63.9991666667,27.0930555556	63.9591666667,27.4608333333	63.9305555556,27.7180555556	64.0497222222,28.2222222222	64.1111111111,28.4863888889	64.2775,28.6922222222	64.4408333333,28.6288888889	64.4766666667,28.5383333333	64.5686111111,28.3047222222	64.5411111111,27.9391666667	64.9580555556,29.2933333333	65.0563888889,29.6258333333
