12
285	999	1504245600	1504256399	40	60.8202777778,24.7822222222	60.8308333333,25.4858333333	60.8286111111,25.4913888889	60.7733333333,25.6344444444	60.6922222222,25.8416666667	60.4522222222,26.1330555556	60.3155555556,26.3127777778	60.1905555556,26.4758333333	60.1333333333,26.55	60.0761111111,26.3902777778	60.0702777778,26.3744444444	59.9455555556,26.035	59.8833333333,25.8666666667	59.8933333333,25.6583333333	59.8955555556,25.6166666667	59.8969444444,25.585	59.9044444444,25.42	59.9083333333,25.3311111111	59.9041666667,25.2516666667	59.8936111111,25.0441666667	59.8930555556,25.0333333333	59.8908333333,24.9969444444	59.8833333333,24.85	59.8438888889,24.6622222222	59.7994444444,24.4525	59.7388888889,24.1705555556	59.7,23.9919444444	59.7472222222,23.9552777778	59.8238888889,23.8947222222	59.9130555556,23.8244444444	59.9388888889,23.8347222222	60.0269444444,23.8705555556	60.0438888889,23.8775	60.1369444444,23.9152777778	60.3511111111,24.0033333333	60.4477777778,24.0436111111	60.6541666667,24.3522222222	60.7425,24.4855555556	60.7897222222,24.665	60.8202777778,24.7822222222
0	999	1504245600	1504256399	23	61.2452777778,24.59	60.9244444444,24.6430555556	60.7897222222,24.665	60.7425,24.4855555556	60.6541666667,24.3522222222	60.4477777778,24.0436111111	60.3511111111,24.0033333333	60.2316666667,22.9575	60.4683333333,23.1913888889	60.6344444444,23.1655555556	60.7716666667,22.8805555556	60.7738888889,22.2852777778	61.0961111111,22.8941666667	61.0544444444,23.0466666667	61.0475,23.0716666667	61.0586111111,23.3013888889	61.0616666667,23.3691666667	61.0925,23.8513888889	61.0966666667,23.9172222222	61.1252777778,24.0455555556	61.1677777778,24.2366666667	61.1991666667,24.3813888889	61.2452777778,24.59
0	999	1504245600	1504256399	48	62.1516666667,19.8702777778	61.7763888889,21.1733333333	61.7566666667,21.1438888889	61.6405555556,20.9719444444	61.5994444444,20.9711111111	61.5011111111,20.9694444444	61.3780555556,20.9672222222	61.2611111111,21.3122222222	61.2447222222,21.36	61.0663888889,21.8747222222	61.06,21.8927777778	61.1458333333,22.4088888889	61.1525,22.4505555556	61.1580555556,22.4841666667	61.1766666667,22.5983333333	61.1694444444,22.6252777778	61.0961111111,22.8941666667	60.7738888889,22.2852777778	60.7741666667,22.1336111111	60.7591666667,21.9319444444	60.7330555556,21.5858333333	60.5544444444,21.3508333333	60.3886111111,21.3858333333	60.1119444444,21.8997222222	60.0475,21.315	59.9280555556,20.3113888889	60.2980555556,20.6319444444	60.4933333333,20.4052777778	60.5283333333,20.2441666667	60.5591666667,20.1002777778	60.5091666667,19.6547222222	60.0663888889,19.2688888889	60.1086111111,19.2047222222	60.1586111111,19.1347222222	60.185,19.0963888889	60.1916666667,19.0866666667	60.2522222222,19.1119444444	60.3008333333,19.1322222222	60.3583333333,19.15	60.3702777778,19.1502777778	60.4686111111,19.1758333333	60.6983333333,19.2369444444	61.0,19.3	61.0647222222,19.3166666667	61.3625,19.4158333333	61.6055555556,19.4827777778	61.6205555556,19.4872222222	62.1516666667,19.8702777778
0	999	1504245600	1504256399	17	60.4522222222,26.1330555556	60.3377777778,26.5152777778	60.3333333333,27.4430555556	60.3316666667,27.6280555556	60.2333333333,27.475	60.2233333333,27.4566666667	60.2002777778,27.2930555556	60.1938888889,27.2211111111	60.1716666667,26.9463888889	60.1613888889,26.8386111111	60.1525,26.7588888889	60.1497222222,26.7169444444	60.1441666667,26.6613888889	60.1333333333,26.55	60.1905555556,26.4758333333	60.3155555556,26.3127777778	60.4522222222,26.1330555556
0	999	1504245600	1504256399	17	60.3511111111,24.0033333333	60.1369444444,23.9152777778	59.8972222222,22.6036111111	59.6866666667,20.9522222222	59.5544444444,19.9986111111	59.5627777778,19.9830555556	59.6080555556,19.92	59.6388888889,19.8769444444	59.6947222222,19.7988888889	59.7330555556,20.1438888889	59.9280555556,20.3113888889	60.0475,21.315	60.1119444444,21.8997222222	60.1375,22.1188888889	60.165,22.3575	60.2316666667,22.9575	60.3511111111,24.0033333333
0	999	1504245600	1504256399	17	60.1369444444,23.9152777778	60.0438888889,23.8775	60.0269444444,23.8705555556	59.1461111111,20.7416666667	59.1541666667,20.7272222222	59.1769444444,20.6869444444	59.1827777778,20.6761111111	59.2566666667,20.5441666667	59.3186111111,20.4316666667	59.4738888889,20.1475	59.5405555556,20.0236111111	59.5452777778,20.0152777778	59.5480555556,20.0102777778	59.5544444444,19.9986111111	59.6866666667,20.9522222222	59.8972222222,22.6036111111	60.1369444444,23.9152777778
0	999	1504245600	1504256399	27	60.0269444444,23.8705555556	59.9388888889,23.8347222222	59.9130555556,23.8244444444	59.8238888889,23.8947222222	59.7472222222,23.9552777778	59.7,23.9919444444	59.6747222222,23.8766666667	59.6611111111,23.8138888889	59.5147222222,23.1558333333	59.4747222222,22.9825	59.4647222222,22.9394444444	59.4625,22.9297222222	59.4344444444,22.8069444444	59.4205555556,22.7469444444	59.2875,22.1786111111	59.2783333333,22.14	59.2319444444,21.9466666667	59.1861111111,21.7555555556	59.0,21.0	59.0291666667,20.9486111111	59.0477777778,20.9158333333	59.1030555556,20.8180555556	59.1086111111,20.8080555556	59.1166666667,20.7936111111	59.1244444444,20.7797222222	59.1461111111,20.7416666667	60.0269444444,23.8705555556
95	999	1504245600	1504256399	18	61.8447222222,21.5777777778	61.7916666667,21.7341666667	61.6363888889,22.1855555556	61.56,22.4044444444	61.525,22.5041666667	61.1525,22.4505555556	61.1458333333,22.4088888889	61.06,21.8927777778	61.0663888889,21.8747222222	61.2447222222,21.36	61.2611111111,21.3122222222	61.3780555556,20.9672222222	61.5011111111,20.9694444444	61.5994444444,20.9711111111	61.6405555556,20.9719444444	61.7566666667,21.1438888889	61.7763888889,21.1733333333	61.8447222222,21.5777777778
95	999	1504245600	1504256399	7	59.6947222222,19.7988888889	59.7497222222,19.7241666667	59.7894444444,19.665	59.8841666667,19.9341666667	59.9280555556,20.3113888889	59.7330555556,20.1438888889	59.6947222222,19.7988888889
95	999	1504245600	1504256399	16	60.5091666667,19.6547222222	60.5591666667,20.1002777778	60.5283333333,20.2441666667	60.4933333333,20.4052777778	60.2980555556,20.6319444444	59.9280555556,20.3113888889	59.8841666667,19.9341666667	59.7894444444,19.665	59.8216666667,19.6219444444	59.9330555556,19.4622222222	59.9708333333,19.4080555556	59.9744444444,19.4027777778	59.9813888889,19.3925	60.0444444444,19.3016666667	60.0663888889,19.2688888889	60.5091666667,19.6547222222
95	999	1504245600	1504256399	8	61.525,22.5041666667	61.4825,22.6244444444	61.4886111111,22.6730555556	61.1694444444,22.6252777778	61.1766666667,22.5983333333	61.1580555556,22.4841666667	61.1525,22.4505555556	61.525,22.5041666667
95	999	1504245600	1504256399	14	60.7741666667,22.1336111111	60.7738888889,22.2852777778	60.7716666667,22.8805555556	60.6344444444,23.1655555556	60.4683333333,23.1913888889	60.2316666667,22.9575	60.165,22.3575	60.1375,22.1188888889	60.1119444444,21.8997222222	60.3886111111,21.3858333333	60.5544444444,21.3508333333	60.7330555556,21.5858333333	60.7591666667,21.9319444444	60.7741666667,22.1336111111
