13
95	999	1504267200	1504268399	17	61.7233333333,23.7522222222	61.7186111111,24.1319444444	61.6858333333,24.2619444444	61.6361111111,24.4572222222	61.6,24.5977777778	61.2452777778,24.59	61.1991666667,24.3813888889	61.1677777778,24.2366666667	61.1252777778,24.0455555556	61.0966666667,23.9172222222	61.0925,23.8513888889	61.0616666667,23.3691666667	61.1111111111,23.1413888889	61.3572222222,22.8911111111	61.5291666667,22.9019444444	61.6938888889,23.6208333333	61.7233333333,23.7522222222
95	999	1504267200	1504268399	18	61.8447222222,21.5777777778	61.7916666667,21.7341666667	61.6363888889,22.1855555556	61.56,22.4044444444	61.525,22.5041666667	61.1525,22.4505555556	61.1458333333,22.4088888889	61.06,21.8927777778	61.0663888889,21.8747222222	61.2447222222,21.36	61.2611111111,21.3122222222	61.3780555556,20.9672222222	61.5011111111,20.9694444444	61.5994444444,20.9711111111	61.6405555556,20.9719444444	61.7566666667,21.1438888889	61.7763888889,21.1733333333	61.8447222222,21.5777777778
95	999	1504267200	1504268399	18	64.0002777778,23.4630555556	63.9952777778,23.5386111111	63.9752777778,23.8336111111	63.9733333333,23.8616666667	63.8808333333,23.8216666667	63.465,23.6452777778	63.3488888889,23.5969444444	63.2777777778,23.1925	63.2694444444,23.1458333333	63.3,22.7777777778	63.3319444444,22.7002777778	63.4163888889,22.4941666667	63.4469444444,22.4191666667	63.5208333333,22.4497222222	63.9313888889,22.6230555556	63.9502777778,22.8463888889	63.9813888889,23.2261111111	64.0002777778,23.4630555556
95	999	1504267200	1504268399	13	61.5291666667,22.9019444444	61.3572222222,22.8911111111	61.1111111111,23.1413888889	61.0616666667,23.3691666667	61.0586111111,23.3013888889	61.0475,23.0716666667	61.0544444444,23.0466666667	61.0961111111,22.8941666667	61.1694444444,22.6252777778	61.4886111111,22.6730555556	61.4919444444,22.6994444444	61.5033333333,22.7908333333	61.5291666667,22.9019444444
95	999	1504267200	1504268399	8	61.525,22.5041666667	61.4825,22.6244444444	61.4886111111,22.6730555556	61.1694444444,22.6252777778	61.1766666667,22.5983333333	61.1580555556,22.4841666667	61.1525,22.4505555556	61.525,22.5041666667
95	999	1504267200	1504268399	14	60.7741666667,22.1336111111	60.7738888889,22.2852777778	60.7716666667,22.8805555556	60.6344444444,23.1655555556	60.4683333333,23.1913888889	60.2316666667,22.9575	60.165,22.3575	60.1375,22.1188888889	60.1119444444,21.8997222222	60.3886111111,21.3858333333	60.5544444444,21.3508333333	60.7330555556,21.5858333333	60.7591666667,21.9319444444	60.7741666667,22.1336111111
95	999	1504267200	1504268399	16	60.5091666667,19.6547222222	60.5591666667,20.1002777778	60.5283333333,20.2441666667	60.4933333333,20.4052777778	60.2980555556,20.6319444444	59.9280555556,20.3113888889	59.8841666667,19.9341666667	59.7894444444,19.665	59.8216666667,19.6219444444	59.9330555556,19.4622222222	59.9708333333,19.4080555556	59.9744444444,19.4027777778	59.9813888889,19.3925	60.0444444444,19.3016666667	60.0663888889,19.2688888889	60.5091666667,19.6547222222
95	999	1504267200	1504268399	11	63.0727777778,22.7325	62.9538888889,22.9861111111	62.9147222222,23.0688888889	62.6280555556,23.6658333333	62.4647222222,23.5511111111	62.3494444444,23.2877777778	62.3205555556,23.05	62.5472222222,22.6494444444	62.7602777778,22.265	63.0308333333,22.3880555556	63.0727777778,22.7325
95	999	1504267200	1504268399	20	63.5633333333,21.5897222222	63.485,21.8791666667	63.4241666667,22.1236111111	63.1161111111,22.3313888889	63.0308333333,22.3880555556	62.7602777778,22.265	62.6508333333,22.2158333333	62.6463888889,22.1833333333	62.6175,21.9727777778	62.6027777778,21.8652777778	62.6163888889,21.7788888889	62.6486111111,21.5747222222	62.6513888889,21.5577777778	62.6761111111,21.3980555556	62.705,21.3533333333	62.9411111111,20.9830555556	63.2547222222,21.0019444444	63.27,21.0027777778	63.4511111111,21.2997222222	63.5633333333,21.5897222222
0	999	1504267200	1504268399	48	62.1516666667,19.8702777778	61.7763888889,21.1733333333	61.7566666667,21.1438888889	61.6405555556,20.9719444444	61.5994444444,20.9711111111	61.5011111111,20.9694444444	61.3780555556,20.9672222222	61.2611111111,21.3122222222	61.2447222222,21.36	61.0663888889,21.8747222222	61.06,21.8927777778	61.1458333333,22.4088888889	61.1525,22.4505555556	61.1580555556,22.4841666667	61.1766666667,22.5983333333	61.1694444444,22.6252777778	61.0961111111,22.8941666667	60.7738888889,22.2852777778	60.7741666667,22.1336111111	60.7591666667,21.9319444444	60.7330555556,21.5858333333	60.5544444444,21.3508333333	60.3886111111,21.3858333333	60.1119444444,21.8997222222	60.0475,21.315	59.9280555556,20.3113888889	60.2980555556,20.6319444444	60.4933333333,20.4052777778	60.5283333333,20.2441666667	60.5591666667,20.1002777778	60.5091666667,19.6547222222	60.0663888889,19.2688888889	60.1086111111,19.2047222222	60.1586111111,19.1347222222	60.185,19.0963888889	60.1916666667,19.0866666667	60.2522222222,19.1119444444	60.3008333333,19.1322222222	60.3583333333,19.15	60.3702777778,19.1502777778	60.4686111111,19.1758333333	60.6983333333,19.2369444444	61.0,19.3	61.0647222222,19.3166666667	61.3625,19.4158333333	61.6055555556,19.4827777778	61.6205555556,19.4872222222	62.1516666667,19.8702777778
0	999	1504267200	1504268399	23	61.2452777778,24.59	60.9244444444,24.6430555556	60.7897222222,24.665	60.7425,24.4855555556	60.6541666667,24.3522222222	60.4477777778,24.0436111111	60.3511111111,24.0033333333	60.2316666667,22.9575	60.4683333333,23.1913888889	60.6344444444,23.1655555556	60.7716666667,22.8805555556	60.7738888889,22.2852777778	61.0961111111,22.8941666667	61.0544444444,23.0466666667	61.0475,23.0716666667	61.0586111111,23.3013888889	61.0616666667,23.3691666667	61.0925,23.8513888889	61.0966666667,23.9172222222	61.1252777778,24.0455555556	61.1677777778,24.2366666667	61.1991666667,24.3813888889	61.2452777778,24.59
0	999	1504267200	1504268399	44	63.6055555556,21.4330555556	63.5633333333,21.5897222222	63.4511111111,21.2997222222	63.27,21.0027777778	63.2547222222,21.0019444444	62.9411111111,20.9830555556	62.705,21.3533333333	62.6761111111,21.3980555556	62.6513888889,21.5577777778	62.6486111111,21.5747222222	62.6163888889,21.7788888889	62.6027777778,21.8652777778	62.6175,21.9727777778	62.6463888889,22.1833333333	62.6508333333,22.2158333333	62.7602777778,22.265	62.5472222222,22.6494444444	62.3205555556,23.05	62.3494444444,23.2877777778	62.4647222222,23.5511111111	62.2955555556,23.7911111111	62.0819444444,24.0891666667	61.9486111111,24.0494444444	61.7186111111,24.1319444444	61.7233333333,23.7522222222	61.6938888889,23.6208333333	61.5291666667,22.9019444444	61.5033333333,22.7908333333	61.4919444444,22.6994444444	61.4886111111,22.6730555556	61.4825,22.6244444444	61.525,22.5041666667	61.56,22.4044444444	61.6363888889,22.1855555556	61.7916666667,21.7341666667	61.8447222222,21.5777777778	61.7763888889,21.1733333333	62.1516666667,19.8702777778	63.5125,20.8838888889	63.5386111111,21.0366666667	63.5616666667,21.1688888889	63.5641666667,21.1877777778	63.585,21.3097222222	63.6055555556,21.4330555556
0	999	1504267200	1504268399	40	64.0566666667,23.9819444444	64.0341666667,24.0605555556	63.795,24.8738888889	63.7252777778,24.8711111111	63.6163888889,24.8669444444	63.5333333333,24.8641666667	63.2580555556,24.8538888889	63.2172222222,24.6330555556	63.0016666667,24.0802777778	62.6280555556,23.6658333333	62.9147222222,23.0688888889	62.9538888889,22.9861111111	63.0727777778,22.7325	63.0308333333,22.3880555556	63.1161111111,22.3313888889	63.4241666667,22.1236111111	63.485,21.8791666667	63.5633333333,21.5897222222	63.6055555556,21.4330555556	63.6166666667,21.5	63.6691666667,21.5666666667	63.68,21.5808333333	63.7808333333,21.7105555556	63.86,21.8122222222	63.8627777778,21.8161111111	63.8833333333,21.8422222222	63.9236111111,22.5325	63.9313888889,22.6230555556	63.5208333333,22.4497222222	63.4469444444,22.4191666667	63.4163888889,22.4941666667	63.3319444444,22.7002777778	63.3,22.7777777778	63.2694444444,23.1458333333	63.2777777778,23.1925	63.3488888889,23.5969444444	63.465,23.6452777778	63.8808333333,23.8216666667	63.9733333333,23.8616666667	64.0566666667,23.9819444444
