24
95	999	1504260000	1504263599	17	61.7233333333,23.7522222222	61.7186111111,24.1319444444	61.6858333333,24.2619444444	61.6361111111,24.4572222222	61.6,24.5977777778	61.2452777778,24.59	61.1991666667,24.3813888889	61.1677777778,24.2366666667	61.1252777778,24.0455555556	61.0966666667,23.9172222222	61.0925,23.8513888889	61.0616666667,23.3691666667	61.1111111111,23.1413888889	61.3572222222,22.8911111111	61.5291666667,22.9019444444	61.6938888889,23.6208333333	61.7233333333,23.7522222222
95	999	1504260000	1504263599	11	61.3725,28.4247222222	61.3097222222,28.6880555556	61.0583333333,28.6647222222	60.9833333333,28.5011111111	60.9083333333,28.2819444444	60.7244444444,27.7536111111	60.8244444444,27.72	61.0833333333,27.4261111111	61.1494444444,27.35	61.1786111111,27.4877777778	61.3725,28.4247222222
95	999	1504260000	1504263599	15	62.985,29.1577777778	62.9102777778,29.6097222222	62.8405555556,30.0216666667	62.7694444444,30.4325	62.6355555556,30.52	62.5877777778,30.5511111111	62.5330555556,30.5052777778	62.4319444444,30.4211111111	62.3333333333,30.0719444444	62.4044444444,29.0866666667	62.5491666667,28.6361111111	62.7283333333,28.6861111111	62.8208333333,28.7577777778	62.8841666667,28.8069444444	62.985,29.1577777778
95	999	1504260000	1504263599	10	62.3247222222,28.7155555556	62.2611111111,28.9088888889	61.9636111111,29.7897222222	61.8894444444,29.7744444444	61.8122222222,29.7583333333	61.6380555556,28.9372222222	61.8358333333,28.3563888889	61.9622222222,28.3475	62.2133333333,28.33	62.3247222222,28.7155555556
95	999	1504260000	1504263599	13	62.4411111111,27.8138888889	62.4113888889,27.8819444444	62.2133333333,28.33	61.9622222222,28.3475	61.8358333333,28.3563888889	61.8008333333,28.2616666667	61.7758333333,27.8536111111	61.81,27.7994444444	61.9797222222,27.5288888889	62.2036111111,27.1658333333	62.3063888889,27.2175	62.4308333333,27.4944444444	62.4411111111,27.8138888889
95	999	1504260000	1504263599	18	64.0002777778,23.4630555556	63.9952777778,23.5386111111	63.9752777778,23.8336111111	63.9733333333,23.8616666667	63.8808333333,23.8216666667	63.465,23.6452777778	63.3488888889,23.5969444444	63.2777777778,23.1925	63.2694444444,23.1458333333	63.3,22.7777777778	63.3319444444,22.7002777778	63.4163888889,22.4941666667	63.4469444444,22.4191666667	63.5208333333,22.4497222222	63.9313888889,22.6230555556	63.9502777778,22.8463888889	63.9813888889,23.2261111111	64.0002777778,23.4630555556
95	999	1504260000	1504263599	13	61.5291666667,22.9019444444	61.3572222222,22.8911111111	61.1111111111,23.1413888889	61.0616666667,23.3691666667	61.0586111111,23.3013888889	61.0475,23.0716666667	61.0544444444,23.0466666667	61.0961111111,22.8941666667	61.1694444444,22.6252777778	61.4886111111,22.6730555556	61.4919444444,22.6994444444	61.5033333333,22.7908333333	61.5291666667,22.9019444444
95	999	1504260000	1504263599	10	61.0833333333,27.4261111111	60.8244444444,27.72	60.7244444444,27.7536111111	60.5872222222,26.4305555556	60.7244444444,26.1258333333	60.8869444444,26.0508333333	60.9338888889,26.0902777778	60.9811111111,26.4975	61.0630555556,27.2361111111	61.0833333333,27.4261111111
95	999	1504260000	1504263599	6	61.8122222222,29.7583333333	61.77,29.7497222222	61.635,29.5411111111	61.5588888889,29.1655555556	61.6380555556,28.9372222222	61.8122222222,29.7583333333
95	999	1504260000	1504263599	17	62.8094444444,25.6641666667	62.6638888889,25.9952777778	62.5938888889,26.1527777778	62.5238888889,26.3094444444	62.4102777778,26.5608333333	62.1205555556,26.5763888889	61.8644444444,25.7822222222	62.0977777778,25.2702777778	62.1672222222,25.1158333333	62.1433333333,24.8169444444	62.4091666667,24.8241666667	62.4341666667,24.8247222222	62.5733333333,24.83	62.5766666667,24.83	62.7141666667,24.8352777778	62.8008333333,25.1780555556	62.8094444444,25.6641666667
95	999	1504260000	1504263599	19	64.5686111111,28.3047222222	64.4766666667,28.5383333333	64.4408333333,28.6288888889	64.2775,28.6922222222	64.1111111111,28.4863888889	64.0497222222,28.2222222222	63.9305555556,27.7180555556	63.9591666667,27.4608333333	63.9991666667,27.0930555556	64.0638888889,26.9238888889	64.1236111111,26.7666666667	64.1461111111,26.7563888889	64.1825,26.7397222222	64.2869444444,26.6919444444	64.3863888889,26.8069444444	64.4563888889,26.8883333333	64.4619444444,26.9527777778	64.5411111111,27.9391666667	64.5686111111,28.3047222222
95	999	1504260000	1504263599	14	62.1672222222,25.1158333333	62.0977777778,25.2702777778	61.8644444444,25.7822222222	61.6252777778,25.505	61.6063888889,24.8030555556	61.6,24.5977777778	61.6361111111,24.4572222222	61.6858333333,24.2619444444	61.7186111111,24.1319444444	61.9486111111,24.0494444444	62.0819444444,24.0891666667	62.1222222222,24.5613888889	62.1433333333,24.8169444444	62.1672222222,25.1158333333
95	999	1504260000	1504263599	11	63.0727777778,22.7325	62.9538888889,22.9861111111	62.9147222222,23.0688888889	62.6280555556,23.6658333333	62.4647222222,23.5511111111	62.3494444444,23.2877777778	62.3205555556,23.05	62.5472222222,22.6494444444	62.7602777778,22.265	63.0308333333,22.3880555556	63.0727777778,22.7325
95	999	1504260000	1504263599	10	61.9147222222,26.8469444444	61.8105555556,27.3933333333	61.7638888889,27.6327777778	61.7002777778,27.9552777778	61.5983333333,28.0891666667	61.445,27.9505555556	61.3372222222,27.5911111111	61.555,26.495	61.7061111111,26.4944444444	61.9147222222,26.8469444444
95	999	1504260000	1504263599	20	63.5633333333,21.5897222222	63.485,21.8791666667	63.4241666667,22.1236111111	63.1161111111,22.3313888889	63.0308333333,22.3880555556	62.7602777778,22.265	62.6508333333,22.2158333333	62.6463888889,22.1833333333	62.6175,21.9727777778	62.6027777778,21.8652777778	62.6163888889,21.7788888889	62.6486111111,21.5747222222	62.6513888889,21.5577777778	62.6761111111,21.3980555556	62.705,21.3533333333	62.9411111111,20.9830555556	63.2547222222,21.0019444444	63.27,21.0027777778	63.4511111111,21.2997222222	63.5633333333,21.5897222222
95	999	1504260000	1504263599	26	63.4172222222,27.6111111111	63.4113888889,27.6994444444	63.3972222222,27.9161111111	63.3833333333,28.1222222222	63.3091666667,28.1919444444	63.1472222222,28.3433333333	62.9775,28.4997222222	62.985,29.1577777778	62.8841666667,28.8069444444	62.8208333333,28.7577777778	62.7283333333,28.6861111111	62.5491666667,28.6361111111	62.5652777778,28.0105555556	62.5683333333,27.8722222222	62.5616666667,27.6169444444	62.5527777778,27.3086111111	62.6169444444,27.2811111111	62.6694444444,27.2583333333	62.865,27.1733333333	62.9844444444,27.1208333333	63.1038888889,27.0677777778	63.1958333333,27.0266666667	63.2861111111,27.1691666667	63.3527777778,27.2747222222	63.3752777778,27.3911111111	63.4172222222,27.6111111111
0	999	1504260000	1504263599	44	63.6055555556,21.4330555556	63.5633333333,21.5897222222	63.4511111111,21.2997222222	63.27,21.0027777778	63.2547222222,21.0019444444	62.9411111111,20.9830555556	62.705,21.3533333333	62.6761111111,21.3980555556	62.6513888889,21.5577777778	62.6486111111,21.5747222222	62.6163888889,21.7788888889	62.6027777778,21.8652777778	62.6175,21.9727777778	62.6463888889,22.1833333333	62.6508333333,22.2158333333	62.7602777778,22.265	62.5472222222,22.6494444444	62.3205555556,23.05	62.3494444444,23.2877777778	62.4647222222,23.5511111111	62.2955555556,23.7911111111	62.0819444444,24.0891666667	61.9486111111,24.0494444444	61.7186111111,24.1319444444	61.7233333333,23.7522222222	61.6938888889,23.6208333333	61.5291666667,22.9019444444	61.5033333333,22.7908333333	61.4919444444,22.6994444444	61.4886111111,22.6730555556	61.4825,22.6244444444	61.525,22.5041666667	61.56,22.4044444444	61.6363888889,22.1855555556	61.7916666667,21.7341666667	61.8447222222,21.5777777778	61.7763888889,21.1733333333	62.1516666667,19.8702777778	63.5125,20.8838888889	63.5386111111,21.0366666667	63.5616666667,21.1688888889	63.5641666667,21.1877777778	63.585,21.3097222222	63.6055555556,21.4330555556
0	999	1504260000	1504263599	24	61.9194444444,30.2786111111	61.8,30.0833333333	61.7216666667,29.9475	61.5511111111,29.6525	61.4333333333,29.45	61.2533333333,29.1136111111	61.0758333333,28.7569444444	60.8583333333,28.3383333333	60.75,28.1666666667	60.7244444444,27.7536111111	60.9083333333,28.2819444444	60.9833333333,28.5011111111	61.0583333333,28.6647222222	61.3097222222,28.6880555556	61.3725,28.4247222222	61.1786111111,27.4877777778	61.1494444444,27.35	61.3372222222,27.5911111111	61.6380555556,28.9372222222	61.5588888889,29.1655555556	61.635,29.5411111111	61.77,29.7497222222	61.8122222222,29.7583333333	61.9194444444,30.2786111111
0	999	1504260000	1504263599	15	62.2036111111,27.1658333333	61.9797222222,27.5288888889	61.81,27.7994444444	61.7758333333,27.8536111111	61.8008333333,28.2616666667	61.8358333333,28.3563888889	61.6380555556,28.9372222222	61.3372222222,27.5911111111	61.445,27.9505555556	61.5983333333,28.0891666667	61.7002777778,27.9552777778	61.7638888889,27.6327777778	61.8105555556,27.3933333333	61.9147222222,26.8469444444	62.2036111111,27.1658333333
0	999	1504260000	1504263599	21	61.3372222222,27.5911111111	61.1494444444,27.35	61.0833333333,27.4261111111	61.0630555556,27.2361111111	60.9811111111,26.4975	60.9338888889,26.0902777778	60.8869444444,26.0508333333	60.7244444444,26.1258333333	60.5872222222,26.4305555556	60.7244444444,27.7536111111	60.75,28.1666666667	60.3652777778,27.6752777778	60.345,27.6494444444	60.3316666667,27.6280555556	60.3333333333,27.4430555556	60.3377777778,26.5152777778	60.4522222222,26.1330555556	60.6922222222,25.8416666667	60.7733333333,25.6344444444	61.555,26.495	61.3372222222,27.5911111111
0	999	1504260000	1504263599	29	63.2411111111,31.1744444444	63.1466666667,31.265	63.0,31.5	62.95,31.55	62.4216666667,31.1083333333	61.9194444444,30.2786111111	61.8122222222,29.7583333333	61.8894444444,29.7744444444	61.9636111111,29.7897222222	62.2611111111,28.9088888889	62.3247222222,28.7155555556	62.2133333333,28.33	62.4113888889,27.8819444444	62.4411111111,27.8138888889	62.4308333333,27.4944444444	62.5616666667,27.6169444444	62.5683333333,27.8722222222	62.5652777778,28.0105555556	62.5491666667,28.6361111111	62.4044444444,29.0866666667	62.3333333333,30.0719444444	62.4319444444,30.4211111111	62.5330555556,30.5052777778	62.5877777778,30.5511111111	62.6355555556,30.52	62.7694444444,30.4325	62.8405555556,30.0216666667	63.1172222222,30.8122222222	63.2411111111,31.1744444444
0	999	1504260000	1504263599	40	64.0566666667,23.9819444444	64.0341666667,24.0605555556	63.795,24.8738888889	63.7252777778,24.8711111111	63.6163888889,24.8669444444	63.5333333333,24.8641666667	63.2580555556,24.8538888889	63.2172222222,24.6330555556	63.0016666667,24.0802777778	62.6280555556,23.6658333333	62.9147222222,23.0688888889	62.9538888889,22.9861111111	63.0727777778,22.7325	63.0308333333,22.3880555556	63.1161111111,22.3313888889	63.4241666667,22.1236111111	63.485,21.8791666667	63.5633333333,21.5897222222	63.6055555556,21.4330555556	63.6166666667,21.5	63.6691666667,21.5666666667	63.68,21.5808333333	63.7808333333,21.7105555556	63.86,21.8122222222	63.8627777778,21.8161111111	63.8833333333,21.8422222222	63.9236111111,22.5325	63.9313888889,22.6230555556	63.5208333333,22.4497222222	63.4469444444,22.4191666667	63.4163888889,22.4941666667	63.3319444444,22.7002777778	63.3,22.7777777778	63.2694444444,23.1458333333	63.2777777778,23.1925	63.3488888889,23.5969444444	63.465,23.6452777778	63.8808333333,23.8216666667	63.9733333333,23.8616666667	64.0566666667,23.9819444444
0	999	1504260000	1504263599	12	61.6,24.5977777778	61.6063888889,24.8030555556	61.6252777778,25.505	61.555,26.495	60.7733333333,25.6344444444	60.8286111111,25.4913888889	60.8308333333,25.4858333333	60.8202777778,24.7822222222	60.7897222222,24.665	60.9244444444,24.6430555556	61.2452777778,24.59	61.6,24.5977777778
0	999	1504260000	1504263599	78	65.0563888889,29.6258333333	64.9333333333,29.6166666667	64.7,30.0833333333	64.2333333333,30.5	63.7333333333,30.0166666667	63.2411111111,31.1744444444	63.1172222222,30.8122222222	62.8405555556,30.0216666667	62.9102777778,29.6097222222	62.985,29.1577777778	62.9775,28.4997222222	63.1472222222,28.3433333333	63.3091666667,28.1919444444	63.3833333333,28.1222222222	63.3972222222,27.9161111111	63.4113888889,27.6994444444	63.4172222222,27.6111111111	63.3752777778,27.3911111111	63.3527777778,27.2747222222	63.2861111111,27.1691666667	63.1958333333,27.0266666667	63.1038888889,27.0677777778	62.9844444444,27.1208333333	62.865,27.1733333333	62.6694444444,27.2583333333	62.6169444444,27.2811111111	62.5527777778,27.3086111111	62.5616666667,27.6169444444	62.4308333333,27.4944444444	62.3063888889,27.2175	62.2036111111,27.1658333333	61.9147222222,26.8469444444	61.7061111111,26.4944444444	61.555,26.495	61.6252777778,25.505	61.8644444444,25.7822222222	62.1205555556,26.5763888889	62.4102777778,26.5608333333	62.5238888889,26.3094444444	62.5938888889,26.1527777778	62.6638888889,25.9952777778	62.8094444444,25.6641666667	62.8008333333,25.1780555556	62.7141666667,24.8352777778	62.5766666667,24.83	62.5733333333,24.83	62.4341666667,24.8247222222	62.4091666667,24.8241666667	62.1433333333,24.8169444444	62.1222222222,24.5613888889	62.0819444444,24.0891666667	62.2955555556,23.7911111111	62.4647222222,23.5511111111	62.6280555556,23.6658333333	63.0016666667,24.0802777778	63.2172222222,24.6330555556	63.2580555556,24.8538888889	63.5333333333,24.8641666667	63.6163888889,24.8669444444	63.7252777778,24.8711111111	63.8875,25.6722222222	63.9955555556,26.2227777778	64.0358333333,26.4327777778	64.1461111111,26.7563888889	64.1236111111,26.7666666667	64.0638888889,26.9238888889	63.9991666667,27.0930555556	63.9591666667,27.4608333333	63.9305555556,27.7180555556	64.0497222222,28.2222222222	64.1111111111,28.4863888889	64.2775,28.6922222222	64.4408333333,28.6288888889	64.4766666667,28.5383333333	64.5686111111,28.3047222222	64.5411111111,27.9391666667	64.9580555556,29.2933333333	65.0563888889,29.6258333333
