15
95	999	1504240800	1504241999	17	68.9783333333,28.1086111111	68.8297222222,28.4822222222	68.6591666667,28.4283333333	68.6302777778,28.3438888889	68.6113888889,28.2855555556	68.5352777778,28.0591666667	68.2363888889,27.1944444444	68.2336111111,26.9044444444	68.2308333333,26.6544444444	68.2719444444,26.5486111111	68.3522222222,26.3394444444	68.4491666667,26.3588888889	68.5519444444,26.3797222222	68.5672222222,26.3808333333	68.975,27.6308333333	68.9780555556,28.0711111111	68.9783333333,28.1086111111
95	999	1504240800	1504241999	8	69.6344444444,28.6516666667	69.3861111111,29.1502777778	69.3561111111,29.0941666667	69.3419444444,29.0736111111	69.3555555556,28.7527777778	69.4038888889,28.5383333333	69.4902777778,28.4772222222	69.6344444444,28.6516666667
95	999	1504240800	1504241999	10	69.6425,29.1811111111	69.5744444444,29.2377777778	69.5494444444,29.2638888889	69.4833333333,29.3333333333	69.3861111111,29.1502777778	69.6344444444,28.6516666667	69.6544444444,28.6758333333	69.6533333333,28.7216666667	69.6469444444,29.0063888889	69.6425,29.1811111111
95	999	1504240800	1504241999	26	65.4058333333,25.1836111111	65.2138888889,25.7183333333	65.1338888889,25.9366666667	64.9963888889,26.3083333333	64.7791666667,26.3125	64.7508333333,26.2713888889	64.7480555556,26.2672222222	64.6652777778,26.1477777778	64.5744444444,26.0172222222	64.5722222222,26.0144444444	64.5044444444,25.9177777778	64.4961111111,25.8775	64.4533333333,25.6766666667	64.4516666667,25.6355555556	64.4344444444,25.1902777778	64.4316666667,25.125	64.4275,25.0233333333	64.4888888889,24.9002777778	64.5019444444,24.8738888889	64.5180555556,24.8413888889	64.5361111111,24.805	64.6669444444,24.5230555556	64.9077777778,24.2202777778	65.1119444444,24.1922222222	65.3047222222,24.4147222222	65.4058333333,25.1836111111
95	999	1504240800	1504241999	19	68.1505555556,24.7738888889	68.1027777778,25.0138888889	68.0566666667,25.2436111111	67.8733333333,25.3652777778	67.75,25.4461111111	67.4544444444,25.6361111111	67.2905555556,25.3344444444	67.2508333333,24.9097222222	67.3030555556,24.6494444444	67.3430555556,24.4475	67.3802777778,24.3783333333	67.5919444444,23.9805555556	67.945,24.0558333333	68.065,24.2683333333	68.1105555556,24.3497222222	68.115,24.3961111111	68.1233333333,24.4841666667	68.1491666667,24.7605555556	68.1505555556,24.7738888889
95	999	1504240800	1504241999	13	66.3663888889,29.0536111111	66.2633333333,29.3402777778	66.0402777778,29.9061111111	65.7386111111,30.0455555556	65.6055555556,29.4144444444	65.735,28.7391666667	65.7516666667,28.6502777778	65.8677777778,28.4986111111	66.0219444444,28.2944444444	66.0511111111,28.2922222222	66.2227777778,28.2783333333	66.3458333333,28.5480555556	66.3663888889,29.0536111111
95	999	1504240800	1504241999	17	68.7705555556,23.9308333333	68.6761111111,24.2980555556	68.5672222222,24.3647222222	68.4819444444,24.4166666667	68.1741666667,24.5	68.115,24.3961111111	68.1105555556,24.3497222222	68.065,24.2683333333	68.0358333333,23.5402777778	68.2,23.2263888889	68.3358333333,23.0236111111	68.4161111111,22.7572222222	68.6291666667,23.1608333333	68.6636111111,23.3183333333	68.6975,23.4461111111	68.7133333333,23.6644444444	68.7705555556,23.9308333333
95	999	1504240800	1504241999	20	66.1569444444,24.2805555556	66.1988888889,24.5144444444	66.1888888889,24.7008333333	66.1772222222,24.9155555556	66.0555555556,25.2833333333	65.7361111111,25.2438888889	65.5955555556,25.2266666667	65.4058333333,25.1836111111	65.3047222222,24.4147222222	65.3416666667,24.1497222222	65.3697222222,23.9444444444	65.3744444444,23.9097222222	65.3755555556,23.9113888889	65.4555555556,24.0286111111	65.4605555556,24.0361111111	65.53,24.14	65.5927777778,24.1538888889	65.7661111111,24.1388888889	65.8497222222,24.1627777778	66.1569444444,24.2805555556
95	999	1504240800	1504241999	16	66.9641666667,25.7116666667	66.955,26.325	66.8547222222,26.6547222222	66.6616666667,26.8022222222	66.4877777778,26.6402777778	66.2308333333,26.2336111111	66.1183333333,26.0586111111	66.0961111111,25.7788888889	66.0555555556,25.2833333333	66.1772222222,24.9155555556	66.1888888889,24.7008333333	66.3516666667,24.6936111111	66.4588888889,24.6888888889	66.5863888889,24.7783333333	66.7730555556,25.1463888889	66.9641666667,25.7116666667
0	999	1504240800	1504241999	16	69.0666666667,21.9347222222	68.7336111111,22.3666666667	68.6902777778,22.9516666667	68.6636111111,23.3183333333	68.6291666667,23.1608333333	68.4161111111,22.7572222222	68.3358333333,23.0236111111	68.2,23.2263888889	68.0358333333,23.5402777778	68.0233333333,23.4933333333	68.1302777778,23.3388888889	68.1413888889,23.3216666667	68.2561111111,23.1058333333	68.4422222222,22.4969444444	68.77,21.3877777778	69.0666666667,21.9347222222
0	999	1504240800	1504241999	16	66.0219444444,28.2944444444	65.8677777778,28.4986111111	65.7516666667,28.6502777778	65.735,28.7391666667	65.6055555556,29.4144444444	65.7386111111,30.0455555556	66.0402777778,29.9061111111	66.0219444444,29.9544444444	65.6666666667,30.1666666667	65.5836111111,29.8155555556	65.0563888889,29.6258333333	64.9580555556,29.2933333333	64.5411111111,27.9391666667	64.4619444444,26.9527777778	64.4563888889,26.8883333333	66.0219444444,28.2944444444
0	999	1504240800	1504241999	90	66.9666666667,29.0833333333	66.7,29.6166666667	66.3972222222,29.7586111111	66.1666666667,29.8669444444	66.0219444444,29.9544444444	66.0402777778,29.9061111111	66.2633333333,29.3402777778	66.3663888889,29.0536111111	66.3458333333,28.5480555556	66.2227777778,28.2783333333	66.0511111111,28.2922222222	66.0219444444,28.2944444444	64.4563888889,26.8883333333	64.3863888889,26.8069444444	64.2869444444,26.6919444444	64.1825,26.7397222222	64.1461111111,26.7563888889	64.0358333333,26.4327777778	63.9955555556,26.2227777778	63.8875,25.6722222222	63.7252777778,24.8711111111	63.795,24.8738888889	64.0341666667,24.0605555556	64.0566666667,23.9819444444	63.9733333333,23.8616666667	63.9752777778,23.8336111111	63.9952777778,23.5386111111	64.0002777778,23.4630555556	63.9813888889,23.2261111111	63.9502777778,22.8463888889	63.9313888889,22.6230555556	63.9236111111,22.5325	63.8833333333,21.8422222222	63.9577777778,21.95	63.9747222222,21.9733333333	64.0258333333,22.0286111111	64.0666666667,22.0819444444	64.0888888889,22.1113888889	64.1180555556,22.1497222222	64.4463888889,22.5908333333	64.5308333333,22.7061111111	64.5538888889,22.7377777778	64.5980555556,22.7988888889	64.6152777778,22.8222222222	64.6813888889,22.9222222222	64.7,22.9666666667	65.0038888889,23.3758333333	65.1405555556,23.5708333333	65.2516666667,23.7275	65.2886111111,23.7819444444	65.3744444444,23.9097222222	65.3697222222,23.9444444444	65.3416666667,24.1497222222	65.3047222222,24.4147222222	65.1119444444,24.1922222222	64.9077777778,24.2202777778	64.6669444444,24.5230555556	64.5361111111,24.805	64.5180555556,24.8413888889	64.5019444444,24.8738888889	64.4888888889,24.9002777778	64.4275,25.0233333333	64.4316666667,25.125	64.4344444444,25.1902777778	64.4516666667,25.6355555556	64.4533333333,25.6766666667	64.4961111111,25.8775	64.5044444444,25.9177777778	64.5722222222,26.0144444444	64.5744444444,26.0172222222	64.6652777778,26.1477777778	64.7480555556,26.2672222222	64.7508333333,26.2713888889	64.7791666667,26.3125	64.9963888889,26.3083333333	65.1338888889,25.9366666667	65.2138888889,25.7183333333	65.4058333333,25.1836111111	65.5955555556,25.2266666667	65.7361111111,25.2438888889	66.0555555556,25.2833333333	66.0961111111,25.7788888889	66.1183333333,26.0586111111	66.2308333333,26.2336111111	66.4877777778,26.6402777778	66.6616666667,26.8022222222	66.7994444444,27.8288888889	66.8305555556,28.0725	66.9027777778,28.6419444444	66.9666666667,29.0833333333
0	999	1504240800	1504241999	21	66.1888888889,24.7008333333	66.1988888889,24.5144444444	66.1569444444,24.2805555556	65.8497222222,24.1627777778	65.7661111111,24.1388888889	65.9405555556,24.0766666667	66.09,23.94	66.1747222222,23.8194444444	66.2,23.8	66.2661111111,23.7183333333	66.2738888889,23.7083333333	66.3177777778,23.6547222222	66.3830555556,23.6916666667	66.4719444444,23.7422222222	66.5205555556,23.77	66.5766666667,23.8891666667	66.5769444444,23.9033333333	66.5863888889,24.7783333333	66.4588888889,24.6888888889	66.3516666667,24.6936111111	66.1888888889,24.7008333333
0	999	1504240800	1504241999	52	68.6302777778,28.3438888889	68.5033333333,28.4583333333	68.1,29.3333333333	67.7,30.0	67.2038888889,29.4011111111	66.9666666667,29.0833333333	66.9027777778,28.6419444444	66.8305555556,28.0725	66.7994444444,27.8288888889	66.6616666667,26.8022222222	66.8547222222,26.6547222222	66.955,26.325	66.9641666667,25.7116666667	66.7730555556,25.1463888889	66.5863888889,24.7783333333	66.5769444444,23.9033333333	66.5766666667,23.8891666667	66.5205555556,23.77	66.5766666667,23.8011111111	66.7352777778,23.8922222222	66.8033333333,23.9863888889	66.8377777778,23.9466666667	66.9333333333,23.8355555556	67.0347222222,23.7169444444	67.2147222222,23.6138888889	67.3322222222,23.7666666667	67.4233333333,23.785	67.6905555556,23.4952777778	67.8966666667,23.5788888889	67.9675,23.6294444444	68.0233333333,23.4933333333	68.0358333333,23.5402777778	68.065,24.2683333333	67.945,24.0558333333	67.5919444444,23.9805555556	67.3802777778,24.3783333333	67.3430555556,24.4475	67.3030555556,24.6494444444	67.2508333333,24.9097222222	67.2905555556,25.3344444444	67.4544444444,25.6361111111	67.75,25.4461111111	67.8733333333,25.3652777778	68.0566666667,25.2436111111	68.3522222222,26.3394444444	68.2719444444,26.5486111111	68.2308333333,26.6544444444	68.2336111111,26.9044444444	68.2363888889,27.1944444444	68.5352777778,28.0591666667	68.6113888889,28.2855555556	68.6302777778,28.3438888889
0	999	1504240800	1504241999	60	68.8333333333,23.85	68.7933333333,24.0	68.6338888889,24.6	68.5583333333,24.8833333333	68.8213888889,25.3088888889	68.9138888889,25.4605555556	69.0,25.6	69.3308333333,25.7527777778	69.5961111111,25.8819444444	69.6666666667,25.9166666667	69.6938888889,25.9833333333	69.6858333333,26.7869444444	69.6658333333,28.1255555556	69.6613888889,28.3516666667	69.6608333333,28.3775	69.6597222222,28.4236111111	69.6544444444,28.6758333333	69.6344444444,28.6516666667	69.4902777778,28.4772222222	69.4038888889,28.5383333333	69.3555555556,28.7527777778	69.3419444444,29.0736111111	69.2647222222,28.9230555556	69.2166666667,28.8333333333	69.1791666667,28.8333333333	69.1719444444,28.8333333333	69.1283333333,28.8333333333	69.1,28.8333333333	69.0741666667,28.9	69.0166666667,29.05	68.9408333333,28.5708333333	68.9166666667,28.4166666667	68.875,28.8033333333	68.5033333333,28.4583333333	68.6302777778,28.3438888889	68.6591666667,28.4283333333	68.8297222222,28.4822222222	68.9783333333,28.1086111111	68.9780555556,28.0711111111	68.975,27.6308333333	68.5672222222,26.3808333333	68.5519444444,26.3797222222	68.4491666667,26.3588888889	68.3522222222,26.3394444444	68.0566666667,25.2436111111	68.1027777778,25.0138888889	68.1505555556,24.7738888889	68.1491666667,24.7605555556	68.1233333333,24.4841666667	68.115,24.3961111111	68.1741666667,24.5	68.4819444444,24.4166666667	68.5672222222,24.3647222222	68.6761111111,24.2980555556	68.7705555556,23.9308333333	68.7133333333,23.6644444444	68.6975,23.4461111111	68.6636111111,23.3183333333	68.7533333333,23.5988888889	68.8333333333,23.85
