23
245	285	1504299600	1504310399	6	53.2611111111,-5.0	53.2680555556,-5.1833333333	53.2711111111,-5.1833333333	53.275,-5.1833333333	53.2680555556,-5.0	53.2611111111,-5.0
245	285	1504299600	1504310399	5	53.2652777778,-4.8591666667	53.2552777778,-4.8591666667	53.2611111111,-5.0	53.2680555556,-5.0	53.2652777778,-4.8591666667
245	285	1504299600	1504310399	7	53.6916666667,-5.5	53.6722222222,-4.8394444444	53.6602777778,-4.8394444444	53.6416666667,-4.8394444444	53.6666666667,-5.5	53.68,-5.5	53.6916666667,-5.5
245	285	1504299600	1504310399	7	53.4963888889,-5.5	53.4775,-4.8580555556	53.4608333333,-4.8580555556	53.4441666667,-4.8580555556	53.4633333333,-5.5	53.48,-5.5	53.4963888889,-5.5
245	285	1504299600	1504310399	7	53.275,-5.1833333333	53.2711111111,-5.1833333333	53.2680555556,-5.1833333333	53.2763888889,-5.5	53.2802777778,-5.5	53.2841666667,-5.5	53.275,-5.1833333333
145	285	1504299600	1504310399	6	53.2625,-4.7388888889	53.2561111111,-4.7377777778	53.2513888889,-4.7388888889	53.2552777778,-4.8591666667	53.2652777778,-4.8591666667	53.2625,-4.7388888889
55	285	1504299600	1504310399	11	53.4402777778,-3.8555555556	53.4308333333,-3.6644444444	53.4280555556,-3.6086111111	53.4197222222,-3.4183333333	53.3886111111,-3.4136111111	53.3883333333,-3.4136111111	53.3861111111,-3.4138888889	53.3936111111,-3.5805555556	53.4069444444,-3.8555555556	53.4361111111,-3.8547222222	53.4402777778,-3.8555555556
75	285	1504299600	1504310399	7	53.4775,-4.8580555556	53.47,-4.6352777778	53.4533333333,-4.6352777778	53.4366666667,-4.6352777778	53.4441666667,-4.8580555556	53.4608333333,-4.8580555556	53.4775,-4.8580555556
75	285	1504299600	1504310399	7	53.47,-4.6352777778	53.445,-3.9677777778	53.4283333333,-3.9677777778	53.4116666667,-3.9677777778	53.4366666667,-4.6352777778	53.4533333333,-4.6352777778	53.47,-4.6352777778
75	285	1504299600	1504310399	7	53.445,-3.9677777778	53.4402777778,-3.8555555556	53.4361111111,-3.8547222222	53.4069444444,-3.8555555556	53.4116666667,-3.9677777778	53.4283333333,-3.9677777778	53.445,-3.9677777778
195	255	1504299600	1504310399	9	53.0538888889,-1.67	53.0077777778,-1.7936111111	53.2069444444,-1.9788888889	53.2380555556,-1.8619444444	53.3108333333,-1.4877777778	53.1941666667,-1.3683333333	53.1713888889,-1.3452777778	53.0777777778,-1.6041666667	53.0538888889,-1.67
45	285	1504299600	1504310399	4	53.6188888889,-3.4486111111	53.5444444444,-3.4372222222	53.6255555556,-3.6305555556	53.6188888889,-3.4486111111
45	285	1504299600	1504310399	14	53.6416666667,-4.8394444444	53.6602777778,-4.8394444444	53.6722222222,-4.8394444444	53.6483333333,-4.1458333333	53.6472222222,-4.1177777778	53.6452777778,-4.0488888889	53.6427777778,-3.9780555556	53.6352777778,-3.7577777778	53.635,-3.7480555556	53.6,-3.6672222222	53.6113888889,-3.9863888889	53.6133333333,-4.0416666667	53.6138888889,-4.0638888889	53.6416666667,-4.8394444444
45	285	1504299600	1504310399	4	53.3861111111,-3.4138888889	53.3186111111,-3.4186111111	53.3936111111,-3.5805555556	53.3861111111,-3.4138888889
45	285	1504299600	1504310399	10	53.6533333333,-3.7916666667	53.635,-3.7480555556	53.6352777778,-3.7577777778	53.8008333333,-4.4641666667	53.6472222222,-4.1177777778	53.6483333333,-4.1458333333	53.8016666667,-4.4911111111	53.8166666667,-4.4777777778	53.7666666667,-4.2925	53.6533333333,-3.7916666667
45	285	1504299600	1504310399	12	53.84,-4.1572222222	53.6930555556,-3.7944444444	53.6255555556,-3.6305555556	53.5444444444,-3.4372222222	53.4991666667,-3.43	53.6,-3.6672222222	53.635,-3.7480555556	53.6533333333,-3.7916666667	53.6736111111,-3.8388888889	53.8205555556,-4.2016666667	53.8311111111,-4.1825	53.84,-4.1572222222
45	285	1504299600	1504310399	9	53.6113888889,-3.9863888889	53.4711111111,-3.4261111111	53.4569444444,-3.4244444444	53.61,-4.0255555556	53.4280555556,-3.6086111111	53.4308333333,-3.6644444444	53.6138888889,-4.0638888889	53.6133333333,-4.0416666667	53.6113888889,-3.9863888889
195	285	1504299600	1504310399	12	52.8944444444,-2.8983333333	52.895,-2.9130555556	52.8966666667,-2.9772222222	52.8972222222,-3.0038888889	52.9019444444,-3.1563888889	52.9027777778,-3.19	52.9063888889,-3.3105555556	53.1366666667,-3.2933333333	53.0666666667,-3.1602777778	52.8925,-2.8372222222	52.8938888889,-2.8797222222	52.8944444444,-2.8983333333
195	285	1504299600	1504310399	57	54.25,-3.5513888889	54.25,-3.5	54.25,-3.4088888889	54.25,-3.2833333333	54.25,-3.2666666667	54.25,-3.25	54.25,-3.0880555556	54.25,-3.0822222222	54.25,-3.0	54.25,-2.675	54.25,-2.6636111111	54.25,-2.5572222222	54.25,-2.3111111111	54.25,-2.2833333333	54.25,-2.1666666667	54.1180555556,-2.0738888889	53.9855555556,-1.9855555556	53.6341666667,-1.7527777778	53.4672222222,-1.6427777778	53.3569444444,-1.5297222222	53.3336111111,-1.5061111111	53.3108333333,-1.4877777778	53.2380555556,-1.8619444444	53.2069444444,-1.9788888889	53.0077777778,-1.7936111111	52.9630555556,-1.91	52.8,-2.3333333333	52.6969444444,-2.6305555556	52.8458333333,-2.7577777778	52.85,-2.7580555556	52.8925,-2.8372222222	53.0666666667,-3.1602777778	53.1366666667,-3.2933333333	52.9063888889,-3.3105555556	52.9083333333,-3.3666666667	52.9102777778,-3.4480555556	53.1008333333,-3.4344444444	53.2030555556,-3.4266666667	53.2072222222,-3.4266666667	53.2091666667,-3.4266666667	53.3186111111,-3.4186111111	53.3861111111,-3.4138888889	53.3883333333,-3.4136111111	53.3886111111,-3.4136111111	53.4197222222,-3.4183333333	53.4569444444,-3.4244444444	53.4711111111,-3.4261111111	53.4991666667,-3.43	53.5444444444,-3.4372222222	53.6188888889,-3.4486111111	53.6902777778,-3.4594444444	53.8380555556,-3.4819444444	53.8877777778,-3.4897222222	53.9038888889,-3.4927777778	53.93,-3.4963888889	53.9375,-3.4986111111	54.25,-3.5513888889
50	255	1504299600	1504310399	7	54.0019444444,-4.0377777778	53.9375,-3.4986111111	53.93,-3.4963888889	53.9038888889,-3.4927777778	53.9686111111,-4.0377777778	53.9852777778,-4.0391666667	54.0019444444,-4.0377777778
65	285	1504299600	1504310399	7	53.9161111111,-4.3430555556	53.84,-4.1572222222	53.8311111111,-4.1825	53.8205555556,-4.2016666667	53.8966666667,-4.3875	53.9052777778,-4.3641666667	53.9161111111,-4.3430555556
65	285	1504299600	1504310399	5	53.8788888889,-4.4072222222	53.7913888889,-4.2472222222	53.7758333333,-4.2722222222	53.8638888889,-4.4244444444	53.8788888889,-4.4072222222
205	285	1504299600	1504310399	7	53.2091666667,-3.4266666667	53.2072222222,-3.4266666667	53.2030555556,-3.4266666667	53.2513888889,-4.7388888889	53.2561111111,-4.7377777778	53.2625,-4.7388888889	53.2091666667,-3.4266666667
