11
165	255	1504288800	1504310399	13	54.9472222222,-1.9336111111	54.9216666667,-1.8827777778	54.8036111111,-1.6113888889	54.7833333333,-1.5747222222	54.5263888889,-1.6580555556	54.535,-1.7386111111	54.5475,-1.855	54.5566666667,-1.9413888889	54.5625,-1.9958333333	54.5683333333,-2.0522222222	54.7144444444,-2.0066666667	54.9119444444,-1.9444444444	54.9472222222,-1.9336111111
245	275	1504288800	1504310399	6	54.0288888889,-0.4333333333	54.0288888889,-0.4852777778	54.0288888889,-0.5333333333	54.4997222222,-1.0922222222	54.5,-0.99	54.0288888889,-0.4333333333
125	285	1504288800	1504310399	11	54.5683333333,-2.0522222222	54.5625,-1.9958333333	54.5566666667,-1.9413888889	54.5475,-1.855	54.535,-1.7386111111	54.5263888889,-1.6580555556	54.3966666667,-1.6988888889	54.4152777778,-1.8830555556	54.4166666667,-1.8961111111	54.4386111111,-2.0922222222	54.5683333333,-2.0522222222
45	285	1504288800	1504310399	35	54.0294444444,-1.5872222222	54.0297222222,-0.6577777778	54.0288888889,-0.5333333333	54.0288888889,-0.4852777778	54.0288888889,-0.4333333333	54.0291666667,-0.3144444444	54.0291666667,0.1005555556	54.0019444444,0.1236111111	53.7086111111,0.3702777778	53.7077777778,0.3711111111	53.525,0.0933333333	53.5247222222,0.0933333333	53.5247222222,0.0938888889	53.7066666667,0.3722222222	53.6980555556,0.3791666667	53.5941666667,0.4655555556	53.5416666667,0.8458333333	53.4822222222,0.9522222222	53.1977777778,0.865	53.1955555556,0.8644444444	52.89,0.7719444444	53.0738888889,-0.7394444444	53.1069444444,-0.77	53.1386111111,-1.0527777778	53.1713888889,-1.3452777778	53.1941666667,-1.3683333333	53.3108333333,-1.4877777778	53.3336111111,-1.5061111111	53.3513888889,-1.4763888889	53.3352777778,-1.3063888889	53.3227777778,-1.2544444444	53.6877777778,-1.0588888889	53.7180555556,-1.2686111111	53.9413888889,-1.5013888889	54.0294444444,-1.5872222222
45	285	1504288800	1504310399	16	54.1180555556,-2.0738888889	54.25,-2.1666666667	54.25,-2.145	54.25,-2.0166666667	54.25,-1.9333333333	54.25,-1.8155555556	54.1986111111,-1.7619444444	54.1644444444,-1.7266666667	54.0972222222,-1.6572222222	54.0294444444,-1.5872222222	53.9413888889,-1.5013888889	53.9611111111,-1.5647222222	53.9741666667,-1.6066666667	54.0269444444,-1.7122222222	54.0255555556,-1.7730555556	54.1180555556,-2.0738888889
45	285	1504288800	1504310399	13	54.4386111111,-2.0922222222	54.4166666667,-1.8961111111	54.4152777778,-1.8830555556	54.3966666667,-1.6988888889	54.1986111111,-1.7619444444	54.25,-1.8155555556	54.25,-1.9333333333	54.25,-2.0166666667	54.25,-2.145	54.25,-2.1666666667	54.2583333333,-2.1477777778	54.3655555556,-2.1147222222	54.4386111111,-2.0922222222
135	285	1504288800	1504310399	14	54.0244444444,-1.8705555556	54.0255555556,-1.7905555556	54.0255555556,-1.7730555556	53.9741666667,-1.6066666667	53.9680555556,-1.5947222222	53.9516666667,-1.5616666667	53.6613888889,-1.3397222222	53.6522222222,-1.4675	53.6488888889,-1.5288888889	53.6341666667,-1.7527777778	53.9855555556,-1.9855555556	53.9916666667,-1.9680555556	54.0044444444,-1.9302777778	54.0244444444,-1.8705555556
135	285	1504288800	1504310399	18	53.9741666667,-1.6066666667	53.9611111111,-1.5647222222	53.9413888889,-1.5013888889	53.7180555556,-1.2686111111	53.6877777778,-1.0588888889	53.3227777778,-1.2544444444	53.3352777778,-1.3063888889	53.3513888889,-1.4763888889	53.3336111111,-1.5061111111	53.3569444444,-1.5297222222	53.4672222222,-1.6427777778	53.6341666667,-1.7527777778	53.6488888889,-1.5288888889	53.6522222222,-1.4675	53.6613888889,-1.3397222222	53.9516666667,-1.5616666667	53.9680555556,-1.5947222222	53.9741666667,-1.6066666667
135	285	1504288800	1504310399	4	54.0255555556,-1.7730555556	54.0269444444,-1.7122222222	53.9741666667,-1.6066666667	54.0255555556,-1.7730555556
135	285	1504288800	1504310399	8	54.1180555556,-2.0738888889	54.0255555556,-1.7730555556	54.0255555556,-1.7905555556	54.0244444444,-1.8705555556	54.0044444444,-1.9302777778	53.9916666667,-1.9680555556	53.9855555556,-1.9855555556	54.1180555556,-2.0738888889
225	255	1504288800	1504310399	8	55.0,-1.9166666667	55.0,-1.5044444444	54.9791666667,-1.5111111111	54.7833333333,-1.5747222222	54.8036111111,-1.6113888889	54.9216666667,-1.8827777778	54.9472222222,-1.9336111111	55.0,-1.9166666667
