20
145	285	1504238400	1504299599	6	53.2625,-4.7388888889	53.2561111111,-4.7377777778	53.2513888889,-4.7388888889	53.2552777778,-4.8591666667	53.2652777778,-4.8591666667	53.2625,-4.7388888889
55	285	1504238400	1504299599	11	53.4402777778,-3.8555555556	53.4308333333,-3.6644444444	53.4280555556,-3.6086111111	53.4197222222,-3.4183333333	53.3886111111,-3.4136111111	53.3883333333,-3.4136111111	53.3861111111,-3.4138888889	53.3936111111,-3.5805555556	53.4069444444,-3.8555555556	53.4361111111,-3.8547222222	53.4402777778,-3.8555555556
245	285	1504238400	1504299599	6	53.2611111111,-5.0	53.2680555556,-5.1833333333	53.2711111111,-5.1833333333	53.275,-5.1833333333	53.2680555556,-5.0	53.2611111111,-5.0
245	285	1504238400	1504299599	5	53.2652777778,-4.8591666667	53.2552777778,-4.8591666667	53.2611111111,-5.0	53.2680555556,-5.0	53.2652777778,-4.8591666667
245	285	1504238400	1504299599	7	53.6916666667,-5.5	53.6722222222,-4.8394444444	53.6602777778,-4.8394444444	53.6416666667,-4.8394444444	53.6666666667,-5.5	53.68,-5.5	53.6916666667,-5.5
245	285	1504238400	1504299599	7	53.4963888889,-5.5	53.4775,-4.8580555556	53.4608333333,-4.8580555556	53.4441666667,-4.8580555556	53.4633333333,-5.5	53.48,-5.5	53.4963888889,-5.5
245	285	1504238400	1504299599	7	53.275,-5.1833333333	53.2711111111,-5.1833333333	53.2680555556,-5.1833333333	53.2763888889,-5.5	53.2802777778,-5.5	53.2841666667,-5.5	53.275,-5.1833333333
45	285	1504238400	1504299599	4	53.6188888889,-3.4486111111	53.5444444444,-3.4372222222	53.6255555556,-3.6305555556	53.6188888889,-3.4486111111
45	285	1504238400	1504299599	14	53.6416666667,-4.8394444444	53.6602777778,-4.8394444444	53.6722222222,-4.8394444444	53.6483333333,-4.1458333333	53.6472222222,-4.1177777778	53.6452777778,-4.0488888889	53.6427777778,-3.9780555556	53.6352777778,-3.7577777778	53.635,-3.7480555556	53.6,-3.6672222222	53.6113888889,-3.9863888889	53.6133333333,-4.0416666667	53.6138888889,-4.0638888889	53.6416666667,-4.8394444444
45	285	1504238400	1504299599	4	53.3861111111,-3.4138888889	53.3186111111,-3.4186111111	53.3936111111,-3.5805555556	53.3861111111,-3.4138888889
45	285	1504238400	1504299599	10	53.6533333333,-3.7916666667	53.635,-3.7480555556	53.6352777778,-3.7577777778	53.8008333333,-4.4641666667	53.6472222222,-4.1177777778	53.6483333333,-4.1458333333	53.8016666667,-4.4911111111	53.8166666667,-4.4777777778	53.7666666667,-4.2925	53.6533333333,-3.7916666667
45	285	1504238400	1504299599	12	53.84,-4.1572222222	53.6930555556,-3.7944444444	53.6255555556,-3.6305555556	53.5444444444,-3.4372222222	53.4991666667,-3.43	53.6,-3.6672222222	53.635,-3.7480555556	53.6533333333,-3.7916666667	53.6736111111,-3.8388888889	53.8205555556,-4.2016666667	53.8311111111,-4.1825	53.84,-4.1572222222
45	285	1504238400	1504299599	9	53.6113888889,-3.9863888889	53.4711111111,-3.4261111111	53.4569444444,-3.4244444444	53.61,-4.0255555556	53.4280555556,-3.6086111111	53.4308333333,-3.6644444444	53.6138888889,-4.0638888889	53.6133333333,-4.0416666667	53.6113888889,-3.9863888889
50	255	1504238400	1504299599	7	54.0019444444,-4.0377777778	53.9375,-3.4986111111	53.93,-3.4963888889	53.9038888889,-3.4927777778	53.9686111111,-4.0377777778	53.9852777778,-4.0391666667	54.0019444444,-4.0377777778
65	285	1504238400	1504299599	7	53.9161111111,-4.3430555556	53.84,-4.1572222222	53.8311111111,-4.1825	53.8205555556,-4.2016666667	53.8966666667,-4.3875	53.9052777778,-4.3641666667	53.9161111111,-4.3430555556
65	285	1504238400	1504299599	5	53.8788888889,-4.4072222222	53.7913888889,-4.2472222222	53.7758333333,-4.2722222222	53.8638888889,-4.4244444444	53.8788888889,-4.4072222222
75	285	1504238400	1504299599	7	53.4775,-4.8580555556	53.47,-4.6352777778	53.4533333333,-4.6352777778	53.4366666667,-4.6352777778	53.4441666667,-4.8580555556	53.4608333333,-4.8580555556	53.4775,-4.8580555556
75	285	1504238400	1504299599	7	53.47,-4.6352777778	53.445,-3.9677777778	53.4283333333,-3.9677777778	53.4116666667,-3.9677777778	53.4366666667,-4.6352777778	53.4533333333,-4.6352777778	53.47,-4.6352777778
75	285	1504238400	1504299599	7	53.445,-3.9677777778	53.4402777778,-3.8555555556	53.4361111111,-3.8547222222	53.4069444444,-3.8555555556	53.4116666667,-3.9677777778	53.4283333333,-3.9677777778	53.445,-3.9677777778
205	285	1504238400	1504299599	7	53.2091666667,-3.4266666667	53.2072222222,-3.4266666667	53.2030555556,-3.4266666667	53.2513888889,-4.7388888889	53.2561111111,-4.7377777778	53.2625,-4.7388888889	53.2091666667,-3.4266666667
