14
165	255	1504224000	1504310399	8	54.0388888889,-4.6477777778	53.9161111111,-4.3430555556	53.9052777778,-4.3641666667	53.8966666667,-4.3875	53.9769444444,-4.5869444444	54.0194444444,-4.6922222222	54.0291666667,-4.67	54.0388888889,-4.6477777778
165	255	1504224000	1504310399	4	53.9686111111,-4.0377777778	53.9522222222,-4.1322222222	53.9816666667,-4.1461111111	53.9686111111,-4.0377777778
165	255	1504224000	1504310399	4	53.9769444444,-4.5869444444	53.8966666667,-4.3875	53.8788888889,-4.4072222222	53.9769444444,-4.5869444444
165	255	1504224000	1504310399	6	54.0194444444,-4.6922222222	53.8638888889,-4.4244444444	53.8166666667,-4.4777777778	53.935,-4.8869444444	53.975,-4.7947222222	54.0194444444,-4.6922222222
165	255	1504224000	1504310399	6	54.0411111111,-4.6430555556	53.9816666667,-4.1461111111	53.9522222222,-4.1322222222	53.9161111111,-4.3430555556	54.0388888889,-4.6477777778	54.0411111111,-4.6430555556
165	255	1504224000	1504310399	5	54.1416666667,-4.2225	54.0472222222,-3.9666666667	54.0019444444,-4.0377777778	54.015,-4.1622222222	54.1416666667,-4.2225
165	255	1504224000	1504310399	5	54.0605555556,-4.5986111111	54.015,-4.1622222222	53.9816666667,-4.1461111111	54.0411111111,-4.6430555556	54.0605555556,-4.5986111111
165	255	1504224000	1504310399	5	54.0194444444,-4.6922222222	53.9769444444,-4.5869444444	53.8788888889,-4.4072222222	53.8638888889,-4.4244444444	54.0194444444,-4.6922222222
165	255	1504224000	1504310399	6	54.0019444444,-4.0377777778	53.9852777778,-4.0391666667	53.9686111111,-4.0377777778	53.9816666667,-4.1461111111	54.015,-4.1622222222	54.0019444444,-4.0377777778
165	255	1504224000	1504310399	6	54.1794444444,-4.325	54.1416666667,-4.2225	54.015,-4.1622222222	54.0605555556,-4.5986111111	54.0813888889,-4.5511111111	54.1794444444,-4.325
245	255	1504224000	1504310399	7	53.8047222222,-5.5	53.795,-5.1863888889	53.7572222222,-5.2788888889	53.7633333333,-5.5	53.7666666667,-5.5	53.7672222222,-5.5	53.8047222222,-5.5
0	255	1504224000	1504310399	35	55.0833333333,-5.15	55.0,-4.9	55.0366666667,-4.8666666667	55.1666666667,-4.75	55.135,-4.5005555556	55.1,-4.2333333333	54.5,-3.45	54.5,-3.5833333333	54.2097222222,-4.255	54.2333333333,-4.3	54.25,-4.3666666667	54.2383333333,-4.4444444444	54.1819444444,-4.8638888889	54.2697222222,-5.0052777778	54.2011111111,-5.0875	54.135,-5.1716666667	54.0833333333,-5.0333333333	54.0333333333,-5.0333333333	53.9930555556,-5.0361111111	53.935,-4.8869444444	53.795,-5.1863888889	53.8047222222,-5.5	53.9166666667,-5.5	53.965,-5.7422222222	54.0233333333,-6.0391666667	54.0288888889,-6.0661111111	54.0544444444,-6.2033333333	54.0683333333,-6.2697222222	54.095,-6.4097222222	54.4647222222,-6.385	54.4333333333,-6.1736111111	54.1833333333,-5.9077777778	54.9263888889,-5.285	54.9541666667,-5.2583333333	55.0833333333,-5.15
105	255	1504224000	1504310399	12	54.1833333333,-5.9077777778	54.4333333333,-6.1736111111	54.4647222222,-6.385	54.4666666667,-6.4166666667	54.5666666667,-6.5333333333	54.6666666667,-6.5833333333	54.7666666667,-6.5333333333	54.85,-6.4166666667	54.9,-5.5	54.9541666667,-5.2583333333	54.9263888889,-5.285	54.1833333333,-5.9077777778
65	255	1504224000	1504310399	21	54.2697222222,-5.0052777778	54.1819444444,-4.8638888889	54.2383333333,-4.4444444444	54.25,-4.3666666667	54.2333333333,-4.3	54.2097222222,-4.255	54.1794444444,-4.325	54.0813888889,-4.5511111111	54.0605555556,-4.5986111111	54.0411111111,-4.6430555556	54.0388888889,-4.6477777778	54.0291666667,-4.67	54.0194444444,-4.6922222222	53.975,-4.7947222222	53.935,-4.8869444444	53.9930555556,-5.0361111111	54.0333333333,-5.0333333333	54.0833333333,-5.0333333333	54.135,-5.1716666667	54.2011111111,-5.0875	54.2697222222,-5.0052777778
