16
355	999	1504242000	1504295999	10	51.0438888889,0.8152777778	50.9783333333,0.965	50.9536111111,1.0211111111	50.9488888889,1.0322222222	50.925,1.0866666667	50.6788888889,1.4547222222	50.6666666667,1.4666666667	50.6622222222,1.4547222222	50.9844444444,0.0236111111	51.0438888889,0.8152777778
315	999	1504242000	1504295999	6	51.3433333333,1.6083333333	51.3333333333,1.6083333333	51.3083333333,1.6	51.3247222222,1.5113888889	51.3613888889,1.5158333333	51.3433333333,1.6083333333
315	999	1504242000	1504295999	7	51.4083333333,1.6119444444	51.3833333333,1.6	51.3666666667,1.6166666667	51.3433333333,1.6083333333	51.3613888889,1.5158333333	51.4133333333,1.5219444444	51.4083333333,1.6119444444
315	999	1504242000	1504295999	6	51.3247222222,1.5113888889	51.3083333333,1.6	51.2833333333,1.5916666667	51.2666666667,1.55	51.2583333333,1.5	51.3247222222,1.5113888889
315	999	1504242000	1504295999	22	51.4133333333,1.5219444444	51.3613888889,1.5158333333	51.3247222222,1.5113888889	51.2583333333,1.5	51.2394444444,1.5011111111	51.0,1.4666666667	50.9666666667,1.4666666667	50.9577777778,1.4666666667	50.9211111111,1.4666666667	50.9161111111,1.4666666667	50.9055555556,1.4666666667	50.9044444444,1.4666666667	51.0180555556,1.3088888889	51.4511111111,0.7994444444	51.4508333333,0.8333333333	51.4494444444,0.9255555556	51.4355555556,1.1213888889	51.4313888889,1.2005555556	51.4305555556,1.2161111111	51.4283333333,1.2583333333	51.4222222222,1.3658333333	51.4133333333,1.5219444444
315	999	1504242000	1504295999	16	51.2583333333,1.5	51.2666666667,1.55	51.2833333333,1.5916666667	51.3083333333,1.6	51.2152777778,2.0	51.2119444444,2.0	51.1969444444,2.0	51.1308333333,2.0	51.1166666667,2.0	51.0586111111,1.7322222222	51.0447222222,1.6697222222	51.0327777778,1.6155555556	51.02,1.555	51.0,1.4666666667	51.2394444444,1.5011111111	51.2583333333,1.5
315	999	1504242000	1504295999	12	51.3833333333,2.0	51.3591666667,2.0	51.33,2.0	51.2463888889,2.0	51.2152777778,2.0	51.3083333333,1.6	51.3333333333,1.6083333333	51.3433333333,1.6083333333	51.3666666667,1.6166666667	51.3833333333,1.6	51.4083333333,1.6119444444	51.3833333333,2.0
305	999	1504242000	1504295999	8	50.9044444444,1.4666666667	50.8569444444,1.4666666667	50.7794444444,1.4666666667	50.75,1.4666666667	50.6666666667,1.4666666667	50.6788888889,1.4547222222	50.925,1.0866666667	50.9044444444,1.4666666667
305	999	1504242000	1504295999	10	51.2980555556,0.1683333333	51.1430555556,0.5863888889	51.0438888889,0.8152777778	50.9844444444,0.0236111111	51.0269444444,-0.0333333333	51.0861111111,-0.11	51.1480555556,-0.1902777778	51.2516666667,0.0580555556	51.2827777778,0.1313888889	51.2980555556,0.1683333333
305	999	1504242000	1504295999	27	51.9386111111,-0.13	51.9261111111,-0.1177777778	51.8911111111,-0.0841666667	51.8391666667,-0.035	51.8002777778,0.0022222222	51.7533333333,0.0811111111	51.7044444444,0.155	51.5919444444,0.3336111111	51.5733333333,0.3627777778	51.5263888889,0.4375	51.4541666667,0.55	51.4311111111,0.4961111111	51.4058333333,0.4341666667	51.2980555556,0.1683333333	51.2827777778,0.1313888889	51.2516666667,0.0580555556	51.1480555556,-0.1902777778	51.2188888889,-0.2661111111	51.3194444444,-0.3719444444	51.6730555556,-0.7616666667	51.8405555556,-0.9486111111	51.8530555556,-0.9625	51.8972222222,-0.7605555556	51.8005555556,-0.6411111111	51.8747222222,-0.3683333333	51.9091666667,-0.2402777778	51.9386111111,-0.13
305	999	1504242000	1504295999	14	52.1608333333,-0.8283333333	52.0669444444,-0.6088888889	52.0,-0.4519444444	51.9091666667,-0.2402777778	51.8747222222,-0.3683333333	51.8005555556,-0.6411111111	51.8972222222,-0.7605555556	51.8530555556,-0.9625	51.8716666667,-0.9927777778	51.9027777778,-1.0447222222	52.0,-1.2072222222	52.0886111111,-0.9988888889	52.1005555556,-0.9705555556	52.1608333333,-0.8283333333
305	999	1504242000	1504295999	11	50.7122222222,1.7347222222	50.6569444444,1.6363888889	50.6286111111,1.5863888889	50.6019444444,1.5388888889	50.6622222222,1.4547222222	50.6666666667,1.4666666667	50.75,1.4666666667	50.7794444444,1.4666666667	50.8569444444,1.4666666667	50.9044444444,1.4666666667	50.7122222222,1.7347222222
305	999	1504242000	1504295999	7	51.0180555556,1.3088888889	50.9044444444,1.4666666667	50.925,1.0866666667	50.9488888889,1.0322222222	50.9536111111,1.0211111111	50.9783333333,0.965	51.0180555556,1.3088888889
305	999	1504242000	1504295999	9	51.4511111111,0.7994444444	51.0180555556,1.3088888889	50.9783333333,0.965	51.0438888889,0.8152777778	51.1430555556,0.5863888889	51.4541666667,0.55	51.4552777778,0.6041666667	51.4527777778,0.7275	51.4511111111,0.7994444444
305	999	1504242000	1504295999	22	52.0411111111,0.2566666667	51.9394444444,0.3772222222	51.7372222222,0.5955555556	51.5286111111,0.8330555556	51.4494444444,0.9255555556	51.4508333333,0.8333333333	51.4511111111,0.7994444444	51.4527777778,0.7275	51.4552777778,0.6041666667	51.4541666667,0.55	51.5263888889,0.4375	51.5733333333,0.3627777778	51.5919444444,0.3336111111	51.7044444444,0.155	51.7533333333,0.0811111111	51.8002777778,0.0022222222	51.8391666667,-0.035	51.8911111111,-0.0841666667	51.9261111111,-0.1177777778	51.9386111111,-0.13	51.9897222222,0.0619444444	52.0411111111,0.2566666667
305	999	1504242000	1504295999	6	51.1430555556,0.5863888889	51.2980555556,0.1683333333	51.4058333333,0.4341666667	51.4311111111,0.4961111111	51.4541666667,0.55	51.1430555556,0.5863888889
