12
335	999	1504243800	1504245599	4	53.6188888889,-3.4486111111	53.5444444444,-3.4372222222	53.6255555556,-3.6305555556	53.6188888889,-3.4486111111
335	999	1504243800	1504245599	29	53.6902777778,-3.4594444444	53.6841666667,-3.3194444444	53.6783333333,-3.195	53.6766666667,-3.1611111111	53.6630555556,-2.8733333333	53.6002777778,-2.5961111111	53.5288888889,-2.2833333333	53.3763888889,-2.1386111111	53.2069444444,-1.9788888889	53.1747222222,-2.0991666667	52.9633333333,-2.5294444444	52.85,-2.7580555556	52.8925,-2.8372222222	53.0666666667,-3.1602777778	53.1366666667,-3.2933333333	53.2030555556,-3.4266666667	53.2072222222,-3.4266666667	53.2091666667,-3.4266666667	53.3186111111,-3.4186111111	53.3861111111,-3.4138888889	53.3883333333,-3.4136111111	53.3886111111,-3.4136111111	53.4197222222,-3.4183333333	53.4569444444,-3.4244444444	53.4711111111,-3.4261111111	53.4991666667,-3.43	53.5444444444,-3.4372222222	53.6188888889,-3.4486111111	53.6902777778,-3.4594444444
335	999	1504243800	1504245599	12	54.5,-3.2666666667	54.25,-3.0880555556	54.25,-3.25	54.25,-3.2666666667	54.25,-3.2833333333	54.25,-3.4088888889	54.25,-3.5	54.25,-3.5513888889	54.3397222222,-3.5661111111	54.5,-3.5833333333	54.5,-3.45	54.5,-3.2666666667
335	999	1504243800	1504245599	16	53.9741666667,-1.6066666667	53.9611111111,-1.5647222222	53.9413888889,-1.5013888889	53.7180555556,-1.2686111111	53.6775,-1.2386111111	53.5205555556,-1.1175	53.31,-0.9569444444	53.2783333333,-1.0419444444	53.2055555556,-1.2502777778	53.3791666667,-1.3688888889	53.4911111111,-1.4172222222	53.6522222222,-1.4675	53.6613888889,-1.3397222222	53.9516666667,-1.5616666667	53.9680555556,-1.5947222222	53.9741666667,-1.6066666667
335	999	1504243800	1504245599	7	53.2030555556,-3.4266666667	53.1366666667,-3.2933333333	52.9063888889,-3.3105555556	52.9083333333,-3.3666666667	52.9102777778,-3.4480555556	53.1008333333,-3.4344444444	53.2030555556,-3.4266666667
335	999	1504243800	1504245599	12	52.8944444444,-2.8983333333	52.895,-2.9130555556	52.8966666667,-2.9772222222	52.8972222222,-3.0038888889	52.9019444444,-3.1563888889	52.9027777778,-3.19	52.9063888889,-3.3105555556	53.1366666667,-3.2933333333	53.0666666667,-3.1602777778	52.8925,-2.8372222222	52.8938888889,-2.8797222222	52.8944444444,-2.8983333333
335	999	1504243800	1504245599	7	53.31,-0.9569444444	53.1069444444,-0.77	53.1386111111,-1.0527777778	53.1713888889,-1.3452777778	53.2055555556,-1.2502777778	53.2783333333,-1.0419444444	53.31,-0.9569444444
335	999	1504243800	1504245599	45	54.25,-2.675	54.1466666667,-2.5758333333	54.0119444444,-2.4622222222	54.0125,-2.4358333333	54.0161111111,-2.2897222222	54.0225,-1.9891666667	54.0230555556,-1.9591666667	54.0244444444,-1.8705555556	54.0255555556,-1.7905555556	54.0269444444,-1.7122222222	54.0294444444,-1.5872222222	53.9611111111,-1.5647222222	53.9516666667,-1.5616666667	53.6522222222,-1.4675	53.4911111111,-1.4172222222	53.3791666667,-1.3688888889	53.2055555556,-1.2502777778	53.1713888889,-1.3452777778	53.0777777778,-1.6041666667	53.0538888889,-1.67	53.0077777778,-1.7936111111	53.2069444444,-1.9788888889	53.3763888889,-2.1386111111	53.5288888889,-2.2833333333	53.6002777778,-2.5961111111	53.6630555556,-2.8733333333	53.6766666667,-3.1611111111	53.6783333333,-3.195	53.6841666667,-3.3194444444	53.6902777778,-3.4594444444	53.8380555556,-3.4819444444	53.8877777778,-3.4897222222	53.9038888889,-3.4927777778	53.93,-3.4963888889	53.9375,-3.4986111111	54.25,-3.5513888889	54.25,-3.5	54.25,-3.4088888889	54.25,-3.2833333333	54.25,-3.2666666667	54.25,-3.25	54.25,-3.0880555556	54.25,-3.0822222222	54.25,-3.0	54.25,-2.675
335	999	1504243800	1504245599	49	53.8994444444,-4.1022222222	53.6972222222,-3.6147222222	53.6902777778,-3.4594444444	53.6188888889,-3.4486111111	53.6255555556,-3.6305555556	53.5444444444,-3.4372222222	53.4991666667,-3.43	53.4711111111,-3.4261111111	53.4569444444,-3.4244444444	53.4197222222,-3.4183333333	53.3886111111,-3.4136111111	53.3883333333,-3.4136111111	53.3861111111,-3.4138888889	53.3186111111,-3.4186111111	53.2091666667,-3.4266666667	53.2072222222,-3.4266666667	53.2030555556,-3.4266666667	53.1008333333,-3.4344444444	52.9102777778,-3.4480555556	52.9286111111,-4.2463888889	53.1116666667,-4.8836111111	53.1425,-5.0	53.1863888889,-5.2044444444	53.25,-5.5	53.2763888889,-5.5	53.2802777778,-5.5	53.2841666667,-5.5	53.3833333333,-5.5	53.4633333333,-5.5	53.48,-5.5	53.4963888889,-5.5	53.6666666667,-5.5	53.68,-5.5	53.6916666667,-5.5	53.7633333333,-5.5	53.7666666667,-5.5	53.7672222222,-5.5	53.8047222222,-5.5	53.795,-5.1863888889	53.7805555556,-4.8152777778	53.7713888889,-4.52	53.8016666667,-4.4911111111	53.8166666667,-4.4777777778	53.8638888889,-4.4244444444	53.8788888889,-4.4072222222	53.8966666667,-4.3875	53.9052777778,-4.3641666667	53.9161111111,-4.3430555556	53.8994444444,-4.1022222222
335	999	1504243800	1504245599	4	54.0294444444,-1.5872222222	53.9413888889,-1.5013888889	53.9611111111,-1.5647222222	54.0294444444,-1.5872222222
335	999	1504243800	1504245599	7	54.5,-2.8788888889	54.25,-2.675	54.25,-3.0	54.25,-3.0822222222	54.25,-3.0880555556	54.5,-3.2666666667	54.5,-2.8788888889
335	999	1504243800	1504245599	4	53.9516666667,-1.5616666667	53.6613888889,-1.3397222222	53.6522222222,-1.4675	53.9516666667,-1.5616666667
