63
195	335	1504245600	1504299599	7	52.6630555556,-4.7636111111	52.4369444444,-4.3644444444	52.4311111111,-4.3725	52.425,-4.3838888889	52.6516666667,-4.7813888889	52.6583333333,-4.7713888889	52.6630555556,-4.7636111111
245	335	1504245600	1504299599	6	52.7666666667,-3.0569444444	52.8966666667,-2.9772222222	52.895,-2.9130555556	52.7113888889,-2.9280555556	52.5825,-2.9088888889	52.7666666667,-3.0569444444
245	335	1504245600	1504299599	9	52.2441666667,-3.2055555556	52.5705555556,-3.1805555556	52.7380555556,-3.0752777778	52.5083333333,-2.8972222222	52.0,-2.9413888889	52.0,-3.2241666667	52.2108333333,-3.2080555556	52.2402777778,-3.2244444444	52.2441666667,-3.2055555556
245	335	1504245600	1504299599	26	53.1425,-5.0	53.1116666667,-4.8836111111	52.9286111111,-4.2463888889	52.9102777778,-3.4480555556	52.9083333333,-3.3666666667	52.9063888889,-3.3105555556	52.9027777778,-3.19	52.7222222222,-3.2038888889	52.2577777778,-3.2377777778	52.2402777778,-3.2244444444	52.2241666667,-3.24	52.0,-3.2575	52.0302777778,-3.5102777778	52.0894444444,-3.9802777778	52.5972222222,-4.8644444444	52.6516666667,-4.7813888889	52.425,-4.3838888889	52.4311111111,-4.3725	52.4369444444,-4.3644444444	52.6630555556,-4.7636111111	52.7191666667,-4.6780555556	52.8386111111,-4.8886111111	52.8997222222,-5.0	52.9675,-5.0	53.0008333333,-5.0	53.1425,-5.0
245	335	1504245600	1504299599	14	52.8925,-2.8372222222	52.85,-2.7580555556	52.8458333333,-2.7577777778	52.6969444444,-2.6305555556	52.5475,-2.5038888889	52.2733333333,-2.2044444444	52.1622222222,-2.0841666667	52.1541666667,-2.0755555556	52.0002777778,-2.7833333333	52.0,-2.8961111111	52.5108333333,-2.8558333333	52.7113888889,-2.8794444444	52.8938888889,-2.8797222222	52.8925,-2.8372222222
245	335	1504245600	1504299599	5	52.8619444444,-3.1597222222	52.7533333333,-3.0894444444	52.6019444444,-3.1805555556	52.7222222222,-3.1713888889	52.8619444444,-3.1597222222
245	335	1504245600	1504299599	10	53.1947222222,-5.5	53.1863888889,-5.2044444444	53.1425,-5.0	53.0008333333,-5.0	52.9675,-5.0	52.8997222222,-5.0	53.05,-5.27	53.1761111111,-5.5	53.1844444444,-5.5	53.1947222222,-5.5
245	335	1504245600	1504299599	5	52.9019444444,-3.1563888889	52.8972222222,-3.0038888889	52.7816666667,-3.0722222222	52.885,-3.1569444444	52.9019444444,-3.1563888889
245	335	1504245600	1504299599	14	53.1761111111,-5.5	53.05,-5.27	52.8997222222,-5.0	52.8386111111,-4.8886111111	52.7191666667,-4.6780555556	52.6630555556,-4.7636111111	52.6583333333,-4.7713888889	52.6516666667,-4.7813888889	52.5972222222,-4.8644444444	52.9513888889,-5.5	53.05,-5.5	53.0638888889,-5.5	53.0847222222,-5.5	53.1761111111,-5.5
265	335	1504245600	1504299599	11	51.5908333333,-3.2677777778	51.5541666667,-2.9925	51.4544444444,-3.0111111111	51.3880555556,-3.0255555556	51.3888888889,-3.0605555556	51.4055555556,-3.0766666667	51.415,-3.1063888889	51.3975,-3.1480555556	51.42,-3.2980555556	51.4722222222,-3.2880555556	51.5908333333,-3.2677777778
265	335	1504245600	1504299599	7	51.8863888889,-3.0261111111	51.8797222222,-3.0388888889	51.7808333333,-3.2402777778	51.795,-3.2397222222	51.8852777778,-3.07	51.8897222222,-3.0611111111	51.8863888889,-3.0261111111
265	335	1504245600	1504299599	5	51.7808333333,-3.2402777778	51.7441666667,-2.9583333333	51.7291666667,-2.9602777778	51.7677777778,-3.2408333333	51.7808333333,-3.2402777778
265	335	1504245600	1504299599	11	52.1541666667,-2.0755555556	51.9830555556,-1.89	51.8916666667,-1.7925	51.7977777778,-1.6933333333	51.6905555556,-2.0	51.6819444444,-2.0	51.7391666667,-2.2155555556	51.8305555556,-2.5394444444	51.8608333333,-2.7833333333	52.0002777778,-2.7833333333	52.1541666667,-2.0755555556
265	335	1504245600	1504299599	6	51.8608333333,-2.7833333333	51.8305555556,-2.5394444444	51.8177777778,-2.5461111111	51.8108333333,-2.5519444444	51.8444444444,-2.7833333333	51.8608333333,-2.7833333333
265	335	1504245600	1504299599	11	51.4283333333,-2.0908333333	51.4144444444,-2.0	51.4,-2.0	51.3866666667,-2.0	51.2888888889,-2.0	51.2691666667,-2.0913888889	51.3658333333,-2.8333333333	51.3825,-2.8333333333	51.3805555556,-2.7155555556	51.4025,-2.4269444444	51.4283333333,-2.0908333333
265	335	1504245600	1504299599	11	51.7397222222,-3.2436111111	51.7086111111,-2.9619444444	51.7044444444,-2.9241666667	51.6769444444,-2.6730555556	51.6625,-2.6783333333	51.6452777778,-2.6841666667	51.6755555556,-2.9302777778	51.6797222222,-2.9666666667	51.715,-3.2466666667	51.725,-3.245	51.7397222222,-3.2436111111
265	335	1504245600	1504299599	4	51.3825,-2.8333333333	51.3658333333,-2.8333333333	51.3855555556,-2.9727777778	51.3825,-2.8333333333
265	335	1504245600	1504299599	5	51.7394444444,-2.9211111111	51.7022222222,-2.6636111111	51.6888888889,-2.6688888889	51.7236111111,-2.9222222222	51.7394444444,-2.9211111111
265	335	1504245600	1504299599	10	52.0,-2.8961111111	51.9461111111,-2.9016666667	51.8761111111,-2.9083333333	51.8791666667,-2.9458333333	51.9263888889,-2.9455555556	51.8863888889,-3.0261111111	51.8897222222,-3.0611111111	51.9461111111,-2.9458333333	52.0,-2.9413888889	52.0,-2.8961111111
265	335	1504245600	1504299599	9	51.3813888889,-2.7175	51.4047222222,-2.4269444444	51.4288888889,-2.1008333333	51.4366666667,-2.0	51.435,-2.0	51.4283333333,-2.0908333333	51.4025,-2.4269444444	51.3805555556,-2.7155555556	51.3813888889,-2.7175
265	335	1504245600	1504299599	5	51.6755555556,-2.9302777778	51.5816666667,-2.9491666667	51.5863888889,-2.9844444444	51.6797222222,-2.9666666667	51.6755555556,-2.9302777778
265	335	1504245600	1504299599	7	51.5488888889,-2.9561111111	51.4733333333,-2.9652777778	51.3875,-2.9725	51.3880555556,-3.0255555556	51.4544444444,-3.0111111111	51.5541666667,-2.9925	51.5488888889,-2.9561111111
265	335	1504245600	1504299599	6	52.0002777778,-2.7833333333	51.8608333333,-2.7833333333	51.8761111111,-2.9083333333	51.9461111111,-2.9016666667	52.0,-2.8961111111	52.0002777778,-2.7833333333
265	335	1504245600	1504299599	6	51.415,-3.1063888889	51.4055555556,-3.0766666667	51.3888888889,-3.0605555556	51.3869444444,-3.0588888889	51.3975,-3.1480555556	51.415,-3.1063888889
265	335	1504245600	1504299599	6	51.5488888889,-2.9561111111	51.5316666667,-2.825	51.3847222222,-2.8333333333	51.3875,-2.9725	51.4733333333,-2.9652777778	51.5488888889,-2.9561111111
265	335	1504245600	1504299599	6	51.6755555556,-2.9302777778	51.6452777778,-2.6841666667	51.5805555556,-2.7072222222	51.5569444444,-2.7641666667	51.5816666667,-2.9491666667	51.6755555556,-2.9302777778
265	335	1504245600	1504299599	7	51.5316666667,-2.825	51.5180555556,-2.7230555556	51.4288888889,-2.1008333333	51.4047222222,-2.4269444444	51.3813888889,-2.7175	51.3847222222,-2.8333333333	51.5316666667,-2.825
265	335	1504245600	1504299599	6	51.6080555556,-2.0605555556	51.5988888889,-2.0	51.5694444444,-2.0	51.5747222222,-2.0605555556	51.6044444444,-2.0605555556	51.6080555556,-2.0605555556
265	335	1504245600	1504299599	8	51.8305555556,-2.5394444444	51.7391666667,-2.2155555556	51.6819444444,-2.0	51.6583333333,-2.0	51.7075,-2.1805555556	51.8108333333,-2.5519444444	51.8177777778,-2.5461111111	51.8305555556,-2.5394444444
265	335	1504245600	1504299599	4	51.4927777778,-3.5908333333	51.4516666667,-3.5236111111	51.4630555556,-3.6141666667	51.4927777778,-3.5908333333
265	335	1504245600	1504299599	8	51.5513888889,-2.7230555556	51.5030555556,-2.3844444444	51.4477777778,-2.0	51.4430555556,-2.0	51.4366666667,-2.0	51.4288888889,-2.1008333333	51.5180555556,-2.7230555556	51.5513888889,-2.7230555556
265	335	1504245600	1504299599	8	52.0,-3.2575	51.9580555556,-3.2605555556	51.8913888889,-3.2661111111	51.8627777778,-3.2683333333	51.7438888889,-3.2766666667	51.8394444444,-3.8891666667	51.9238888889,-3.9205555556	52.0,-3.2575
265	335	1504245600	1504299599	4	51.435,-2.0	51.4144444444,-2.0	51.4283333333,-2.0908333333	51.435,-2.0
265	335	1504245600	1504299599	8	51.8044444444,-3.8772222222	51.7188888889,-3.2791666667	51.4827777778,-3.3213888889	51.425,-3.3319444444	51.4516666667,-3.5236111111	51.4927777778,-3.5908333333	51.6280555556,-3.8133333333	51.8044444444,-3.8772222222
265	335	1504245600	1504299599	5	51.5569444444,-2.7641666667	51.5513888889,-2.7230555556	51.5180555556,-2.7230555556	51.5316666667,-2.825	51.5569444444,-2.7641666667
265	335	1504245600	1504299599	12	52.0,-2.9413888889	51.9461111111,-2.9458333333	51.8897222222,-3.0611111111	51.8852777778,-3.07	51.795,-3.2397222222	51.8580555556,-3.235	51.8913888889,-3.2327777778	51.9066666667,-3.2313888889	51.9122222222,-3.2311111111	51.9572222222,-3.2275	52.0,-3.2241666667	52.0,-2.9413888889
265	335	1504245600	1504299599	4	51.2888888889,-2.0	51.2575,-2.0	51.2691666667,-2.0913888889	51.2888888889,-2.0
265	335	1504245600	1504299599	5	51.4927777778,-3.5908333333	51.4630555556,-3.6141666667	51.4847222222,-3.7616666667	51.6280555556,-3.8133333333	51.4927777778,-3.5908333333
265	335	1504245600	1504299599	8	51.9263888889,-2.9455555556	51.8791666667,-2.9458333333	51.8680555556,-2.9458333333	51.7441666667,-2.9583333333	51.7808333333,-3.2402777778	51.8797222222,-3.0388888889	51.8863888889,-3.0261111111	51.9263888889,-2.9455555556
265	335	1504245600	1504299599	8	51.6769444444,-2.6730555556	51.6736111111,-2.6455555556	51.6044444444,-2.0605555556	51.5747222222,-2.0605555556	51.6341666667,-2.5847222222	51.6452777778,-2.6841666667	51.6625,-2.6783333333	51.6769444444,-2.6730555556
265	335	1504245600	1504299599	5	52.0,-3.2575	51.9238888889,-3.9205555556	52.0894444444,-3.9802777778	52.0302777778,-3.5102777778	52.0,-3.2575
265	335	1504245600	1504299599	8	51.8108333333,-2.5519444444	51.7075,-2.1805555556	51.6583333333,-2.0	51.6083333333,-2.0	51.7022222222,-2.6636111111	51.7436111111,-2.6497222222	51.8444444444,-2.7833333333	51.8108333333,-2.5519444444
265	335	1504245600	1504299599	5	52.0,-3.2241666667	51.9572222222,-3.2275	51.9580555556,-3.2605555556	52.0,-3.2575	52.0,-3.2241666667
265	335	1504245600	1504299599	6	51.6044444444,-2.0605555556	51.6736111111,-2.6455555556	51.6769444444,-2.6730555556	51.6888888889,-2.6688888889	51.6080555556,-2.0605555556	51.6044444444,-2.0605555556
265	335	1504245600	1504299599	25	51.9580555556,-3.2605555556	51.9572222222,-3.2275	51.9122222222,-3.2311111111	51.9066666667,-3.2313888889	51.8913888889,-3.2327777778	51.8580555556,-3.235	51.795,-3.2397222222	51.7808333333,-3.2402777778	51.7677777778,-3.2408333333	51.7397222222,-3.2436111111	51.725,-3.245	51.715,-3.2466666667	51.6233333333,-3.2622222222	51.5908333333,-3.2677777778	51.4722222222,-3.2880555556	51.42,-3.2980555556	51.425,-3.3319444444	51.4827777778,-3.3213888889	51.7188888889,-3.2791666667	51.8044444444,-3.8772222222	51.8394444444,-3.8891666667	51.7438888889,-3.2766666667	51.8627777778,-3.2683333333	51.8913888889,-3.2661111111	51.9580555556,-3.2605555556
265	335	1504245600	1504299599	5	51.7291666667,-2.9602777778	51.7086111111,-2.9619444444	51.7397222222,-3.2436111111	51.7677777778,-3.2408333333	51.7291666667,-2.9602777778
265	335	1504245600	1504299599	11	51.6452777778,-2.6841666667	51.6341666667,-2.5847222222	51.5747222222,-2.0605555556	51.5694444444,-2.0	51.5011111111,-2.0	51.4477777778,-2.0	51.5030555556,-2.3844444444	51.5513888889,-2.7230555556	51.5569444444,-2.7641666667	51.5805555556,-2.7072222222	51.6452777778,-2.6841666667
265	335	1504245600	1504299599	5	51.6888888889,-2.6688888889	51.6769444444,-2.6730555556	51.7044444444,-2.9241666667	51.7236111111,-2.9222222222	51.6888888889,-2.6688888889
265	335	1504245600	1504299599	6	51.8636111111,-2.9105555556	51.8444444444,-2.7833333333	51.7436111111,-2.6497222222	51.7022222222,-2.6636111111	51.7394444444,-2.9211111111	51.8636111111,-2.9105555556
265	335	1504245600	1504299599	11	51.3813888889,-2.7175	51.3805555556,-2.7155555556	51.3825,-2.8333333333	51.3855555556,-2.9727777778	51.3861111111,-3.0263888889	51.3869444444,-3.0588888889	51.3888888889,-3.0605555556	51.3880555556,-3.0255555556	51.3875,-2.9725	51.3847222222,-2.8333333333	51.3813888889,-2.7175
265	335	1504245600	1504299599	6	51.7022222222,-2.6636111111	51.6083333333,-2.0	51.5988888889,-2.0	51.6080555556,-2.0605555556	51.6888888889,-2.6688888889	51.7022222222,-2.6636111111
265	335	1504245600	1504299599	9	51.8636111111,-2.9105555556	51.7394444444,-2.9211111111	51.7236111111,-2.9222222222	51.7044444444,-2.9241666667	51.7086111111,-2.9619444444	51.7291666667,-2.9602777778	51.7441666667,-2.9583333333	51.8680555556,-2.9458333333	51.8636111111,-2.9105555556
265	335	1504245600	1504299599	7	51.8761111111,-2.9083333333	51.8608333333,-2.7833333333	51.8444444444,-2.7833333333	51.8636111111,-2.9105555556	51.8680555556,-2.9458333333	51.8791666667,-2.9458333333	51.8761111111,-2.9083333333
265	335	1504245600	1504299599	5	51.715,-3.2466666667	51.6797222222,-2.9666666667	51.5863888889,-2.9844444444	51.6233333333,-3.2622222222	51.715,-3.2466666667
225	335	1504245600	1504299599	9	51.6233333333,-3.2622222222	51.5863888889,-2.9844444444	51.5816666667,-2.9491666667	51.5569444444,-2.7641666667	51.5316666667,-2.825	51.5488888889,-2.9561111111	51.5541666667,-2.9925	51.5908333333,-3.2677777778	51.6233333333,-3.2622222222
285	335	1504245600	1504299599	5	53.25,-5.5	53.1863888889,-5.2044444444	53.1947222222,-5.5	53.1966666667,-5.5	53.25,-5.5
145	335	1504245600	1504299599	7	52.8966666667,-2.9772222222	52.7666666667,-3.0569444444	52.7380555556,-3.0752777778	52.7533333333,-3.0894444444	52.7816666667,-3.0722222222	52.8972222222,-3.0038888889	52.8966666667,-2.9772222222
145	335	1504245600	1504299599	6	52.8938888889,-2.8797222222	52.7113888889,-2.8794444444	52.7113888889,-2.9280555556	52.895,-2.9130555556	52.8944444444,-2.8983333333	52.8938888889,-2.8797222222
145	335	1504245600	1504299599	8	52.7222222222,-3.1713888889	52.6019444444,-3.1805555556	52.5705555556,-3.1805555556	52.2441666667,-3.2055555556	52.2402777778,-3.2244444444	52.2577777778,-3.2377777778	52.7222222222,-3.2038888889	52.7222222222,-3.1713888889
145	335	1504245600	1504299599	10	52.7113888889,-2.8794444444	52.5108333333,-2.8558333333	52.0,-2.8961111111	52.0,-2.9413888889	52.5083333333,-2.8972222222	52.7380555556,-3.0752777778	52.7666666667,-3.0569444444	52.5825,-2.9088888889	52.7113888889,-2.9280555556	52.7113888889,-2.8794444444
145	335	1504245600	1504299599	6	52.2402777778,-3.2244444444	52.2108333333,-3.2080555556	52.0,-3.2241666667	52.0,-3.2575	52.2241666667,-3.24	52.2402777778,-3.2244444444
145	335	1504245600	1504299599	9	52.9019444444,-3.1563888889	52.885,-3.1569444444	52.7816666667,-3.0722222222	52.7533333333,-3.0894444444	52.8619444444,-3.1597222222	52.7222222222,-3.1713888889	52.7222222222,-3.2038888889	52.9027777778,-3.19	52.9019444444,-3.1563888889
145	335	1504245600	1504299599	5	52.7380555556,-3.0752777778	52.5705555556,-3.1805555556	52.6019444444,-3.1805555556	52.7533333333,-3.0894444444	52.7380555556,-3.0752777778
