11
245	335	1504243800	1504245599	5	51.8238888889,-4.0027777778	51.8044444444,-3.8772222222	51.6280555556,-3.8133333333	51.7591666667,-4.0286111111	51.8238888889,-4.0027777778
245	335	1504243800	1504245599	11	52.6713888889,-5.5	52.7380555556,-5.5	52.7527777778,-5.5	52.9513888889,-5.5	52.5972222222,-4.8644444444	52.0894444444,-3.9802777778	51.9238888889,-3.9205555556	51.9208333333,-3.9641666667	51.8552777778,-3.9902777778	51.9044444444,-4.32	52.6713888889,-5.5
245	335	1504243800	1504245599	5	51.9238888889,-3.9205555556	51.8394444444,-3.8891666667	51.8552777778,-3.9902777778	51.9208333333,-3.9641666667	51.9238888889,-3.9205555556
245	335	1504243800	1504245599	7	52.5536111111,-5.5	52.0158333333,-5.0661111111	52.0244444444,-5.1083333333	52.2452777778,-5.6730555556	52.3333333333,-5.5	52.4166666667,-5.5	52.5536111111,-5.5
245	335	1504243800	1504245599	11	51.9877777778,-5.0858333333	51.9775,-5.0388888889	51.8238888889,-4.0027777778	51.7591666667,-4.0286111111	51.6280555556,-3.8133333333	51.4847222222,-3.7616666667	51.4891666667,-4.2027777778	51.6761111111,-6.0075	51.7552777778,-6.035	51.9502777778,-6.1005555556	51.9877777778,-5.0858333333
245	335	1504243800	1504245599	5	52.1538888889,-5.8513888889	51.9963888889,-5.1233333333	51.9619444444,-6.1044444444	52.0136111111,-6.1222222222	52.1538888889,-5.8513888889
245	335	1504243800	1504245599	4	52.2377777778,-5.6880555556	52.0327777778,-5.15	52.1677777778,-5.8222222222	52.2377777778,-5.6880555556
195	335	1504243800	1504245599	5	52.6713888889,-5.5	51.9044444444,-4.32	52.0108333333,-5.0388888889	52.5552777778,-5.5	52.6713888889,-5.5
165	335	1504243800	1504245599	6	51.8552777778,-3.9902777778	51.8394444444,-3.8891666667	51.8044444444,-3.8772222222	51.8238888889,-4.0027777778	51.8405555556,-3.9983333333	51.8552777778,-3.9902777778
145	335	1504243800	1504245599	6	51.9619444444,-6.1044444444	51.9963888889,-5.1233333333	51.9877777778,-5.0858333333	51.9502777778,-6.1005555556	51.9575,-6.1030555556	51.9619444444,-6.1044444444
145	335	1504243800	1504245599	21	52.5544444444,-5.5	52.5552777778,-5.5	52.0108333333,-5.0388888889	51.9044444444,-4.32	51.8552777778,-3.9902777778	51.8405555556,-3.9983333333	51.8238888889,-4.0027777778	51.9775,-5.0388888889	51.9877777778,-5.0858333333	51.9963888889,-5.1233333333	52.1538888889,-5.8513888889	52.1586111111,-5.8422222222	52.1677777778,-5.8222222222	52.0327777778,-5.15	52.2377777778,-5.6880555556	52.2416666667,-5.6802777778	52.2452777778,-5.6730555556	52.0244444444,-5.1083333333	52.0158333333,-5.0661111111	52.5536111111,-5.5	52.5544444444,-5.5
