17
245	999	1504243800	1504245599	6	52.4252777778,1.1147222222	52.3527777778,1.0013888889	52.3633333333,0.1333333333	52.3983333333,0.1333333333	52.4366666667,0.2227777778	52.4252777778,1.1147222222
245	999	1504243800	1504245599	10	52.2058333333,0.8052777778	52.1513888889,0.8425	52.1408333333,0.6391666667	52.1425,0.6297222222	52.1297222222,0.4472222222	52.1419444444,0.3986111111	52.1841666667,0.2208333333	52.1841666667,0.545	52.1958333333,0.6947222222	52.2058333333,0.8052777778
245	999	1504243800	1504245599	15	52.1513888889,0.8425	52.1202777778,0.8636111111	51.9683333333,0.9666666667	52.0066666667,0.8133333333	52.0125,0.79	51.9072222222,0.8111111111	51.8925,0.8138888889	51.7877777778,0.8347222222	51.7583333333,0.8405555556	51.7516666667,0.7538888889	51.7427777778,0.6686111111	51.7372222222,0.5955555556	51.9394444444,0.3772222222	52.1408333333,0.6391666667	52.1513888889,0.8425
245	999	1504243800	1504245599	4	52.3427777778,0.0247222222	52.2680555556,-0.0041666667	52.3183333333,-0.0622222222	52.3427777778,0.0247222222
245	999	1504243800	1504245599	4	52.3983333333,0.1333333333	52.3633333333,0.1333333333	52.3638888889,0.0486111111	52.3983333333,0.1333333333
245	999	1504243800	1504245599	7	52.1425,0.6297222222	52.1408333333,0.6391666667	51.9394444444,0.3772222222	52.0411111111,0.2566666667	52.1419444444,0.3986111111	52.1297222222,0.4472222222	52.1425,0.6297222222
245	999	1504243800	1504245599	5	51.8144444444,0.9105555556	51.8277777778,0.9483333333	51.7675,1.0186111111	51.7636111111,0.9205555556	51.8144444444,0.9105555556
245	999	1504243800	1504245599	7	52.1202777778,0.8636111111	52.0583333333,1.0136111111	52.0366666667,1.065	51.9752777778,1.2113888889	51.9422222222,1.1302777778	51.9683333333,0.9666666667	52.1202777778,0.8636111111
245	999	1504243800	1504245599	9	52.3011111111,0.9355555556	52.2058333333,0.8052777778	52.1958333333,0.6947222222	52.1841666667,0.545	52.1841666667,0.2208333333	52.1841666667,0.1333333333	52.3413888889,0.1333333333	52.3380555556,0.7916666667	52.3011111111,0.9355555556
245	999	1504243800	1504245599	19	51.9752777778,1.2113888889	51.9052777778,1.3775	51.8894444444,1.4141666667	51.8072222222,1.6083333333	51.7952777778,1.4352777778	51.7938888889,1.4155555556	51.7863888889,1.3	51.7741666667,1.1194444444	51.7675,1.0186111111	51.8277777778,0.9483333333	51.8144444444,0.9105555556	51.7877777778,0.8347222222	51.8925,0.8138888889	51.9072222222,0.8111111111	52.0125,0.79	52.0066666667,0.8133333333	51.9683333333,0.9666666667	51.9422222222,1.1302777778	51.9752777778,1.2113888889
245	999	1504243800	1504245599	5	51.7583333333,0.8405555556	51.7877777778,0.8347222222	51.8144444444,0.9105555556	51.7636111111,0.9205555556	51.7583333333,0.8405555556
245	999	1504243800	1504245599	4	52.3366666667,0.9794444444	52.3136111111,0.9483333333	52.3402777778,0.8405555556	52.3366666667,0.9794444444
245	999	1504243800	1504245599	6	52.3413888889,0.1333333333	52.1841666667,0.1333333333	52.1841666667,0.0911111111	52.2680555556,-0.0041666667	52.3427777778,0.0247222222	52.3413888889,0.1333333333
245	999	1504243800	1504245599	6	52.1841666667,0.2208333333	52.1419444444,0.3986111111	52.0411111111,0.2566666667	52.1841666667,0.0911111111	52.1841666667,0.1333333333	52.1841666667,0.2208333333
215	999	1504243800	1504245599	45	52.4252777778,1.1147222222	52.4033333333,1.4297222222	52.5675,1.9027777778	52.5447222222,2.0894444444	52.5430555556,2.1022222222	52.5413888889,2.1152777778	52.4808333333,2.5525	52.48,2.5586111111	52.4783333333,2.5705555556	52.4772222222,2.5861111111	52.4744444444,2.7780555556	52.365,2.6913888889	52.3172222222,2.6522222222	52.3072222222,2.6438888889	52.2505555556,2.5983333333	52.235,2.5833333333	52.1225,2.4944444444	52.1147222222,2.4880555556	52.1030555556,2.4780555556	51.9505555556,2.3563888889	51.9505555556,2.3558333333	51.9425,2.1527777778	51.9419444444,2.125	51.9363888889,1.9722222222	51.935,1.9361111111	51.9322222222,1.8711111111	51.9311111111,1.8455555556	51.9308333333,1.8333333333	51.9261111111,1.8255555556	51.9138888889,1.8036111111	51.8752777778,1.7333333333	51.8072222222,1.6083333333	51.8894444444,1.4141666667	51.9052777778,1.3775	51.9752777778,1.2113888889	52.0366666667,1.065	52.0583333333,1.0136111111	52.1202777778,0.8636111111	52.1513888889,0.8425	52.2058333333,0.8052777778	52.3011111111,0.9355555556	52.3136111111,0.9483333333	52.3366666667,0.9794444444	52.3527777778,1.0013888889	52.4252777778,1.1147222222
215	999	1504243800	1504245599	9	52.3527777778,1.0013888889	52.3366666667,0.9794444444	52.3402777778,0.8405555556	52.3136111111,0.9483333333	52.3011111111,0.9355555556	52.3380555556,0.7916666667	52.3413888889,0.1333333333	52.3633333333,0.1333333333	52.3527777778,1.0013888889
215	999	1504243800	1504245599	6	52.3633333333,0.1333333333	52.3413888889,0.1333333333	52.3427777778,0.0247222222	52.3561111111,0.0297222222	52.3638888889,0.0486111111	52.3633333333,0.1333333333
