23
245	999	1504243800	1504245599	5	51.7327777778,0.9447222222	51.7086111111,0.8638888889	51.7583333333,0.8405555556	51.7636111111,0.9205555556	51.7327777778,0.9447222222
245	999	1504243800	1504245599	7	51.4894444444,2.0	51.4430555556,2.0	51.4005555556,2.0	51.3833333333,2.0	51.4083333333,1.6119444444	51.5061111111,1.6077777778	51.4894444444,2.0
245	999	1504243800	1504245599	9	51.4988888889,1.5333333333	51.4133333333,1.5219444444	51.4222222222,1.3658333333	51.4283333333,1.2583333333	51.4305555556,1.2161111111	51.57,1.2538888889	51.5655555556,1.3716666667	51.6486111111,1.3986111111	51.4988888889,1.5333333333
245	999	1504243800	1504245599	4	51.6786111111,1.1227777778	51.7127777778,1.0825	51.7213888889,1.2113888889	51.6786111111,1.1227777778
245	999	1504243800	1504245599	5	51.7741666667,1.1194444444	51.7213888889,1.2113888889	51.7127777778,1.0825	51.7675,1.0186111111	51.7741666667,1.1194444444
245	999	1504243800	1504245599	8	51.7952777778,1.4352777778	51.7358333333,1.4266666667	51.7355555556,1.4266666667	51.7213888889,1.2113888889	51.7741666667,1.1194444444	51.7863888889,1.3	51.7938888889,1.4155555556	51.7952777778,1.4352777778
245	999	1504243800	1504245599	5	51.7475,1.6119444444	51.4988888889,1.5333333333	51.6486111111,1.3986111111	51.7355555556,1.4266666667	51.7475,1.6119444444
245	999	1504243800	1504245599	7	51.7675,1.0186111111	51.7127777778,1.0825	51.6983333333,0.87	51.7086111111,0.8638888889	51.7327777778,0.9447222222	51.7636111111,0.9205555556	51.7675,1.0186111111
245	999	1504243800	1504245599	6	51.7952777778,1.4352777778	51.8072222222,1.6083333333	51.7475,1.6119444444	51.7355555556,1.4266666667	51.7358333333,1.4266666667	51.7952777778,1.4352777778
245	999	1504243800	1504245599	5	51.6513888889,1.1541666667	51.6508333333,1.205	51.6002777778,1.2002777778	51.5852777778,1.1480555556	51.6513888889,1.1541666667
245	999	1504243800	1504245599	7	51.6786111111,1.1227777778	51.6513888889,1.1541666667	51.5930555556,1.0211111111	51.5844444444,1.0222222222	51.575,1.0008333333	51.6044444444,0.9252777778	51.6786111111,1.1227777778
245	999	1504243800	1504245599	5	51.4988888889,1.5333333333	51.5061111111,1.6077777778	51.4083333333,1.6119444444	51.4133333333,1.5219444444	51.4988888889,1.5333333333
245	999	1504243800	1504245599	28	51.9308333333,1.8333333333	51.9311111111,1.8455555556	51.9322222222,1.8711111111	51.935,1.9361111111	51.9363888889,1.9722222222	51.9419444444,2.125	51.9425,2.1527777778	51.9505555556,2.3558333333	51.9505555556,2.3563888889	51.8719444444,2.2936111111	51.7847222222,2.2241666667	51.7152777778,2.1691666667	51.7063888889,2.1622222222	51.6958333333,2.1538888889	51.6372222222,2.1077777778	51.5702777778,2.055	51.5,2.0	51.4894444444,2.0	51.5061111111,1.6077777778	51.5838888889,1.6116666667	51.5905555556,1.6119444444	51.6008333333,1.6119444444	51.7475,1.6119444444	51.8072222222,1.6083333333	51.8752777778,1.7333333333	51.9138888889,1.8036111111	51.9261111111,1.8255555556	51.9308333333,1.8333333333
245	999	1504243800	1504245599	15	51.7355555556,1.4266666667	51.6486111111,1.3986111111	51.5655555556,1.3716666667	51.57,1.2538888889	51.4305555556,1.2161111111	51.4313888889,1.2005555556	51.4355555556,1.1213888889	51.4494444444,0.9255555556	51.4747222222,0.9205555556	51.5177777778,0.915	51.5852777778,1.1480555556	51.6002777778,1.2002777778	51.6508333333,1.205	51.7213888889,1.2113888889	51.7355555556,1.4266666667
245	999	1504243800	1504245599	5	51.7127777778,1.0825	51.6786111111,1.1227777778	51.6044444444,0.9252777778	51.6983333333,0.87	51.7127777778,1.0825
245	999	1504243800	1504245599	12	51.6513888889,1.1541666667	51.5852777778,1.1480555556	51.5177777778,0.915	51.4747222222,0.9205555556	51.4494444444,0.9255555556	51.5286111111,0.8330555556	51.5711111111,0.8333333333	51.6044444444,0.9252777778	51.575,1.0008333333	51.5844444444,1.0222222222	51.5930555556,1.0211111111	51.6513888889,1.1541666667
245	999	1504243800	1504245599	10	51.6044444444,0.9252777778	51.5711111111,0.8333333333	51.5286111111,0.8330555556	51.7372222222,0.5955555556	51.7427777778,0.6686111111	51.7516666667,0.7538888889	51.7583333333,0.8405555556	51.7086111111,0.8638888889	51.6983333333,0.87	51.6044444444,0.9252777778
245	999	1504243800	1504245599	5	51.6513888889,1.1541666667	51.6786111111,1.1227777778	51.7213888889,1.2113888889	51.6508333333,1.205	51.6513888889,1.1541666667
245	999	1504243800	1504245599	7	51.7475,1.6119444444	51.6008333333,1.6119444444	51.5905555556,1.6119444444	51.5838888889,1.6116666667	51.5061111111,1.6077777778	51.4988888889,1.5333333333	51.7475,1.6119444444
295	999	1504243800	1504245599	12	51.7063888889,2.1622222222	51.6369444444,2.5	51.5480555556,2.5	51.4555555556,2.5	51.4719444444,2.3166666667	51.4758333333,2.275	51.4925,2.0833333333	51.5,2.0	51.5702777778,2.055	51.6372222222,2.1077777778	51.6958333333,2.1538888889	51.7063888889,2.1622222222
295	999	1504243800	1504245599	4	51.5547222222,3.1733333333	51.4805555556,3.1736111111	51.5,3.1	51.5547222222,3.1733333333
295	999	1504243800	1504245599	10	51.9505555556,2.3563888889	51.9536111111,2.5	51.9569444444,2.6666666667	51.5983333333,2.6666666667	51.6369444444,2.5	51.7063888889,2.1622222222	51.7152777778,2.1691666667	51.7847222222,2.2241666667	51.8719444444,2.2936111111	51.9505555556,2.3563888889
295	999	1504243800	1504245599	6	51.9655555556,3.1719444444	51.5547222222,3.1733333333	51.5,3.1	51.5983333333,2.6666666667	51.9569444444,2.6666666667	51.9655555556,3.1719444444
