9
285	999	1504245600	1504299599	5	49.9975,1.3880555556	49.9488888889,1.4525	49.9219444444,1.4033333333	49.9780555556,1.3288888889	49.9975,1.3880555556
195	355	1504245600	1504299599	10	51.0438888889,0.8152777778	50.9783333333,0.965	50.9536111111,1.0211111111	50.9488888889,1.0322222222	50.925,1.0866666667	50.6788888889,1.4547222222	50.6666666667,1.4666666667	50.6622222222,1.4547222222	50.9844444444,0.0236111111	51.0438888889,0.8152777778
145	999	1504245600	1504299599	8	50.515,1.0655555556	50.5,1.0	50.4766666667,0.9647222222	50.4455555556,0.885	50.4213888889,0.8213888889	50.4013888889,0.7697222222	50.5583333333,0.5711111111	50.515,1.0655555556
115	999	1504245600	1504299599	18	50.6019444444,1.5388888889	50.1713888889,1.8586111111	50.1163888889,1.7575	50.0708333333,1.6741666667	50.0583333333,1.6519444444	50.2747222222,1.0188888889	50.4213888889,0.8213888889	50.4455555556,0.885	50.4766666667,0.9647222222	50.5,1.0	50.515,1.0655555556	50.5330555556,1.0994444444	50.5755555556,1.2255555556	50.6333333333,1.3666666667	50.6497222222,1.4036111111	50.6530555556,1.4169444444	50.6622222222,1.4547222222	50.6019444444,1.5388888889
195	255	1504245600	1504299599	10	51.2980555556,0.1683333333	51.1430555556,0.5863888889	51.0438888889,0.8152777778	50.9844444444,0.0236111111	51.0269444444,-0.0333333333	51.0861111111,-0.11	51.1480555556,-0.1902777778	51.2516666667,0.0580555556	51.2827777778,0.1313888889	51.2980555556,0.1683333333
195	999	1504245600	1504299599	13	50.6622222222,1.4547222222	50.6530555556,1.4169444444	50.6497222222,1.4036111111	50.6333333333,1.3666666667	50.5755555556,1.2255555556	50.5330555556,1.0994444444	50.515,1.0655555556	50.5583333333,0.5711111111	50.7372222222,0.3427777778	50.8491666667,0.1986111111	50.925,0.1005555556	50.9844444444,0.0236111111	50.6622222222,1.4547222222
195	999	1504245600	1504299599	6	50.2747222222,1.0188888889	50.0583333333,1.6519444444	49.985,1.5177777778	49.9488888889,1.4525	49.9975,1.3880555556	50.2747222222,1.0188888889
265	999	1504245600	1504299599	7	50.4213888889,0.8213888889	50.2747222222,1.0188888889	49.9975,1.3880555556	49.9780555556,1.3288888889	50.0697222222,1.2083333333	50.4013888889,0.7697222222	50.4213888889,0.8213888889
265	999	1504245600	1504299599	4	50.6019444444,1.5388888889	50.2294444444,1.9516666667	50.1713888889,1.8586111111	50.6019444444,1.5388888889
