10
125	999	1504243800	1504245599	14	50.6166666667,-0.6602777778	50.5469444444,-0.5861111111	50.5,-0.5369444444	50.4991666667,-0.5358333333	50.4966666667,-0.5333333333	50.0,-0.5333333333	50.0,-0.8333333333	50.0,-1.0	50.0,-1.0538888889	50.0,-1.1905555556	50.0,-1.2527777778	50.4886111111,-1.205	50.5008333333,-1.2044444444	50.6166666667,-0.6602777778
345	999	1504243800	1504245599	8	50.1394444444,-1.6972222222	50.1055555556,-1.7019444444	50.0,-1.7169444444	50.0,-1.7833333333	50.0,-1.845	50.0,-1.8591666667	50.1394444444,-1.7666666667	50.1394444444,-1.6972222222
345	999	1504243800	1504245599	12	50.6155555556,-1.2052777778	50.5461111111,-1.205	50.5008333333,-1.2044444444	50.4886111111,-1.205	50.0,-1.2527777778	50.0,-1.3805555556	50.0,-1.5	50.0,-1.5102777778	50.5472222222,-1.4655555556	50.5775,-1.4663888889	50.6152777778,-1.4413888889	50.6155555556,-1.2052777778
345	999	1504243800	1504245599	10	50.5775,-1.4663888889	50.5472222222,-1.4655555556	50.0,-1.5102777778	50.0,-1.6913888889	50.0,-1.7169444444	50.1055555556,-1.7019444444	50.1394444444,-1.6972222222	50.2711111111,-1.6783333333	50.4736111111,-1.5375	50.5775,-1.4663888889
345	999	1504243800	1504245599	5	50.6894444444,-1.2061111111	50.6155555556,-1.2052777778	50.6152777778,-1.4413888889	50.6875,-1.3866666667	50.6894444444,-1.2061111111
345	999	1504243800	1504245599	4	50.2711111111,-1.6783333333	50.1394444444,-1.6972222222	50.1394444444,-1.7666666667	50.2711111111,-1.6783333333
185	305	1504243800	1504245599	10	50.805,-0.8611111111	50.7738888889,-0.8283333333	50.7091666667,-0.7580555556	50.6969444444,-0.8386111111	50.6894444444,-1.2061111111	50.6875,-1.3866666667	50.8244444444,-1.2930555556	50.8186111111,-1.1163888889	50.81,-0.8666666667	50.805,-0.8611111111
185	305	1504243800	1504245599	6	50.9261111111,-0.93	50.81,-0.8666666667	50.8186111111,-1.1163888889	50.8244444444,-1.2930555556	50.8825,-1.2533333333	50.9261111111,-0.93
185	999	1504243800	1504245599	8	50.7091666667,-0.7580555556	50.6166666667,-0.6602777778	50.6166666667,-0.9675	50.6166666667,-1.0363888889	50.6155555556,-1.2052777778	50.6894444444,-1.2061111111	50.6969444444,-0.8386111111	50.7091666667,-0.7580555556
185	999	1504243800	1504245599	7	50.6166666667,-0.6602777778	50.5008333333,-1.2044444444	50.5461111111,-1.205	50.6155555556,-1.2052777778	50.6166666667,-1.0363888889	50.6166666667,-0.9675	50.6166666667,-0.6602777778
