22
265	315	1504301400	1504303199	15	50.1905555556,12.3386111111	50.1697222222,12.3444444444	50.1322222222,12.3547222222	50.1305555556,12.3552777778	50.0247222222,12.3844444444	50.0158333333,12.3869444444	50.0377777778,12.3233333333	50.0447222222,12.3213888889	50.0544444444,12.3066666667	50.0675,12.2638888889	50.1027777778,12.2141666667	50.1016666667,12.2083333333	50.1577777778,12.2116666667	50.1738888889,12.3172222222	50.1905555556,12.3386111111
265	315	1504301400	1504303199	9	49.6833333333,11.9666666667	49.6708333333,11.9602777778	49.65,11.95	49.6166666667,11.9166666667	49.4344444444,11.8188888889	49.4308333333,11.6119444444	49.4416666667,10.9666666667	49.7047222222,11.3727777778	49.6833333333,11.9666666667
265	315	1504301400	1504303199	5	50.0161111111,10.4733333333	49.4416666667,10.9666666667	49.6547222222,10.7655555556	50.0008333333,10.4341666667	50.0161111111,10.4733333333
265	315	1504301400	1504303199	14	49.7033333333,12.4725	49.7022222222,12.4738888889	49.6633333333,12.5397222222	49.6361111111,12.5805555556	49.6522222222,12.46	49.6613888889,12.37	49.5822222222,12.1761111111	49.5230555556,12.0330555556	49.4344444444,11.8188888889	49.6166666667,11.9166666667	49.65,11.95	49.6708333333,11.9602777778	49.6833333333,11.9666666667	49.7033333333,12.4725
265	315	1504301400	1504303199	6	50.6575,10.7027777778	50.5213888889,11.2513888889	50.5019444444,11.3316666667	50.5116666667,10.5347222222	50.5372222222,10.5641666667	50.6575,10.7027777778
265	315	1504301400	1504303199	6	50.2269444444,10.2888888889	50.1263888889,10.3772222222	50.0161111111,10.4733333333	50.0008333333,10.4341666667	50.1436111111,10.2947222222	50.2269444444,10.2888888889
265	315	1504301400	1504303199	28	50.5116666667,10.5347222222	50.5019444444,11.3316666667	50.3377777778,11.9819444444	50.2402777778,12.3516666667	50.1905555556,12.3386111111	50.1738888889,12.3172222222	50.1577777778,12.2116666667	50.1016666667,12.2083333333	50.1027777778,12.2141666667	50.0675,12.2638888889	50.0544444444,12.3066666667	50.0447222222,12.3213888889	50.0377777778,12.3233333333	50.0158333333,12.3869444444	49.7972222222,12.4466666667	49.7538888889,12.4005555556	49.7033333333,12.4725	49.6833333333,11.9666666667	49.7047222222,11.3727777778	49.4416666667,10.9666666667	50.0161111111,10.4733333333	50.1263888889,10.3772222222	50.2269444444,10.2888888889	50.2508333333,10.3091666667	50.4197222222,10.4527777778	50.3625,10.8625	50.4594444444,10.8972222222	50.5116666667,10.5347222222
265	315	1504301400	1504303199	4	50.2269444444,10.2888888889	50.1436111111,10.2947222222	50.1869444444,10.255	50.2269444444,10.2888888889
265	315	1504301400	1504303199	4	49.7972222222,12.4466666667	49.7033333333,12.4725	49.7538888889,12.4005555556	49.7972222222,12.4466666667
245	265	1504301400	1504303199	5	50.0161111111,10.4733333333	49.4416666667,10.9666666667	49.6547222222,10.7655555556	50.0008333333,10.4341666667	50.0161111111,10.4733333333
245	265	1504301400	1504303199	4	50.2269444444,10.2888888889	50.1436111111,10.2947222222	50.1869444444,10.255	50.2269444444,10.2888888889
245	265	1504301400	1504303199	6	50.2269444444,10.2888888889	50.1263888889,10.3772222222	50.0161111111,10.4733333333	50.0008333333,10.4341666667	50.1436111111,10.2947222222	50.2269444444,10.2888888889
195	265	1504301400	1504303199	28	50.5116666667,10.5347222222	50.5019444444,11.3316666667	50.3377777778,11.9819444444	50.2402777778,12.3516666667	50.1905555556,12.3386111111	50.1738888889,12.3172222222	50.1577777778,12.2116666667	50.1016666667,12.2083333333	50.1027777778,12.2141666667	50.0675,12.2638888889	50.0544444444,12.3066666667	50.0447222222,12.3213888889	50.0377777778,12.3233333333	50.0158333333,12.3869444444	49.7972222222,12.4466666667	49.7538888889,12.4005555556	49.7033333333,12.4725	49.6833333333,11.9666666667	49.7047222222,11.3727777778	49.4416666667,10.9666666667	50.0161111111,10.4733333333	50.1263888889,10.3772222222	50.2269444444,10.2888888889	50.2508333333,10.3091666667	50.4197222222,10.4527777778	50.3625,10.8625	50.4594444444,10.8972222222	50.5116666667,10.5347222222
195	265	1504301400	1504303199	6	50.6575,10.7027777778	50.5213888889,11.2513888889	50.5019444444,11.3316666667	50.5116666667,10.5347222222	50.5372222222,10.5641666667	50.6575,10.7027777778
195	265	1504301400	1504303199	4	49.7972222222,12.4466666667	49.7033333333,12.4725	49.7538888889,12.4005555556	49.7972222222,12.4466666667
195	265	1504301400	1504303199	7	50.5116666667,10.5347222222	50.4594444444,10.8972222222	50.3625,10.8625	50.4197222222,10.4527777778	50.4683333333,10.4947222222	50.5,10.5216666667	50.5116666667,10.5347222222
195	265	1504301400	1504303199	15	50.1905555556,12.3386111111	50.1697222222,12.3444444444	50.1322222222,12.3547222222	50.1305555556,12.3552777778	50.0247222222,12.3844444444	50.0158333333,12.3869444444	50.0377777778,12.3233333333	50.0447222222,12.3213888889	50.0544444444,12.3066666667	50.0675,12.2638888889	50.1027777778,12.2141666667	50.1016666667,12.2083333333	50.1577777778,12.2116666667	50.1738888889,12.3172222222	50.1905555556,12.3386111111
265	295	1504301400	1504303199	7	50.5116666667,10.5347222222	50.4594444444,10.8972222222	50.3625,10.8625	50.4197222222,10.4527777778	50.4683333333,10.4947222222	50.5,10.5216666667	50.5116666667,10.5347222222
195	315	1504301400	1504303199	31	51.5083333333,13.2486111111	51.5086111111,13.335	51.5083333333,13.75	51.6986111111,14.7144444444	51.5830555556,14.7380555556	51.5,15.0	51.4069444444,14.9616666667	51.2030555556,15.0105555556	51.1183333333,14.9902777778	50.9905555556,14.9169444444	51.0,14.8586111111	50.9991666667,14.7252777778	50.9580555556,14.575	51.0033333333,14.5666666667	51.0166666667,14.4	51.0183333333,14.27	50.95,14.3	50.9416666667,14.3966666667	50.9183333333,14.3983333333	50.9027777778,14.3861111111	50.8833333333,14.3333333333	50.7341666667,13.7675	50.7155555556,13.6288888889	50.5205555556,13.0091666667	50.4769444444,12.9116666667	50.4325,12.7505555556	50.5377777778,12.4933333333	50.6102777778,12.3144444444	51.3666666667,13.0980555556	51.5083333333,13.1263888889	51.5083333333,13.2486111111
195	315	1504301400	1504303199	9	51.0183333333,14.27	51.0166666667,14.4	51.0033333333,14.5666666667	50.9580555556,14.575	50.9027777778,14.3861111111	50.9183333333,14.3983333333	50.9416666667,14.3966666667	50.95,14.3	51.0183333333,14.27
285	315	1504301400	1504303199	13	52.145,14.4655555556	52.1386111111,14.6802777778	52.0583333333,14.7555555556	51.9030555556,14.6752777778	51.8333333333,14.6333333333	51.8,14.6166666667	51.75,14.6666666667	51.5083333333,13.75	51.5086111111,13.335	51.5083333333,13.2486111111	51.5083333333,13.1263888889	51.7125,13.1672222222	52.145,14.4655555556
285	315	1504301400	1504303199	4	51.75,14.6666666667	51.6986111111,14.7144444444	51.5083333333,13.75	51.75,14.6666666667
