35
255	285	1504243800	1504245599	9	53.3108333333,-1.4877777778	53.1941666667,-1.3683333333	53.1713888889,-1.3452777778	53.0777777778,-1.6041666667	53.0538888889,-1.67	53.0077777778,-1.7936111111	53.2069444444,-1.9788888889	53.2380555556,-1.8619444444	53.3108333333,-1.4877777778
295	999	1504243800	1504245599	6	52.4377777778,0.1333333333	52.3983333333,0.1333333333	52.3638888889,0.0486111111	52.3561111111,0.0297222222	52.4391666667,0.0313888889	52.4377777778,0.1333333333
295	999	1504243800	1504245599	13	53.1386111111,-1.0527777778	53.0222222222,-1.0175	53.0044444444,-1.0119444444	52.7991666667,-0.8094444444	52.7563888889,-0.9272222222	52.7711111111,-0.9419444444	52.7905555556,-0.9613888889	52.8016666667,-0.9725	52.8361111111,-1.0066666667	52.9716666667,-1.1427777778	52.9836111111,-1.155	53.1713888889,-1.3452777778	53.1386111111,-1.0527777778
295	999	1504243800	1504245599	5	52.3183333333,-0.0622222222	52.2680555556,-0.0041666667	52.1847222222,-0.0386111111	52.1894444444,-0.3697222222	52.3183333333,-0.0622222222
295	999	1504243800	1504245599	20	52.4422222222,-0.6172222222	52.1894444444,-0.3697222222	52.0669444444,-0.6088888889	52.1608333333,-0.8283333333	52.1005555556,-0.9705555556	52.2911111111,-1.1405555556	52.4722222222,-1.3030555556	53.0077777778,-1.7936111111	53.0538888889,-1.67	53.0777777778,-1.6041666667	53.1713888889,-1.3452777778	52.9836111111,-1.155	52.9716666667,-1.1427777778	52.8361111111,-1.0066666667	52.8016666667,-0.9725	52.7905555556,-0.9613888889	52.7711111111,-0.9419444444	52.7563888889,-0.9272222222	52.6102777778,-0.7822222222	52.4422222222,-0.6172222222
295	999	1504243800	1504245599	5	52.4422222222,-0.6172222222	52.4416666667,-0.4588888889	52.3516666667,-0.3705555556	52.1894444444,-0.3697222222	52.4422222222,-0.6172222222
295	999	1504243800	1504245599	5	52.0,-0.1880555556	51.9386111111,-0.13	51.9091666667,-0.2402777778	52.0,-0.4519444444	52.0,-0.1880555556
295	999	1504243800	1504245599	6	52.7991666667,-0.8094444444	52.4416666667,-0.4588888889	52.4422222222,-0.6172222222	52.6102777778,-0.7822222222	52.7563888889,-0.9272222222	52.7991666667,-0.8094444444
295	999	1504243800	1504245599	10	52.4422222222,-0.175	52.4422222222,-0.0761111111	52.4391666667,0.0313888889	52.3561111111,0.0297222222	52.3427777778,0.0247222222	52.3183333333,-0.0622222222	52.1894444444,-0.3697222222	52.3516666667,-0.3705555556	52.4416666667,-0.4588888889	52.4422222222,-0.175
295	999	1504243800	1504245599	6	52.1894444444,-0.3697222222	52.0325,-0.2188888889	52.0,-0.1880555556	52.0,-0.4519444444	52.0669444444,-0.6088888889	52.1894444444,-0.3697222222
295	999	1504243800	1504245599	6	52.1894444444,-0.3697222222	52.1847222222,-0.0386111111	51.9386111111,-0.13	52.0,-0.1880555556	52.0325,-0.2188888889	52.1894444444,-0.3697222222
295	999	1504243800	1504245599	10	53.1069444444,-0.77	53.0738888889,-0.7394444444	53.0305555556,-0.7066666667	52.4422222222,-0.175	52.4416666667,-0.4588888889	52.7991666667,-0.8094444444	53.0044444444,-1.0119444444	53.0222222222,-1.0175	53.1386111111,-1.0527777778	53.1069444444,-0.77
295	999	1504243800	1504245599	7	52.1841666667,0.0911111111	52.0411111111,0.2566666667	51.9897222222,0.0619444444	51.9386111111,-0.13	52.1847222222,-0.0386111111	52.1841666667,0.0	52.1841666667,0.0911111111
295	999	1504243800	1504245599	5	52.2680555556,-0.0041666667	52.1841666667,0.0911111111	52.1841666667,0.0	52.1847222222,-0.0386111111	52.2680555556,-0.0041666667
295	999	1504243800	1504245599	4	52.4366666667,0.2227777778	52.3983333333,0.1333333333	52.4377777778,0.1333333333	52.4366666667,0.2227777778
295	305	1504243800	1504245599	5	52.0669444444,-0.6088888889	52.0,-0.4519444444	52.0,-0.6833333333	52.0166666667,-0.7072222222	52.0669444444,-0.6088888889
295	305	1504243800	1504245599	9	52.0,-0.4519444444	51.9091666667,-0.2402777778	51.8747222222,-0.3683333333	51.8005555556,-0.6411111111	51.8972222222,-0.7605555556	51.9536111111,-0.8302777778	52.0166666667,-0.7072222222	52.0,-0.6833333333	52.0,-0.4519444444
295	305	1504243800	1504245599	7	52.1608333333,-0.8283333333	52.0669444444,-0.6088888889	52.0166666667,-0.7072222222	51.9536111111,-0.8302777778	51.9830555556,-0.8672222222	52.1005555556,-0.9705555556	52.1608333333,-0.8283333333
195	295	1504243800	1504245599	13	53.1386111111,-1.0527777778	53.0222222222,-1.0175	53.0044444444,-1.0119444444	52.7991666667,-0.8094444444	52.7563888889,-0.9272222222	52.7711111111,-0.9419444444	52.7905555556,-0.9613888889	52.8016666667,-0.9725	52.8361111111,-1.0066666667	52.9716666667,-1.1427777778	52.9836111111,-1.155	53.1713888889,-1.3452777778	53.1386111111,-1.0527777778
195	295	1504243800	1504245599	6	52.7991666667,-0.8094444444	52.4416666667,-0.4588888889	52.4422222222,-0.6172222222	52.6102777778,-0.7822222222	52.7563888889,-0.9272222222	52.7991666667,-0.8094444444
195	295	1504243800	1504245599	7	52.1608333333,-0.8283333333	52.0669444444,-0.6088888889	52.0166666667,-0.7072222222	51.9536111111,-0.8302777778	51.9830555556,-0.8672222222	52.1005555556,-0.9705555556	52.1608333333,-0.8283333333
195	295	1504243800	1504245599	20	52.4422222222,-0.6172222222	52.1894444444,-0.3697222222	52.0669444444,-0.6088888889	52.1608333333,-0.8283333333	52.1005555556,-0.9705555556	52.2911111111,-1.1405555556	52.4722222222,-1.3030555556	53.0077777778,-1.7936111111	53.0538888889,-1.67	53.0777777778,-1.6041666667	53.1713888889,-1.3452777778	52.9836111111,-1.155	52.9716666667,-1.1427777778	52.8361111111,-1.0066666667	52.8016666667,-0.9725	52.7905555556,-0.9613888889	52.7711111111,-0.9419444444	52.7563888889,-0.9272222222	52.6102777778,-0.7822222222	52.4422222222,-0.6172222222
245	295	1504243800	1504245599	10	53.1069444444,-0.77	53.0738888889,-0.7394444444	53.0305555556,-0.7066666667	52.4422222222,-0.175	52.4416666667,-0.4588888889	52.7991666667,-0.8094444444	53.0044444444,-1.0119444444	53.0222222222,-1.0175	53.1386111111,-1.0527777778	53.1069444444,-0.77
245	295	1504243800	1504245599	7	52.1841666667,0.0911111111	52.0411111111,0.2566666667	51.9897222222,0.0619444444	51.9386111111,-0.13	52.1847222222,-0.0386111111	52.1841666667,0.0	52.1841666667,0.0911111111
215	295	1504243800	1504245599	6	52.4377777778,0.1333333333	52.3983333333,0.1333333333	52.3638888889,0.0486111111	52.3561111111,0.0297222222	52.4391666667,0.0313888889	52.4377777778,0.1333333333
215	295	1504243800	1504245599	5	52.0669444444,-0.6088888889	52.0,-0.4519444444	52.0,-0.6833333333	52.0166666667,-0.7072222222	52.0669444444,-0.6088888889
215	295	1504243800	1504245599	5	52.4422222222,-0.6172222222	52.4416666667,-0.4588888889	52.3516666667,-0.3705555556	52.1894444444,-0.3697222222	52.4422222222,-0.6172222222
215	295	1504243800	1504245599	5	52.3183333333,-0.0622222222	52.2680555556,-0.0041666667	52.1847222222,-0.0386111111	52.1894444444,-0.3697222222	52.3183333333,-0.0622222222
215	295	1504243800	1504245599	6	52.1894444444,-0.3697222222	52.1847222222,-0.0386111111	51.9386111111,-0.13	52.0,-0.1880555556	52.0325,-0.2188888889	52.1894444444,-0.3697222222
215	295	1504243800	1504245599	9	52.0,-0.4519444444	51.9091666667,-0.2402777778	51.8747222222,-0.3683333333	51.8005555556,-0.6411111111	51.8972222222,-0.7605555556	51.9536111111,-0.8302777778	52.0166666667,-0.7072222222	52.0,-0.6833333333	52.0,-0.4519444444
215	295	1504243800	1504245599	10	52.4422222222,-0.175	52.4422222222,-0.0761111111	52.4391666667,0.0313888889	52.3561111111,0.0297222222	52.3427777778,0.0247222222	52.3183333333,-0.0622222222	52.1894444444,-0.3697222222	52.3516666667,-0.3705555556	52.4416666667,-0.4588888889	52.4422222222,-0.175
215	295	1504243800	1504245599	6	52.1894444444,-0.3697222222	52.0325,-0.2188888889	52.0,-0.1880555556	52.0,-0.4519444444	52.0669444444,-0.6088888889	52.1894444444,-0.3697222222
215	295	1504243800	1504245599	5	52.0,-0.1880555556	51.9386111111,-0.13	51.9091666667,-0.2402777778	52.0,-0.4519444444	52.0,-0.1880555556
215	295	1504243800	1504245599	5	52.2680555556,-0.0041666667	52.1841666667,0.0911111111	52.1841666667,0.0	52.1847222222,-0.0386111111	52.2680555556,-0.0041666667
215	295	1504243800	1504245599	4	52.4366666667,0.2227777778	52.3983333333,0.1333333333	52.4377777778,0.1333333333	52.4366666667,0.2227777778
