21
285	999	1504243800	1504245599	10	53.1747222222,-2.0991666667	53.2069444444,-1.9788888889	53.0077777778,-1.7936111111	52.9630555556,-1.91	52.8,-2.3333333333	52.6969444444,-2.6305555556	52.8458333333,-2.7577777778	52.85,-2.7580555556	52.9633333333,-2.5294444444	53.1747222222,-2.0991666667
145	999	1504243800	1504245599	9	52.2877777778,-2.1686111111	52.2908333333,-2.1605555556	52.4016666667,-1.8808333333	52.3155555556,-1.7847222222	52.2877777778,-1.77	52.2566666667,-1.8483333333	52.2761111111,-1.8705555556	52.2622222222,-2.1319444444	52.2877777778,-2.1686111111
145	999	1504243800	1504245599	5	52.2877777778,-1.77	52.2397222222,-1.745	52.2463888889,-1.8366666667	52.2566666667,-1.8483333333	52.2877777778,-1.77
225	999	1504243800	1504245599	8	52.2355555556,-1.1722222222	52.1802777778,-1.1138888889	52.0886111111,-0.9988888889	52.0,-1.2072222222	51.8769444444,-1.4722222222	51.8891666667,-1.7033333333	51.9969444444,-1.8536111111	52.2355555556,-1.1722222222
245	305	1504243800	1504245599	8	52.0,-1.2072222222	51.9027777778,-1.0447222222	51.7186111111,-1.4752777778	51.7219444444,-1.4769444444	51.7294444444,-1.4805555556	51.8252777778,-1.6141666667	51.8769444444,-1.4722222222	52.0,-1.2072222222
245	305	1504243800	1504245599	11	51.8252777778,-1.6141666667	51.7294444444,-1.4805555556	51.7219444444,-1.4769444444	51.7186111111,-1.4752777778	51.6638888889,-1.4472222222	51.6819444444,-1.5819444444	51.7061111111,-1.5969444444	51.7491666667,-1.6430555556	51.7644444444,-1.6588888889	51.7977777778,-1.6933333333	51.8252777778,-1.6141666667
245	305	1504243800	1504245599	6	52.1005555556,-0.9705555556	51.9830555556,-0.8672222222	51.9027777778,-1.0447222222	52.0,-1.2072222222	52.0886111111,-0.9988888889	52.1005555556,-0.9705555556
195	999	1504243800	1504245599	11	52.6241666667,-2.1355555556	52.6183333333,-2.1291666667	52.5491666667,-2.0488888889	52.4744444444,-1.965	52.4016666667,-1.8808333333	52.2908333333,-2.1605555556	52.2877777778,-2.1686111111	52.3333333333,-2.2166666667	52.4416666667,-2.2166666667	52.5177777778,-2.1788888889	52.6241666667,-2.1355555556
195	999	1504243800	1504245599	7	52.1622222222,-2.0841666667	52.2733333333,-2.2044444444	52.2877777778,-2.1686111111	52.2622222222,-2.1319444444	52.2761111111,-1.8705555556	52.2566666667,-1.8483333333	52.1622222222,-2.0841666667
195	999	1504243800	1504245599	9	53.0077777778,-1.7936111111	52.5497222222,-1.5069444444	52.5272222222,-1.5636111111	52.6666666667,-1.7166666667	52.7416666667,-1.8833333333	52.6241666667,-2.1355555556	52.8,-2.3333333333	52.9630555556,-1.91	53.0077777778,-1.7936111111
195	999	1504243800	1504245599	7	52.4016666667,-1.8808333333	52.4538888889,-1.7480555556	52.5272222222,-1.5636111111	52.4180555556,-1.4388888889	52.2877777778,-1.77	52.3155555556,-1.7847222222	52.4016666667,-1.8808333333
195	999	1504243800	1504245599	5	51.9969444444,-1.8536111111	51.8891666667,-1.7033333333	51.8916666667,-1.7925	51.9830555556,-1.89	51.9969444444,-1.8536111111
195	999	1504243800	1504245599	4	51.9969444444,-1.8536111111	51.9830555556,-1.89	52.1541666667,-2.0755555556	51.9969444444,-1.8536111111
195	999	1504243800	1504245599	10	52.7416666667,-1.8833333333	52.6666666667,-1.7166666667	52.5272222222,-1.5636111111	52.4538888889,-1.7480555556	52.4016666667,-1.8808333333	52.4744444444,-1.965	52.5491666667,-2.0488888889	52.6183333333,-2.1291666667	52.6241666667,-2.1355555556	52.7416666667,-1.8833333333
195	999	1504243800	1504245599	10	52.8,-2.3333333333	52.6241666667,-2.1355555556	52.5177777778,-2.1788888889	52.4416666667,-2.2166666667	52.3333333333,-2.2166666667	52.2877777778,-2.1686111111	52.2733333333,-2.2044444444	52.5475,-2.5038888889	52.6969444444,-2.6305555556	52.8,-2.3333333333
195	999	1504243800	1504245599	10	53.0077777778,-1.7936111111	52.4722222222,-1.3030555556	52.2911111111,-1.1405555556	52.1005555556,-0.9705555556	52.0886111111,-0.9988888889	52.1802777778,-1.1138888889	52.2355555556,-1.1722222222	52.4383333333,-1.3875	52.5497222222,-1.5069444444	53.0077777778,-1.7936111111
245	999	1504243800	1504245599	5	51.8891666667,-1.7033333333	51.8252777778,-1.6141666667	51.7977777778,-1.6933333333	51.8916666667,-1.7925	51.8891666667,-1.7033333333
245	999	1504243800	1504245599	4	51.8891666667,-1.7033333333	51.8769444444,-1.4722222222	51.8252777778,-1.6141666667	51.8891666667,-1.7033333333
215	999	1504243800	1504245599	16	52.1622222222,-2.0841666667	52.2566666667,-1.8483333333	52.2463888889,-1.8366666667	52.2397222222,-1.745	52.2397222222,-1.7227777778	52.1833333333,-1.6666666667	52.2166666667,-1.5	52.2972222222,-1.3638888889	52.3916666667,-1.4083333333	52.4083333333,-1.4275	52.4180555556,-1.4388888889	52.4383333333,-1.3875	52.2355555556,-1.1722222222	51.9969444444,-1.8536111111	52.1541666667,-2.0755555556	52.1622222222,-2.0841666667
215	999	1504243800	1504245599	10	52.4180555556,-1.4388888889	52.4083333333,-1.4275	52.3916666667,-1.4083333333	52.2972222222,-1.3638888889	52.2166666667,-1.5	52.1833333333,-1.6666666667	52.2397222222,-1.7227777778	52.2397222222,-1.745	52.2877777778,-1.77	52.4180555556,-1.4388888889
215	999	1504243800	1504245599	5	52.5497222222,-1.5069444444	52.4383333333,-1.3875	52.4180555556,-1.4388888889	52.5272222222,-1.5636111111	52.5497222222,-1.5069444444
