12
135	315	1504243800	1504245599	6	51.3433333333,1.6083333333	51.3333333333,1.6083333333	51.3083333333,1.6	51.3247222222,1.5113888889	51.3613888889,1.5158333333	51.3433333333,1.6083333333
135	315	1504243800	1504245599	12	51.3833333333,2.0	51.3591666667,2.0	51.33,2.0	51.2463888889,2.0	51.2152777778,2.0	51.3083333333,1.6	51.3333333333,1.6083333333	51.3433333333,1.6083333333	51.3666666667,1.6166666667	51.3833333333,1.6	51.4083333333,1.6119444444	51.3833333333,2.0
135	315	1504243800	1504245599	6	51.3247222222,1.5113888889	51.3083333333,1.6	51.2833333333,1.5916666667	51.2666666667,1.55	51.2583333333,1.5	51.3247222222,1.5113888889
135	315	1504243800	1504245599	16	51.2583333333,1.5	51.2666666667,1.55	51.2833333333,1.5916666667	51.3083333333,1.6	51.2152777778,2.0	51.2119444444,2.0	51.1969444444,2.0	51.1308333333,2.0	51.1166666667,2.0	51.0586111111,1.7322222222	51.0447222222,1.6697222222	51.0327777778,1.6155555556	51.02,1.555	51.0,1.4666666667	51.2394444444,1.5011111111	51.2583333333,1.5
135	315	1504243800	1504245599	7	51.4083333333,1.6119444444	51.3833333333,1.6	51.3666666667,1.6166666667	51.3433333333,1.6083333333	51.3613888889,1.5158333333	51.4133333333,1.5219444444	51.4083333333,1.6119444444
275	305	1504243800	1504245599	7	51.0180555556,1.3088888889	50.9044444444,1.4666666667	50.925,1.0866666667	50.9488888889,1.0322222222	50.9536111111,1.0211111111	50.9783333333,0.965	51.0180555556,1.3088888889
195	255	1504243800	1504245599	6	51.1430555556,0.5863888889	51.2980555556,0.1683333333	51.4058333333,0.4341666667	51.4311111111,0.4961111111	51.4541666667,0.55	51.1430555556,0.5863888889
195	275	1504243800	1504245599	7	51.0180555556,1.3088888889	50.9044444444,1.4666666667	50.925,1.0866666667	50.9488888889,1.0322222222	50.9536111111,1.0211111111	50.9783333333,0.965	51.0180555556,1.3088888889
195	275	1504243800	1504245599	9	51.4511111111,0.7994444444	51.0180555556,1.3088888889	50.9783333333,0.965	51.0438888889,0.8152777778	51.1430555556,0.5863888889	51.4541666667,0.55	51.4552777778,0.6041666667	51.4527777778,0.7275	51.4511111111,0.7994444444
195	305	1504243800	1504245599	8	50.9044444444,1.4666666667	50.8569444444,1.4666666667	50.7794444444,1.4666666667	50.75,1.4666666667	50.6666666667,1.4666666667	50.6788888889,1.4547222222	50.925,1.0866666667	50.9044444444,1.4666666667
195	305	1504243800	1504245599	11	50.7122222222,1.7347222222	50.6569444444,1.6363888889	50.6286111111,1.5863888889	50.6019444444,1.5388888889	50.6622222222,1.4547222222	50.6666666667,1.4666666667	50.75,1.4666666667	50.7794444444,1.4666666667	50.8569444444,1.4666666667	50.9044444444,1.4666666667	50.7122222222,1.7347222222
195	315	1504243800	1504245599	22	51.4133333333,1.5219444444	51.3613888889,1.5158333333	51.3247222222,1.5113888889	51.2583333333,1.5	51.2394444444,1.5011111111	51.0,1.4666666667	50.9666666667,1.4666666667	50.9577777778,1.4666666667	50.9211111111,1.4666666667	50.9161111111,1.4666666667	50.9055555556,1.4666666667	50.9044444444,1.4666666667	51.0180555556,1.3088888889	51.4511111111,0.7994444444	51.4508333333,0.8333333333	51.4494444444,0.9255555556	51.4355555556,1.1213888889	51.4313888889,1.2005555556	51.4305555556,1.2161111111	51.4283333333,1.2583333333	51.4222222222,1.3658333333	51.4133333333,1.5219444444
