53
245	335	1504242000	1504243799	51	53.9541666667,0.7622222222	53.3780555556,2.6730555556	53.3025,2.7419444444	53.3333333333,2.5	53.2055555556,2.5	53.1941666667,2.5	53.1097222222,2.5	53.1088888889,2.5	53.1080555556,2.5	53.0013888889,2.5	52.9586111111,2.5	52.9577777778,2.5	52.9569444444,2.5	52.8683333333,2.5	52.7972222222,2.5	52.6694444444,2.5	52.6177777778,2.8988888889	52.5333333333,2.8311111111	52.4744444444,2.7780555556	52.4772222222,2.5861111111	52.4783333333,2.5705555556	52.48,2.5586111111	52.4808333333,2.5525	52.5413888889,2.1152777778	52.5430555556,2.1022222222	52.5447222222,2.0894444444	52.5675,1.9027777778	52.4033333333,1.4297222222	52.4252777778,1.1147222222	52.4366666667,0.2227777778	52.4377777778,0.1333333333	52.4391666667,0.0313888889	52.4422222222,-0.0761111111	52.4422222222,-0.175	53.0305555556,-0.7066666667	53.0738888889,-0.7394444444	52.89,0.7719444444	53.1955555556,0.8644444444	53.1977777778,0.865	53.4822222222,0.9522222222	53.5416666667,0.8458333333	53.5941666667,0.4655555556	53.6980555556,0.3791666667	53.7066666667,0.3722222222	53.7077777778,0.3711111111	53.7086111111,0.3702777778	54.0019444444,0.1236111111	54.0291666667,0.1005555556	54.0372222222,0.4383333333	53.955,0.7597222222	53.9541666667,0.7622222222
245	335	1504242000	1504243799	8	53.26,3.0666666667	53.2447222222,3.1838888889	53.2377777778,3.2019444444	53.1747222222,3.3661111111	53.1008333333,3.3036111111	53.0433333333,3.255	52.9311111111,3.16	53.26,3.0666666667
245	335	1504242000	1504243799	23	53.3333333333,2.5	53.3025,2.7419444444	53.2861111111,2.8691666667	53.2688888889,3.0	53.26,3.0666666667	52.9311111111,3.16	52.9169444444,3.1483333333	52.8219444444,3.0686111111	52.7327777778,2.9944444444	52.6177777778,2.8988888889	52.6694444444,2.5	52.7972222222,2.5	52.8683333333,2.5	52.9569444444,2.5	52.9577777778,2.5	52.9586111111,2.5	53.0013888889,2.5	53.1080555556,2.5	53.1088888889,2.5	53.1097222222,2.5	53.1941666667,2.5	53.2055555556,2.5	53.3333333333,2.5
245	285	1504242000	1504243799	6	53.7077777778,0.3711111111	53.7066666667,0.3722222222	53.5247222222,0.0938888889	53.5247222222,0.0933333333	53.525,0.0933333333	53.7077777778,0.3711111111
215	999	1504242000	1504243799	45	52.4252777778,1.1147222222	52.4033333333,1.4297222222	52.5675,1.9027777778	52.5447222222,2.0894444444	52.5430555556,2.1022222222	52.5413888889,2.1152777778	52.4808333333,2.5525	52.48,2.5586111111	52.4783333333,2.5705555556	52.4772222222,2.5861111111	52.4744444444,2.7780555556	52.365,2.6913888889	52.3172222222,2.6522222222	52.3072222222,2.6438888889	52.2505555556,2.5983333333	52.235,2.5833333333	52.1225,2.4944444444	52.1147222222,2.4880555556	52.1030555556,2.4780555556	51.9505555556,2.3563888889	51.9505555556,2.3558333333	51.9425,2.1527777778	51.9419444444,2.125	51.9363888889,1.9722222222	51.935,1.9361111111	51.9322222222,1.8711111111	51.9311111111,1.8455555556	51.9308333333,1.8333333333	51.9261111111,1.8255555556	51.9138888889,1.8036111111	51.8752777778,1.7333333333	51.8072222222,1.6083333333	51.8894444444,1.4141666667	51.9052777778,1.3775	51.9752777778,1.2113888889	52.0366666667,1.065	52.0583333333,1.0136111111	52.1202777778,0.8636111111	52.1513888889,0.8425	52.2058333333,0.8052777778	52.3011111111,0.9355555556	52.3136111111,0.9483333333	52.3366666667,0.9794444444	52.3527777778,1.0013888889	52.4252777778,1.1147222222
215	999	1504242000	1504243799	6	52.3633333333,0.1333333333	52.3413888889,0.1333333333	52.3427777778,0.0247222222	52.3561111111,0.0297222222	52.3638888889,0.0486111111	52.3633333333,0.1333333333
215	999	1504242000	1504243799	9	52.3527777778,1.0013888889	52.3366666667,0.9794444444	52.3402777778,0.8405555556	52.3136111111,0.9483333333	52.3011111111,0.9355555556	52.3380555556,0.7916666667	52.3413888889,0.1333333333	52.3633333333,0.1333333333	52.3527777778,1.0013888889
295	999	1504242000	1504243799	12	51.7063888889,2.1622222222	51.6369444444,2.5	51.5480555556,2.5	51.4555555556,2.5	51.4719444444,2.3166666667	51.4758333333,2.275	51.4925,2.0833333333	51.5,2.0	51.5702777778,2.055	51.6372222222,2.1077777778	51.6958333333,2.1538888889	51.7063888889,2.1622222222
295	999	1504242000	1504243799	4	51.5547222222,3.1733333333	51.4805555556,3.1736111111	51.5,3.1	51.5547222222,3.1733333333
295	999	1504242000	1504243799	10	51.9505555556,2.3563888889	51.9536111111,2.5	51.9569444444,2.6666666667	51.5983333333,2.6666666667	51.6369444444,2.5	51.7063888889,2.1622222222	51.7152777778,2.1691666667	51.7847222222,2.2241666667	51.8719444444,2.2936111111	51.9505555556,2.3563888889
295	999	1504242000	1504243799	6	51.9655555556,3.1719444444	51.5547222222,3.1733333333	51.5,3.1	51.5983333333,2.6666666667	51.9569444444,2.6666666667	51.9655555556,3.1719444444
285	335	1504242000	1504243799	26	54.0294444444,-1.5872222222	54.0297222222,-0.6577777778	54.0288888889,-0.5333333333	54.0288888889,-0.4852777778	54.0288888889,-0.4333333333	54.0291666667,-0.3144444444	54.0291666667,0.1005555556	54.0019444444,0.1236111111	53.7086111111,0.3702777778	53.7077777778,0.3711111111	53.7066666667,0.3722222222	53.6980555556,0.3791666667	53.5941666667,0.4655555556	53.5416666667,0.8458333333	53.4822222222,0.9522222222	53.1977777778,0.865	53.1955555556,0.8644444444	52.89,0.7719444444	53.0738888889,-0.7394444444	53.1069444444,-0.77	53.31,-0.9569444444	53.5205555556,-1.1175	53.6775,-1.2386111111	53.7180555556,-1.2686111111	53.9413888889,-1.5013888889	54.0294444444,-1.5872222222
335	999	1504242000	1504243799	51	53.9541666667,0.7622222222	53.3780555556,2.6730555556	53.3025,2.7419444444	53.3333333333,2.5	53.2055555556,2.5	53.1941666667,2.5	53.1097222222,2.5	53.1088888889,2.5	53.1080555556,2.5	53.0013888889,2.5	52.9586111111,2.5	52.9577777778,2.5	52.9569444444,2.5	52.8683333333,2.5	52.7972222222,2.5	52.6694444444,2.5	52.6177777778,2.8988888889	52.5333333333,2.8311111111	52.4744444444,2.7780555556	52.4772222222,2.5861111111	52.4783333333,2.5705555556	52.48,2.5586111111	52.4808333333,2.5525	52.5413888889,2.1152777778	52.5430555556,2.1022222222	52.5447222222,2.0894444444	52.5675,1.9027777778	52.4033333333,1.4297222222	52.4252777778,1.1147222222	52.4366666667,0.2227777778	52.4377777778,0.1333333333	52.4391666667,0.0313888889	52.4422222222,-0.0761111111	52.4422222222,-0.175	53.0305555556,-0.7066666667	53.0738888889,-0.7394444444	52.89,0.7719444444	53.1955555556,0.8644444444	53.1977777778,0.865	53.4822222222,0.9522222222	53.5416666667,0.8458333333	53.5941666667,0.4655555556	53.6980555556,0.3791666667	53.7066666667,0.3722222222	53.7077777778,0.3711111111	53.7086111111,0.3702777778	54.0019444444,0.1236111111	54.0291666667,0.1005555556	54.0372222222,0.4383333333	53.955,0.7597222222	53.9541666667,0.7622222222
335	999	1504242000	1504243799	8	53.26,3.0666666667	53.2447222222,3.1838888889	53.2377777778,3.2019444444	53.1747222222,3.3661111111	53.1008333333,3.3036111111	53.0433333333,3.255	52.9311111111,3.16	53.26,3.0666666667
335	999	1504242000	1504243799	23	53.3333333333,2.5	53.3025,2.7419444444	53.2861111111,2.8691666667	53.2688888889,3.0	53.26,3.0666666667	52.9311111111,3.16	52.9169444444,3.1483333333	52.8219444444,3.0686111111	52.7327777778,2.9944444444	52.6177777778,2.8988888889	52.6694444444,2.5	52.7972222222,2.5	52.8683333333,2.5	52.9569444444,2.5	52.9577777778,2.5	52.9586111111,2.5	53.0013888889,2.5	53.1080555556,2.5	53.1088888889,2.5	53.1097222222,2.5	53.1941666667,2.5	53.2055555556,2.5	53.3333333333,2.5
335	999	1504242000	1504243799	26	54.0294444444,-1.5872222222	54.0297222222,-0.6577777778	54.0288888889,-0.5333333333	54.0288888889,-0.4852777778	54.0288888889,-0.4333333333	54.0291666667,-0.3144444444	54.0291666667,0.1005555556	54.0019444444,0.1236111111	53.7086111111,0.3702777778	53.7077777778,0.3711111111	53.7066666667,0.3722222222	53.6980555556,0.3791666667	53.5941666667,0.4655555556	53.5416666667,0.8458333333	53.4822222222,0.9522222222	53.1977777778,0.865	53.1955555556,0.8644444444	52.89,0.7719444444	53.0738888889,-0.7394444444	53.1069444444,-0.77	53.31,-0.9569444444	53.5205555556,-1.1175	53.6775,-1.2386111111	53.7180555556,-1.2686111111	53.9413888889,-1.5013888889	54.0294444444,-1.5872222222
245	999	1504242000	1504243799	6	52.4252777778,1.1147222222	52.3527777778,1.0013888889	52.3633333333,0.1333333333	52.3983333333,0.1333333333	52.4366666667,0.2227777778	52.4252777778,1.1147222222
245	999	1504242000	1504243799	10	52.2058333333,0.8052777778	52.1513888889,0.8425	52.1408333333,0.6391666667	52.1425,0.6297222222	52.1297222222,0.4472222222	52.1419444444,0.3986111111	52.1841666667,0.2208333333	52.1841666667,0.545	52.1958333333,0.6947222222	52.2058333333,0.8052777778
245	999	1504242000	1504243799	4	51.6786111111,1.1227777778	51.7127777778,1.0825	51.7213888889,1.2113888889	51.6786111111,1.1227777778
245	999	1504242000	1504243799	8	51.7952777778,1.4352777778	51.7358333333,1.4266666667	51.7355555556,1.4266666667	51.7213888889,1.2113888889	51.7741666667,1.1194444444	51.7863888889,1.3	51.7938888889,1.4155555556	51.7952777778,1.4352777778
245	999	1504242000	1504243799	5	51.6513888889,1.1541666667	51.6508333333,1.205	51.6002777778,1.2002777778	51.5852777778,1.1480555556	51.6513888889,1.1541666667
245	999	1504242000	1504243799	7	52.1425,0.6297222222	52.1408333333,0.6391666667	51.9394444444,0.3772222222	52.0411111111,0.2566666667	52.1419444444,0.3986111111	52.1297222222,0.4472222222	52.1425,0.6297222222
245	999	1504242000	1504243799	5	51.4988888889,1.5333333333	51.5061111111,1.6077777778	51.4083333333,1.6119444444	51.4133333333,1.5219444444	51.4988888889,1.5333333333
245	999	1504242000	1504243799	28	51.9308333333,1.8333333333	51.9311111111,1.8455555556	51.9322222222,1.8711111111	51.935,1.9361111111	51.9363888889,1.9722222222	51.9419444444,2.125	51.9425,2.1527777778	51.9505555556,2.3558333333	51.9505555556,2.3563888889	51.8719444444,2.2936111111	51.7847222222,2.2241666667	51.7152777778,2.1691666667	51.7063888889,2.1622222222	51.6958333333,2.1538888889	51.6372222222,2.1077777778	51.5702777778,2.055	51.5,2.0	51.4894444444,2.0	51.5061111111,1.6077777778	51.5838888889,1.6116666667	51.5905555556,1.6119444444	51.6008333333,1.6119444444	51.7475,1.6119444444	51.8072222222,1.6083333333	51.8752777778,1.7333333333	51.9138888889,1.8036111111	51.9261111111,1.8255555556	51.9308333333,1.8333333333
245	999	1504242000	1504243799	12	51.6513888889,1.1541666667	51.5852777778,1.1480555556	51.5177777778,0.915	51.4747222222,0.9205555556	51.4494444444,0.9255555556	51.5286111111,0.8330555556	51.5711111111,0.8333333333	51.6044444444,0.9252777778	51.575,1.0008333333	51.5844444444,1.0222222222	51.5930555556,1.0211111111	51.6513888889,1.1541666667
245	999	1504242000	1504243799	7	51.7675,1.0186111111	51.7127777778,1.0825	51.6983333333,0.87	51.7086111111,0.8638888889	51.7327777778,0.9447222222	51.7636111111,0.9205555556	51.7675,1.0186111111
245	999	1504242000	1504243799	6	51.7952777778,1.4352777778	51.8072222222,1.6083333333	51.7475,1.6119444444	51.7355555556,1.4266666667	51.7358333333,1.4266666667	51.7952777778,1.4352777778
245	999	1504242000	1504243799	5	51.7475,1.6119444444	51.4988888889,1.5333333333	51.6486111111,1.3986111111	51.7355555556,1.4266666667	51.7475,1.6119444444
245	999	1504242000	1504243799	4	52.3983333333,0.1333333333	52.3633333333,0.1333333333	52.3638888889,0.0486111111	52.3983333333,0.1333333333
245	999	1504242000	1504243799	15	51.7355555556,1.4266666667	51.6486111111,1.3986111111	51.5655555556,1.3716666667	51.57,1.2538888889	51.4305555556,1.2161111111	51.4313888889,1.2005555556	51.4355555556,1.1213888889	51.4494444444,0.9255555556	51.4747222222,0.9205555556	51.5177777778,0.915	51.5852777778,1.1480555556	51.6002777778,1.2002777778	51.6508333333,1.205	51.7213888889,1.2113888889	51.7355555556,1.4266666667
245	999	1504242000	1504243799	9	51.4988888889,1.5333333333	51.4133333333,1.5219444444	51.4222222222,1.3658333333	51.4283333333,1.2583333333	51.4305555556,1.2161111111	51.57,1.2538888889	51.5655555556,1.3716666667	51.6486111111,1.3986111111	51.4988888889,1.5333333333
245	999	1504242000	1504243799	10	51.6044444444,0.9252777778	51.5711111111,0.8333333333	51.5286111111,0.8330555556	51.7372222222,0.5955555556	51.7427777778,0.6686111111	51.7516666667,0.7538888889	51.7583333333,0.8405555556	51.7086111111,0.8638888889	51.6983333333,0.87	51.6044444444,0.9252777778
245	999	1504242000	1504243799	4	52.3366666667,0.9794444444	52.3136111111,0.9483333333	52.3402777778,0.8405555556	52.3366666667,0.9794444444
245	999	1504242000	1504243799	6	52.1841666667,0.2208333333	52.1419444444,0.3986111111	52.0411111111,0.2566666667	52.1841666667,0.0911111111	52.1841666667,0.1333333333	52.1841666667,0.2208333333
245	999	1504242000	1504243799	5	51.7327777778,0.9447222222	51.7086111111,0.8638888889	51.7583333333,0.8405555556	51.7636111111,0.9205555556	51.7327777778,0.9447222222
245	999	1504242000	1504243799	7	51.4894444444,2.0	51.4430555556,2.0	51.4005555556,2.0	51.3833333333,2.0	51.4083333333,1.6119444444	51.5061111111,1.6077777778	51.4894444444,2.0
245	999	1504242000	1504243799	15	52.1513888889,0.8425	52.1202777778,0.8636111111	51.9683333333,0.9666666667	52.0066666667,0.8133333333	52.0125,0.79	51.9072222222,0.8111111111	51.8925,0.8138888889	51.7877777778,0.8347222222	51.7583333333,0.8405555556	51.7516666667,0.7538888889	51.7427777778,0.6686111111	51.7372222222,0.5955555556	51.9394444444,0.3772222222	52.1408333333,0.6391666667	52.1513888889,0.8425
245	999	1504242000	1504243799	4	52.3427777778,0.0247222222	52.2680555556,-0.0041666667	52.3183333333,-0.0622222222	52.3427777778,0.0247222222
245	999	1504242000	1504243799	7	51.6786111111,1.1227777778	51.6513888889,1.1541666667	51.5930555556,1.0211111111	51.5844444444,1.0222222222	51.575,1.0008333333	51.6044444444,0.9252777778	51.6786111111,1.1227777778
245	999	1504242000	1504243799	5	51.8144444444,0.9105555556	51.8277777778,0.9483333333	51.7675,1.0186111111	51.7636111111,0.9205555556	51.8144444444,0.9105555556
245	999	1504242000	1504243799	7	52.1202777778,0.8636111111	52.0583333333,1.0136111111	52.0366666667,1.065	51.9752777778,1.2113888889	51.9422222222,1.1302777778	51.9683333333,0.9666666667	52.1202777778,0.8636111111
245	999	1504242000	1504243799	9	52.3011111111,0.9355555556	52.2058333333,0.8052777778	52.1958333333,0.6947222222	52.1841666667,0.545	52.1841666667,0.2208333333	52.1841666667,0.1333333333	52.3413888889,0.1333333333	52.3380555556,0.7916666667	52.3011111111,0.9355555556
245	999	1504242000	1504243799	19	51.9752777778,1.2113888889	51.9052777778,1.3775	51.8894444444,1.4141666667	51.8072222222,1.6083333333	51.7952777778,1.4352777778	51.7938888889,1.4155555556	51.7863888889,1.3	51.7741666667,1.1194444444	51.7675,1.0186111111	51.8277777778,0.9483333333	51.8144444444,0.9105555556	51.7877777778,0.8347222222	51.8925,0.8138888889	51.9072222222,0.8111111111	52.0125,0.79	52.0066666667,0.8133333333	51.9683333333,0.9666666667	51.9422222222,1.1302777778	51.9752777778,1.2113888889
245	999	1504242000	1504243799	5	51.7583333333,0.8405555556	51.7877777778,0.8347222222	51.8144444444,0.9105555556	51.7636111111,0.9205555556	51.7583333333,0.8405555556
245	999	1504242000	1504243799	7	51.7475,1.6119444444	51.6008333333,1.6119444444	51.5905555556,1.6119444444	51.5838888889,1.6116666667	51.5061111111,1.6077777778	51.4988888889,1.5333333333	51.7475,1.6119444444
245	999	1504242000	1504243799	5	51.7741666667,1.1194444444	51.7213888889,1.2113888889	51.7127777778,1.0825	51.7675,1.0186111111	51.7741666667,1.1194444444
245	999	1504242000	1504243799	5	51.7127777778,1.0825	51.6786111111,1.1227777778	51.6044444444,0.9252777778	51.6983333333,0.87	51.7127777778,1.0825
245	999	1504242000	1504243799	5	51.6513888889,1.1541666667	51.6786111111,1.1227777778	51.7213888889,1.2113888889	51.6508333333,1.205	51.6513888889,1.1541666667
245	999	1504242000	1504243799	6	52.3413888889,0.1333333333	52.1841666667,0.1333333333	52.1841666667,0.0911111111	52.2680555556,-0.0041666667	52.3427777778,0.0247222222	52.3413888889,0.1333333333
215	295	1504242000	1504243799	12	51.7063888889,2.1622222222	51.6369444444,2.5	51.5480555556,2.5	51.4555555556,2.5	51.4719444444,2.3166666667	51.4758333333,2.275	51.4925,2.0833333333	51.5,2.0	51.5702777778,2.055	51.6372222222,2.1077777778	51.6958333333,2.1538888889	51.7063888889,2.1622222222
215	295	1504242000	1504243799	4	51.5547222222,3.1733333333	51.4805555556,3.1736111111	51.5,3.1	51.5547222222,3.1733333333
215	295	1504242000	1504243799	10	51.9505555556,2.3563888889	51.9536111111,2.5	51.9569444444,2.6666666667	51.5983333333,2.6666666667	51.6369444444,2.5	51.7063888889,2.1622222222	51.7152777778,2.1691666667	51.7847222222,2.2241666667	51.8719444444,2.2936111111	51.9505555556,2.3563888889
215	295	1504242000	1504243799	6	51.9655555556,3.1719444444	51.5547222222,3.1733333333	51.5,3.1	51.5983333333,2.6666666667	51.9569444444,2.6666666667	51.9655555556,3.1719444444
