27
245	999	1504243800	1504245599	6	50.0,-2.2383333333	49.9597222222,-2.2433333333	49.9383333333,-2.3711111111	49.9155555556,-2.5086111111	50.0,-2.4997222222	50.0,-2.2383333333
245	999	1504243800	1504245599	9	50.4733333333,-2.0941666667	50.4413888889,-2.1108333333	50.2622222222,-2.2036111111	50.0,-2.2383333333	50.0,-2.4997222222	50.2961111111,-2.4608333333	50.5258333333,-2.3422222222	50.5036111111,-2.2141666667	50.4733333333,-2.0941666667
125	305	1504243800	1504245599	6	50.8244444444,-1.2930555556	50.6875,-1.3866666667	50.6769444444,-1.6819444444	50.75,-1.6311111111	50.8286111111,-1.5763888889	50.8244444444,-1.2930555556
95	305	1504243800	1504245599	6	51.0230555556,-1.4530555556	50.9825,-1.4683333333	50.9186111111,-1.5127777778	50.8919444444,-1.6794444444	50.9988888889,-1.6036111111	51.0230555556,-1.4530555556
55	305	1504243800	1504245599	17	50.9988888889,-1.6036111111	50.8919444444,-1.6794444444	50.9186111111,-1.5127777778	50.8286111111,-1.5763888889	50.75,-1.6311111111	50.6769444444,-1.6819444444	50.675,-1.85	50.675,-2.0	50.6827777778,-2.0	50.725,-2.0	50.75,-2.0	50.7833333333,-2.0	50.7997222222,-2.0	50.8386111111,-2.0	50.8666666667,-2.0	50.9288888889,-2.0	50.9988888889,-1.6036111111
55	305	1504243800	1504245599	11	51.2575,-2.0	51.2097222222,-1.5969444444	51.2188888889,-1.51	51.1747222222,-1.5269444444	50.9988888889,-1.6036111111	50.9288888889,-2.0	51.025,-2.0	51.0416666667,-2.0	51.1127777778,-2.0	51.1741666667,-2.0	51.2575,-2.0
135	305	1504243800	1504245599	5	50.7997222222,-2.0	50.7833333333,-2.0	50.7775,-2.0777777778	50.7880555556,-2.0811111111	50.7997222222,-2.0
135	305	1504243800	1504245599	7	50.8494444444,-2.1047222222	50.8233333333,-2.0930555556	50.7880555556,-2.0811111111	50.7775,-2.0777777778	50.7663888889,-2.2347222222	50.825,-2.2522222222	50.8494444444,-2.1047222222
135	305	1504243800	1504245599	5	50.8666666667,-2.0	50.8386111111,-2.0	50.8233333333,-2.0930555556	50.8494444444,-2.1047222222	50.8666666667,-2.0
135	305	1504243800	1504245599	5	50.8386111111,-2.0	50.7997222222,-2.0	50.7880555556,-2.0811111111	50.8233333333,-2.0930555556	50.8386111111,-2.0
115	305	1504243800	1504245599	8	51.2305555556,-1.3663888889	51.1536111111,-1.3986111111	51.065,-1.4336111111	51.0230555556,-1.4530555556	50.9988888889,-1.6036111111	51.1747222222,-1.5269444444	51.2188888889,-1.51	51.2305555556,-1.3663888889
195	305	1504243800	1504245599	4	50.67,-2.2683333333	50.6202777778,-2.2938888889	50.6627777778,-2.5188888889	50.67,-2.2683333333
155	305	1504243800	1504245599	13	50.7775,-2.0777777778	50.7477777778,-2.0672222222	50.6755555556,-2.0433333333	50.6827777778,-2.0	50.675,-2.0	50.675,-2.0430555556	50.6752777778,-2.1258333333	50.67,-2.2683333333	50.6627777778,-2.5188888889	50.7158333333,-2.5166666667	50.7497222222,-2.5186111111	50.7663888889,-2.2347222222	50.7775,-2.0777777778
155	305	1504243800	1504245599	5	50.7833333333,-2.0	50.75,-2.0	50.7477777778,-2.0672222222	50.7775,-2.0777777778	50.7833333333,-2.0
155	305	1504243800	1504245599	14	51.2305555556,-1.3663888889	51.1986111111,-1.1675	51.1877777778,-1.1086111111	51.1116666667,-1.1366666667	50.9266666667,-1.2186111111	50.8825,-1.2533333333	50.8244444444,-1.2930555556	50.8286111111,-1.5763888889	50.9186111111,-1.5127777778	50.9825,-1.4683333333	51.0230555556,-1.4530555556	51.065,-1.4336111111	51.1536111111,-1.3986111111	51.2305555556,-1.3663888889
155	305	1504243800	1504245599	6	50.75,-2.0	50.725,-2.0	50.6827777778,-2.0	50.6755555556,-2.0433333333	50.7477777778,-2.0672222222	50.75,-2.0
155	305	1504243800	1504245599	5	50.825,-2.2522222222	50.7663888889,-2.2347222222	50.7497222222,-2.5186111111	50.7791666667,-2.5322222222	50.825,-2.2522222222
195	999	1504243800	1504245599	6	50.0,-2.1455555556	49.9727777778,-2.1636111111	49.9711111111,-2.1730555556	49.9597222222,-2.2433333333	50.0,-2.2383333333	50.0,-2.1455555556
195	999	1504243800	1504245599	8	50.3927777778,-1.8813888889	50.3138888889,-1.9327777778	50.0,-2.1455555556	50.0,-2.2383333333	50.2622222222,-2.2036111111	50.4413888889,-2.1108333333	50.415,-1.9852777778	50.3927777778,-1.8813888889
195	999	1504243800	1504245599	6	50.0,-2.0	49.9991666667,-2.005	49.9825,-2.1063888889	49.9727777778,-2.1636111111	50.0,-2.1455555556	50.0,-2.0
195	999	1504243800	1504245599	6	50.3138888889,-1.9327777778	50.1463888889,-1.9552777778	50.0,-1.9747222222	50.0,-2.0	50.0,-2.1455555556	50.3138888889,-1.9327777778
345	999	1504243800	1504245599	10	50.4736111111,-1.5375	50.2711111111,-1.6783333333	50.1394444444,-1.7666666667	50.1394444444,-1.8261111111	50.1463888889,-1.9552777778	50.3138888889,-1.9327777778	50.3927777778,-1.8813888889	50.5233333333,-1.7902777778	50.4986111111,-1.6638888889	50.4736111111,-1.5375
345	999	1504243800	1504245599	7	50.1394444444,-1.7666666667	50.0,-1.8591666667	50.0,-1.8833333333	50.0,-1.9747222222	50.1463888889,-1.9552777778	50.1394444444,-1.8261111111	50.1394444444,-1.7666666667
345	999	1504243800	1504245599	8	50.6875,-1.3866666667	50.6152777778,-1.4413888889	50.5775,-1.4663888889	50.4736111111,-1.5375	50.4986111111,-1.6638888889	50.5233333333,-1.7902777778	50.6769444444,-1.6819444444	50.6875,-1.3866666667
165	999	1504243800	1504245599	7	50.6769444444,-1.6819444444	50.5233333333,-1.7902777778	50.67,-2.0411111111	50.675,-2.0430555556	50.675,-2.0	50.675,-1.85	50.6769444444,-1.6819444444
165	999	1504243800	1504245599	13	50.5233333333,-1.7902777778	50.3927777778,-1.8813888889	50.415,-1.9852777778	50.4413888889,-2.1108333333	50.4733333333,-2.0941666667	50.5036111111,-2.2141666667	50.5258333333,-2.3422222222	50.6202777778,-2.2938888889	50.67,-2.2683333333	50.6752777778,-2.1258333333	50.675,-2.0430555556	50.67,-2.0411111111	50.5233333333,-1.7902777778
175	305	1504243800	1504245599	7	51.1877777778,-1.1086111111	51.0069444444,-0.9855555556	50.9261111111,-0.93	50.8825,-1.2533333333	50.9266666667,-1.2186111111	51.1116666667,-1.1366666667	51.1877777778,-1.1086111111
