40
215	305	1504224000	1504238399	27	51.9386111111,-0.13	51.9261111111,-0.1177777778	51.8911111111,-0.0841666667	51.8391666667,-0.035	51.8002777778,0.0022222222	51.7533333333,0.0811111111	51.7044444444,0.155	51.5919444444,0.3336111111	51.5733333333,0.3627777778	51.5263888889,0.4375	51.4541666667,0.55	51.4311111111,0.4961111111	51.4058333333,0.4341666667	51.2980555556,0.1683333333	51.2827777778,0.1313888889	51.2516666667,0.0580555556	51.1480555556,-0.1902777778	51.2188888889,-0.2661111111	51.3194444444,-0.3719444444	51.6730555556,-0.7616666667	51.8405555556,-0.9486111111	51.8530555556,-0.9625	51.8972222222,-0.7605555556	51.8005555556,-0.6411111111	51.8747222222,-0.3683333333	51.9091666667,-0.2402777778	51.9386111111,-0.13
215	305	1504224000	1504238399	5	51.9027777778,-1.0447222222	51.9830555556,-0.8672222222	51.9536111111,-0.8302777778	51.8716666667,-0.9927777778	51.9027777778,-1.0447222222
215	305	1504224000	1504238399	10	51.1986111111,-1.1675	51.2188888889,-0.2661111111	51.1480555556,-0.1902777778	50.7738888889,-0.8283333333	50.805,-0.8611111111	50.81,-0.8666666667	50.9261111111,-0.93	51.0069444444,-0.9855555556	51.1877777778,-1.1086111111	51.1986111111,-1.1675
215	305	1504224000	1504238399	20	51.8530555556,-0.9625	51.8405555556,-0.9486111111	51.6730555556,-0.7616666667	51.3194444444,-0.3719444444	51.2188888889,-0.2661111111	51.1986111111,-1.1675	51.2305555556,-1.3663888889	51.2713888889,-1.3491666667	51.3219444444,-1.35	51.3552777778,-1.35	51.4241666667,-1.35	51.4525,-1.3497222222	51.4822222222,-1.35	51.5238888889,-1.35	51.5922222222,-1.3508333333	51.6002777778,-1.4147222222	51.6447222222,-1.4375	51.6594444444,-1.4086111111	51.8716666667,-0.9927777778	51.8530555556,-0.9625
215	305	1504224000	1504238399	7	51.9027777778,-1.0447222222	51.8716666667,-0.9927777778	51.6594444444,-1.4086111111	51.6447222222,-1.4375	51.6638888889,-1.4472222222	51.7186111111,-1.4752777778	51.9027777778,-1.0447222222
215	305	1504224000	1504238399	5	51.9536111111,-0.8302777778	51.8972222222,-0.7605555556	51.8530555556,-0.9625	51.8716666667,-0.9927777778	51.9536111111,-0.8302777778
275	305	1504224000	1504238399	36	51.6169444444,-1.55	51.6113888889,-1.5052777778	51.6002777778,-1.4147222222	51.5922222222,-1.3508333333	51.5238888889,-1.35	51.4822222222,-1.35	51.4525,-1.3497222222	51.4241666667,-1.35	51.3552777778,-1.35	51.3219444444,-1.35	51.2713888889,-1.3491666667	51.2305555556,-1.3663888889	51.2188888889,-1.51	51.2097222222,-1.5969444444	51.2575,-2.0	51.2888888889,-2.0	51.3866666667,-2.0	51.4,-2.0	51.4144444444,-2.0	51.435,-2.0	51.4366666667,-2.0	51.4430555556,-2.0	51.4477777778,-2.0	51.5011111111,-2.0	51.5694444444,-2.0	51.5988888889,-2.0	51.6083333333,-2.0	51.6583333333,-2.0	51.6819444444,-2.0	51.6905555556,-2.0	51.7977777778,-1.6933333333	51.7644444444,-1.6588888889	51.7491666667,-1.6430555556	51.7061111111,-1.5969444444	51.6819444444,-1.5819444444	51.6169444444,-1.55
275	305	1504224000	1504238399	7	51.6638888889,-1.4472222222	51.6447222222,-1.4375	51.6002777778,-1.4147222222	51.6113888889,-1.5052777778	51.6169444444,-1.55	51.6819444444,-1.5819444444	51.6638888889,-1.4472222222
275	305	1504224000	1504238399	9	51.4511111111,0.7994444444	51.0180555556,1.3088888889	50.9783333333,0.965	51.0438888889,0.8152777778	51.1430555556,0.5863888889	51.4541666667,0.55	51.4552777778,0.6041666667	51.4527777778,0.7275	51.4511111111,0.7994444444
295	999	1504224000	1504238399	14	50.4013888889,0.7697222222	50.3516666667,0.6413888889	50.2744444444,0.4436111111	50.2044444444,0.2647222222	50.1333333333,0.1	50.1,0.0	50.0555555556,-0.1108333333	50.1741666667,-0.1952777778	50.2297222222,-0.2530555556	50.2983333333,-0.325	50.4966666667,-0.5333333333	50.4369444444,0.2522222222	50.5583333333,0.5711111111	50.4013888889,0.7697222222
295	999	1504224000	1504238399	10	50.8491666667,0.1986111111	50.7372222222,0.3427777778	50.5583333333,0.5711111111	50.4369444444,0.2522222222	50.4966666667,-0.5333333333	50.4991666667,-0.5358333333	50.5,-0.5369444444	50.5469444444,-0.5861111111	50.6166666667,-0.6602777778	50.8491666667,0.1986111111
295	999	1504224000	1504238399	6	50.4966666667,-0.5333333333	50.2983333333,-0.325	50.2297222222,-0.2530555556	50.0,-0.5319444444	50.0,-0.5333333333	50.4966666667,-0.5333333333
295	999	1504224000	1504238399	7	50.2297222222,-0.2530555556	50.1741666667,-0.1952777778	50.0555555556,-0.1108333333	50.0,-0.25	50.0,-0.3683333333	50.0,-0.5319444444	50.2297222222,-0.2530555556
255	305	1504224000	1504238399	10	51.1480555556,-0.1902777778	51.0861111111,-0.11	51.0269444444,-0.0333333333	50.9844444444,0.0236111111	50.925,0.1005555556	50.8491666667,0.1986111111	50.6166666667,-0.6602777778	50.7091666667,-0.7580555556	50.7738888889,-0.8283333333	51.1480555556,-0.1902777778
255	305	1504224000	1504238399	10	51.2980555556,0.1683333333	51.1430555556,0.5863888889	51.0438888889,0.8152777778	50.9844444444,0.0236111111	51.0269444444,-0.0333333333	51.0861111111,-0.11	51.1480555556,-0.1902777778	51.2516666667,0.0580555556	51.2827777778,0.1313888889	51.2980555556,0.1683333333
255	305	1504224000	1504238399	6	51.1430555556,0.5863888889	51.2980555556,0.1683333333	51.4058333333,0.4341666667	51.4311111111,0.4961111111	51.4541666667,0.55	51.1430555556,0.5863888889
315	999	1504224000	1504238399	6	51.3433333333,1.6083333333	51.3333333333,1.6083333333	51.3083333333,1.6	51.3247222222,1.5113888889	51.3613888889,1.5158333333	51.3433333333,1.6083333333
315	999	1504224000	1504238399	7	51.4083333333,1.6119444444	51.3833333333,1.6	51.3666666667,1.6166666667	51.3433333333,1.6083333333	51.3613888889,1.5158333333	51.4133333333,1.5219444444	51.4083333333,1.6119444444
315	999	1504224000	1504238399	6	51.3247222222,1.5113888889	51.3083333333,1.6	51.2833333333,1.5916666667	51.2666666667,1.55	51.2583333333,1.5	51.3247222222,1.5113888889
315	999	1504224000	1504238399	22	51.4133333333,1.5219444444	51.3613888889,1.5158333333	51.3247222222,1.5113888889	51.2583333333,1.5	51.2394444444,1.5011111111	51.0,1.4666666667	50.9666666667,1.4666666667	50.9577777778,1.4666666667	50.9211111111,1.4666666667	50.9161111111,1.4666666667	50.9055555556,1.4666666667	50.9044444444,1.4666666667	51.0180555556,1.3088888889	51.4511111111,0.7994444444	51.4508333333,0.8333333333	51.4494444444,0.9255555556	51.4355555556,1.1213888889	51.4313888889,1.2005555556	51.4305555556,1.2161111111	51.4283333333,1.2583333333	51.4222222222,1.3658333333	51.4133333333,1.5219444444
315	999	1504224000	1504238399	16	51.2583333333,1.5	51.2666666667,1.55	51.2833333333,1.5916666667	51.3083333333,1.6	51.2152777778,2.0	51.2119444444,2.0	51.1969444444,2.0	51.1308333333,2.0	51.1166666667,2.0	51.0586111111,1.7322222222	51.0447222222,1.6697222222	51.0327777778,1.6155555556	51.02,1.555	51.0,1.4666666667	51.2394444444,1.5011111111	51.2583333333,1.5
315	999	1504224000	1504238399	12	51.3833333333,2.0	51.3591666667,2.0	51.33,2.0	51.2463888889,2.0	51.2152777778,2.0	51.3083333333,1.6	51.3333333333,1.6083333333	51.3433333333,1.6083333333	51.3666666667,1.6166666667	51.3833333333,1.6	51.4083333333,1.6119444444	51.3833333333,2.0
355	999	1504224000	1504238399	10	51.0438888889,0.8152777778	50.9783333333,0.965	50.9536111111,1.0211111111	50.9488888889,1.0322222222	50.925,1.0866666667	50.6788888889,1.4547222222	50.6666666667,1.4666666667	50.6622222222,1.4547222222	50.9844444444,0.0236111111	51.0438888889,0.8152777778
245	305	1504224000	1504238399	22	52.0411111111,0.2566666667	51.9394444444,0.3772222222	51.7372222222,0.5955555556	51.5286111111,0.8330555556	51.4494444444,0.9255555556	51.4508333333,0.8333333333	51.4511111111,0.7994444444	51.4527777778,0.7275	51.4552777778,0.6041666667	51.4541666667,0.55	51.5263888889,0.4375	51.5733333333,0.3627777778	51.5919444444,0.3336111111	51.7044444444,0.155	51.7533333333,0.0811111111	51.8002777778,0.0022222222	51.8391666667,-0.035	51.8911111111,-0.0841666667	51.9261111111,-0.1177777778	51.9386111111,-0.13	51.9897222222,0.0619444444	52.0411111111,0.2566666667
305	999	1504224000	1504238399	8	52.0,-1.2072222222	51.9027777778,-1.0447222222	51.7186111111,-1.4752777778	51.7219444444,-1.4769444444	51.7294444444,-1.4805555556	51.8252777778,-1.6141666667	51.8769444444,-1.4722222222	52.0,-1.2072222222
305	999	1504224000	1504238399	10	51.1986111111,-1.1675	51.2188888889,-0.2661111111	51.1480555556,-0.1902777778	50.7738888889,-0.8283333333	50.805,-0.8611111111	50.81,-0.8666666667	50.9261111111,-0.93	51.0069444444,-0.9855555556	51.1877777778,-1.1086111111	51.1986111111,-1.1675
305	999	1504224000	1504238399	10	51.2980555556,0.1683333333	51.1430555556,0.5863888889	51.0438888889,0.8152777778	50.9844444444,0.0236111111	51.0269444444,-0.0333333333	51.0861111111,-0.11	51.1480555556,-0.1902777778	51.2516666667,0.0580555556	51.2827777778,0.1313888889	51.2980555556,0.1683333333
305	999	1504224000	1504238399	27	51.9386111111,-0.13	51.9261111111,-0.1177777778	51.8911111111,-0.0841666667	51.8391666667,-0.035	51.8002777778,0.0022222222	51.7533333333,0.0811111111	51.7044444444,0.155	51.5919444444,0.3336111111	51.5733333333,0.3627777778	51.5263888889,0.4375	51.4541666667,0.55	51.4311111111,0.4961111111	51.4058333333,0.4341666667	51.2980555556,0.1683333333	51.2827777778,0.1313888889	51.2516666667,0.0580555556	51.1480555556,-0.1902777778	51.2188888889,-0.2661111111	51.3194444444,-0.3719444444	51.6730555556,-0.7616666667	51.8405555556,-0.9486111111	51.8530555556,-0.9625	51.8972222222,-0.7605555556	51.8005555556,-0.6411111111	51.8747222222,-0.3683333333	51.9091666667,-0.2402777778	51.9386111111,-0.13
305	999	1504224000	1504238399	8	50.9044444444,1.4666666667	50.8569444444,1.4666666667	50.7794444444,1.4666666667	50.75,1.4666666667	50.6666666667,1.4666666667	50.6788888889,1.4547222222	50.925,1.0866666667	50.9044444444,1.4666666667
305	999	1504224000	1504238399	36	51.1741666667,-2.0	51.2575,-2.0	51.2888888889,-2.0	51.3866666667,-2.0	51.4,-2.0	51.4144444444,-2.0	51.435,-2.0	51.4366666667,-2.0	51.4430555556,-2.0	51.4477777778,-2.0	51.5011111111,-2.0	51.5694444444,-2.0	51.5988888889,-2.0	51.6083333333,-2.0	51.6583333333,-2.0	51.6819444444,-2.0	51.6905555556,-2.0	51.7977777778,-1.6933333333	51.8252777778,-1.6141666667	51.7294444444,-1.4805555556	51.7219444444,-1.4769444444	51.7186111111,-1.4752777778	51.6638888889,-1.4472222222	51.6447222222,-1.4375	51.6002777778,-1.4147222222	51.5922222222,-1.3508333333	51.5238888889,-1.35	51.4822222222,-1.35	51.4525,-1.3497222222	51.4241666667,-1.35	51.3552777778,-1.35	51.3219444444,-1.35	51.2713888889,-1.3491666667	51.2305555556,-1.3663888889	51.1986111111,-1.1675	51.1741666667,-2.0
305	999	1504224000	1504238399	14	52.1608333333,-0.8283333333	52.0669444444,-0.6088888889	52.0,-0.4519444444	51.9091666667,-0.2402777778	51.8747222222,-0.3683333333	51.8005555556,-0.6411111111	51.8972222222,-0.7605555556	51.8530555556,-0.9625	51.8716666667,-0.9927777778	51.9027777778,-1.0447222222	52.0,-1.2072222222	52.0886111111,-0.9988888889	52.1005555556,-0.9705555556	52.1608333333,-0.8283333333
305	999	1504224000	1504238399	7	51.9027777778,-1.0447222222	51.8716666667,-0.9927777778	51.6594444444,-1.4086111111	51.6447222222,-1.4375	51.6638888889,-1.4472222222	51.7186111111,-1.4752777778	51.9027777778,-1.0447222222
305	999	1504224000	1504238399	7	51.0180555556,1.3088888889	50.9044444444,1.4666666667	50.925,1.0866666667	50.9488888889,1.0322222222	50.9536111111,1.0211111111	50.9783333333,0.965	51.0180555556,1.3088888889
305	999	1504224000	1504238399	11	50.7122222222,1.7347222222	50.6569444444,1.6363888889	50.6286111111,1.5863888889	50.6019444444,1.5388888889	50.6622222222,1.4547222222	50.6666666667,1.4666666667	50.75,1.4666666667	50.7794444444,1.4666666667	50.8569444444,1.4666666667	50.9044444444,1.4666666667	50.7122222222,1.7347222222
305	999	1504224000	1504238399	20	51.8530555556,-0.9625	51.8405555556,-0.9486111111	51.6730555556,-0.7616666667	51.3194444444,-0.3719444444	51.2188888889,-0.2661111111	51.1986111111,-1.1675	51.2305555556,-1.3663888889	51.2713888889,-1.3491666667	51.3219444444,-1.35	51.3552777778,-1.35	51.4241666667,-1.35	51.4525,-1.3497222222	51.4822222222,-1.35	51.5238888889,-1.35	51.5922222222,-1.3508333333	51.6002777778,-1.4147222222	51.6447222222,-1.4375	51.6594444444,-1.4086111111	51.8716666667,-0.9927777778	51.8530555556,-0.9625
305	999	1504224000	1504238399	27	50.7091666667,-0.7580555556	50.6969444444,-0.8386111111	50.6894444444,-1.2061111111	50.6875,-1.3866666667	50.6769444444,-1.6819444444	50.675,-1.85	50.675,-2.0	50.6827777778,-2.0	50.725,-2.0	50.75,-2.0	50.7833333333,-2.0	50.7997222222,-2.0	50.8386111111,-2.0	50.8666666667,-2.0	50.9288888889,-2.0	51.025,-2.0	51.0416666667,-2.0	51.1127777778,-2.0	51.1741666667,-2.0	51.1986111111,-1.1675	51.1877777778,-1.1086111111	51.0069444444,-0.9855555556	50.9261111111,-0.93	50.81,-0.8666666667	50.805,-0.8611111111	50.7738888889,-0.8283333333	50.7091666667,-0.7580555556
305	999	1504224000	1504238399	9	51.4511111111,0.7994444444	51.0180555556,1.3088888889	50.9783333333,0.965	51.0438888889,0.8152777778	51.1430555556,0.5863888889	51.4541666667,0.55	51.4552777778,0.6041666667	51.4527777778,0.7275	51.4511111111,0.7994444444
305	999	1504224000	1504238399	22	52.0411111111,0.2566666667	51.9394444444,0.3772222222	51.7372222222,0.5955555556	51.5286111111,0.8330555556	51.4494444444,0.9255555556	51.4508333333,0.8333333333	51.4511111111,0.7994444444	51.4527777778,0.7275	51.4552777778,0.6041666667	51.4541666667,0.55	51.5263888889,0.4375	51.5733333333,0.3627777778	51.5919444444,0.3336111111	51.7044444444,0.155	51.7533333333,0.0811111111	51.8002777778,0.0022222222	51.8391666667,-0.035	51.8911111111,-0.0841666667	51.9261111111,-0.1177777778	51.9386111111,-0.13	51.9897222222,0.0619444444	52.0411111111,0.2566666667
305	999	1504224000	1504238399	10	51.1480555556,-0.1902777778	51.0861111111,-0.11	51.0269444444,-0.0333333333	50.9844444444,0.0236111111	50.925,0.1005555556	50.8491666667,0.1986111111	50.6166666667,-0.6602777778	50.7091666667,-0.7580555556	50.7738888889,-0.8283333333	51.1480555556,-0.1902777778
305	999	1504224000	1504238399	6	51.1430555556,0.5863888889	51.2980555556,0.1683333333	51.4058333333,0.4341666667	51.4311111111,0.4961111111	51.4541666667,0.55	51.1430555556,0.5863888889
