81
195	295	1504224000	1504241999	13	53.1386111111,-1.0527777778	53.0222222222,-1.0175	53.0044444444,-1.0119444444	52.7991666667,-0.8094444444	52.7563888889,-0.9272222222	52.7711111111,-0.9419444444	52.7905555556,-0.9613888889	52.8016666667,-0.9725	52.8361111111,-1.0066666667	52.9716666667,-1.1427777778	52.9836111111,-1.155	53.1713888889,-1.3452777778	53.1386111111,-1.0527777778
195	295	1504224000	1504241999	6	52.7991666667,-0.8094444444	52.4416666667,-0.4588888889	52.4422222222,-0.6172222222	52.6102777778,-0.7822222222	52.7563888889,-0.9272222222	52.7991666667,-0.8094444444
195	295	1504224000	1504241999	7	52.1608333333,-0.8283333333	52.0669444444,-0.6088888889	52.0166666667,-0.7072222222	51.9536111111,-0.8302777778	51.9830555556,-0.8672222222	52.1005555556,-0.9705555556	52.1608333333,-0.8283333333
195	295	1504224000	1504241999	20	52.4422222222,-0.6172222222	52.1894444444,-0.3697222222	52.0669444444,-0.6088888889	52.1608333333,-0.8283333333	52.1005555556,-0.9705555556	52.2911111111,-1.1405555556	52.4722222222,-1.3030555556	53.0077777778,-1.7936111111	53.0538888889,-1.67	53.0777777778,-1.6041666667	53.1713888889,-1.3452777778	52.9836111111,-1.155	52.9716666667,-1.1427777778	52.8361111111,-1.0066666667	52.8016666667,-0.9725	52.7905555556,-0.9613888889	52.7711111111,-0.9419444444	52.7563888889,-0.9272222222	52.6102777778,-0.7822222222	52.4422222222,-0.6172222222
225	999	1504224000	1504241999	8	52.2355555556,-1.1722222222	52.1802777778,-1.1138888889	52.0886111111,-0.9988888889	52.0,-1.2072222222	51.8769444444,-1.4722222222	51.8891666667,-1.7033333333	51.9969444444,-1.8536111111	52.2355555556,-1.1722222222
285	295	1504224000	1504241999	24	54.25,-2.675	54.25,-2.6636111111	54.25,-2.5572222222	54.25,-2.3111111111	54.25,-2.2833333333	54.25,-2.1666666667	54.25,-2.145	54.25,-2.0166666667	54.25,-1.9333333333	54.25,-1.8155555556	54.1986111111,-1.7619444444	54.1644444444,-1.7266666667	54.0972222222,-1.6572222222	54.0294444444,-1.5872222222	54.0269444444,-1.7122222222	54.0255555556,-1.7905555556	54.0244444444,-1.8705555556	54.0230555556,-1.9591666667	54.0225,-1.9891666667	54.0161111111,-2.2897222222	54.0125,-2.4358333333	54.0119444444,-2.4622222222	54.1466666667,-2.5758333333	54.25,-2.675
245	295	1504224000	1504241999	10	53.1069444444,-0.77	53.0738888889,-0.7394444444	53.0305555556,-0.7066666667	52.4422222222,-0.175	52.4416666667,-0.4588888889	52.7991666667,-0.8094444444	53.0044444444,-1.0119444444	53.0222222222,-1.0175	53.1386111111,-1.0527777778	53.1069444444,-0.77
245	295	1504224000	1504241999	7	52.1841666667,0.0911111111	52.0411111111,0.2566666667	51.9897222222,0.0619444444	51.9386111111,-0.13	52.1847222222,-0.0386111111	52.1841666667,0.0	52.1841666667,0.0911111111
145	999	1504224000	1504241999	9	52.2877777778,-2.1686111111	52.2908333333,-2.1605555556	52.4016666667,-1.8808333333	52.3155555556,-1.7847222222	52.2877777778,-1.77	52.2566666667,-1.8483333333	52.2761111111,-1.8705555556	52.2622222222,-2.1319444444	52.2877777778,-2.1686111111
145	999	1504224000	1504241999	5	52.2877777778,-1.77	52.2397222222,-1.745	52.2463888889,-1.8366666667	52.2566666667,-1.8483333333	52.2877777778,-1.77
255	285	1504224000	1504241999	9	53.3108333333,-1.4877777778	53.1941666667,-1.3683333333	53.1713888889,-1.3452777778	53.0777777778,-1.6041666667	53.0538888889,-1.67	53.0077777778,-1.7936111111	53.2069444444,-1.9788888889	53.2380555556,-1.8619444444	53.3108333333,-1.4877777778
295	305	1504224000	1504241999	5	52.0669444444,-0.6088888889	52.0,-0.4519444444	52.0,-0.6833333333	52.0166666667,-0.7072222222	52.0669444444,-0.6088888889
295	305	1504224000	1504241999	9	52.0,-0.4519444444	51.9091666667,-0.2402777778	51.8747222222,-0.3683333333	51.8005555556,-0.6411111111	51.8972222222,-0.7605555556	51.9536111111,-0.8302777778	52.0166666667,-0.7072222222	52.0,-0.6833333333	52.0,-0.4519444444
295	305	1504224000	1504241999	7	52.1608333333,-0.8283333333	52.0669444444,-0.6088888889	52.0166666667,-0.7072222222	51.9536111111,-0.8302777778	51.9830555556,-0.8672222222	52.1005555556,-0.9705555556	52.1608333333,-0.8283333333
295	999	1504224000	1504241999	6	52.4377777778,0.1333333333	52.3983333333,0.1333333333	52.3638888889,0.0486111111	52.3561111111,0.0297222222	52.4391666667,0.0313888889	52.4377777778,0.1333333333
295	999	1504224000	1504241999	5	52.4422222222,-0.6172222222	52.4416666667,-0.4588888889	52.3516666667,-0.3705555556	52.1894444444,-0.3697222222	52.4422222222,-0.6172222222
295	999	1504224000	1504241999	5	52.3183333333,-0.0622222222	52.2680555556,-0.0041666667	52.1847222222,-0.0386111111	52.1894444444,-0.3697222222	52.3183333333,-0.0622222222
295	999	1504224000	1504241999	20	52.4422222222,-0.6172222222	52.1894444444,-0.3697222222	52.0669444444,-0.6088888889	52.1608333333,-0.8283333333	52.1005555556,-0.9705555556	52.2911111111,-1.1405555556	52.4722222222,-1.3030555556	53.0077777778,-1.7936111111	53.0538888889,-1.67	53.0777777778,-1.6041666667	53.1713888889,-1.3452777778	52.9836111111,-1.155	52.9716666667,-1.1427777778	52.8361111111,-1.0066666667	52.8016666667,-0.9725	52.7905555556,-0.9613888889	52.7711111111,-0.9419444444	52.7563888889,-0.9272222222	52.6102777778,-0.7822222222	52.4422222222,-0.6172222222
295	999	1504224000	1504241999	13	53.1386111111,-1.0527777778	53.0222222222,-1.0175	53.0044444444,-1.0119444444	52.7991666667,-0.8094444444	52.7563888889,-0.9272222222	52.7711111111,-0.9419444444	52.7905555556,-0.9613888889	52.8016666667,-0.9725	52.8361111111,-1.0066666667	52.9716666667,-1.1427777778	52.9836111111,-1.155	53.1713888889,-1.3452777778	53.1386111111,-1.0527777778
295	999	1504224000	1504241999	6	52.1894444444,-0.3697222222	52.1847222222,-0.0386111111	51.9386111111,-0.13	52.0,-0.1880555556	52.0325,-0.2188888889	52.1894444444,-0.3697222222
295	999	1504224000	1504241999	6	52.7991666667,-0.8094444444	52.4416666667,-0.4588888889	52.4422222222,-0.6172222222	52.6102777778,-0.7822222222	52.7563888889,-0.9272222222	52.7991666667,-0.8094444444
295	999	1504224000	1504241999	10	52.4422222222,-0.175	52.4422222222,-0.0761111111	52.4391666667,0.0313888889	52.3561111111,0.0297222222	52.3427777778,0.0247222222	52.3183333333,-0.0622222222	52.1894444444,-0.3697222222	52.3516666667,-0.3705555556	52.4416666667,-0.4588888889	52.4422222222,-0.175
295	999	1504224000	1504241999	6	52.1894444444,-0.3697222222	52.0325,-0.2188888889	52.0,-0.1880555556	52.0,-0.4519444444	52.0669444444,-0.6088888889	52.1894444444,-0.3697222222
295	999	1504224000	1504241999	5	52.0,-0.1880555556	51.9386111111,-0.13	51.9091666667,-0.2402777778	52.0,-0.4519444444	52.0,-0.1880555556
295	999	1504224000	1504241999	10	53.1069444444,-0.77	53.0738888889,-0.7394444444	53.0305555556,-0.7066666667	52.4422222222,-0.175	52.4416666667,-0.4588888889	52.7991666667,-0.8094444444	53.0044444444,-1.0119444444	53.0222222222,-1.0175	53.1386111111,-1.0527777778	53.1069444444,-0.77
295	999	1504224000	1504241999	7	52.1841666667,0.0911111111	52.0411111111,0.2566666667	51.9897222222,0.0619444444	51.9386111111,-0.13	52.1847222222,-0.0386111111	52.1841666667,0.0	52.1841666667,0.0911111111
295	999	1504224000	1504241999	5	52.2680555556,-0.0041666667	52.1841666667,0.0911111111	52.1841666667,0.0	52.1847222222,-0.0386111111	52.2680555556,-0.0041666667
295	999	1504224000	1504241999	4	52.4366666667,0.2227777778	52.3983333333,0.1333333333	52.4377777778,0.1333333333	52.4366666667,0.2227777778
215	999	1504224000	1504241999	16	52.1622222222,-2.0841666667	52.2566666667,-1.8483333333	52.2463888889,-1.8366666667	52.2397222222,-1.745	52.2397222222,-1.7227777778	52.1833333333,-1.6666666667	52.2166666667,-1.5	52.2972222222,-1.3638888889	52.3916666667,-1.4083333333	52.4083333333,-1.4275	52.4180555556,-1.4388888889	52.4383333333,-1.3875	52.2355555556,-1.1722222222	51.9969444444,-1.8536111111	52.1541666667,-2.0755555556	52.1622222222,-2.0841666667
215	999	1504224000	1504241999	5	52.5497222222,-1.5069444444	52.4383333333,-1.3875	52.4180555556,-1.4388888889	52.5272222222,-1.5636111111	52.5497222222,-1.5069444444
215	999	1504224000	1504241999	10	52.4180555556,-1.4388888889	52.4083333333,-1.4275	52.3916666667,-1.4083333333	52.2972222222,-1.3638888889	52.2166666667,-1.5	52.1833333333,-1.6666666667	52.2397222222,-1.7227777778	52.2397222222,-1.745	52.2877777778,-1.77	52.4180555556,-1.4388888889
285	999	1504224000	1504241999	10	53.1747222222,-2.0991666667	53.2069444444,-1.9788888889	53.0077777778,-1.7936111111	52.9630555556,-1.91	52.8,-2.3333333333	52.6969444444,-2.6305555556	52.8458333333,-2.7577777778	52.85,-2.7580555556	52.9633333333,-2.5294444444	53.1747222222,-2.0991666667
285	335	1504224000	1504241999	4	53.6188888889,-3.4486111111	53.5444444444,-3.4372222222	53.6255555556,-3.6305555556	53.6188888889,-3.4486111111
285	335	1504224000	1504241999	45	54.25,-2.675	54.1466666667,-2.5758333333	54.0119444444,-2.4622222222	54.0125,-2.4358333333	54.0161111111,-2.2897222222	54.0225,-1.9891666667	54.0230555556,-1.9591666667	54.0244444444,-1.8705555556	54.0255555556,-1.7905555556	54.0269444444,-1.7122222222	54.0294444444,-1.5872222222	53.9611111111,-1.5647222222	53.9516666667,-1.5616666667	53.6522222222,-1.4675	53.4911111111,-1.4172222222	53.3791666667,-1.3688888889	53.2055555556,-1.2502777778	53.1713888889,-1.3452777778	53.0777777778,-1.6041666667	53.0538888889,-1.67	53.0077777778,-1.7936111111	53.2069444444,-1.9788888889	53.3763888889,-2.1386111111	53.5288888889,-2.2833333333	53.6002777778,-2.5961111111	53.6630555556,-2.8733333333	53.6766666667,-3.1611111111	53.6783333333,-3.195	53.6841666667,-3.3194444444	53.6902777778,-3.4594444444	53.8380555556,-3.4819444444	53.8877777778,-3.4897222222	53.9038888889,-3.4927777778	53.93,-3.4963888889	53.9375,-3.4986111111	54.25,-3.5513888889	54.25,-3.5	54.25,-3.4088888889	54.25,-3.2833333333	54.25,-3.2666666667	54.25,-3.25	54.25,-3.0880555556	54.25,-3.0822222222	54.25,-3.0	54.25,-2.675
285	335	1504224000	1504241999	12	54.5,-3.2666666667	54.25,-3.0880555556	54.25,-3.25	54.25,-3.2666666667	54.25,-3.2833333333	54.25,-3.4088888889	54.25,-3.5	54.25,-3.5513888889	54.3397222222,-3.5661111111	54.5,-3.5833333333	54.5,-3.45	54.5,-3.2666666667
285	335	1504224000	1504241999	16	53.9741666667,-1.6066666667	53.9611111111,-1.5647222222	53.9413888889,-1.5013888889	53.7180555556,-1.2686111111	53.6775,-1.2386111111	53.5205555556,-1.1175	53.31,-0.9569444444	53.2783333333,-1.0419444444	53.2055555556,-1.2502777778	53.3791666667,-1.3688888889	53.4911111111,-1.4172222222	53.6522222222,-1.4675	53.6613888889,-1.3397222222	53.9516666667,-1.5616666667	53.9680555556,-1.5947222222	53.9741666667,-1.6066666667
285	335	1504224000	1504241999	7	53.2030555556,-3.4266666667	53.1366666667,-3.2933333333	52.9063888889,-3.3105555556	52.9083333333,-3.3666666667	52.9102777778,-3.4480555556	53.1008333333,-3.4344444444	53.2030555556,-3.4266666667
285	335	1504224000	1504241999	12	52.8944444444,-2.8983333333	52.895,-2.9130555556	52.8966666667,-2.9772222222	52.8972222222,-3.0038888889	52.9019444444,-3.1563888889	52.9027777778,-3.19	52.9063888889,-3.3105555556	53.1366666667,-3.2933333333	53.0666666667,-3.1602777778	52.8925,-2.8372222222	52.8938888889,-2.8797222222	52.8944444444,-2.8983333333
285	335	1504224000	1504241999	7	53.31,-0.9569444444	53.1069444444,-0.77	53.1386111111,-1.0527777778	53.1713888889,-1.3452777778	53.2055555556,-1.2502777778	53.2783333333,-1.0419444444	53.31,-0.9569444444
285	335	1504224000	1504241999	29	53.6902777778,-3.4594444444	53.6841666667,-3.3194444444	53.6783333333,-3.195	53.6766666667,-3.1611111111	53.6630555556,-2.8733333333	53.6002777778,-2.5961111111	53.5288888889,-2.2833333333	53.3763888889,-2.1386111111	53.2069444444,-1.9788888889	53.1747222222,-2.0991666667	52.9633333333,-2.5294444444	52.85,-2.7580555556	52.8925,-2.8372222222	53.0666666667,-3.1602777778	53.1366666667,-3.2933333333	53.2030555556,-3.4266666667	53.2072222222,-3.4266666667	53.2091666667,-3.4266666667	53.3186111111,-3.4186111111	53.3861111111,-3.4138888889	53.3883333333,-3.4136111111	53.3886111111,-3.4136111111	53.4197222222,-3.4183333333	53.4569444444,-3.4244444444	53.4711111111,-3.4261111111	53.4991666667,-3.43	53.5444444444,-3.4372222222	53.6188888889,-3.4486111111	53.6902777778,-3.4594444444
285	335	1504224000	1504241999	49	53.8994444444,-4.1022222222	53.6972222222,-3.6147222222	53.6902777778,-3.4594444444	53.6188888889,-3.4486111111	53.6255555556,-3.6305555556	53.5444444444,-3.4372222222	53.4991666667,-3.43	53.4711111111,-3.4261111111	53.4569444444,-3.4244444444	53.4197222222,-3.4183333333	53.3886111111,-3.4136111111	53.3883333333,-3.4136111111	53.3861111111,-3.4138888889	53.3186111111,-3.4186111111	53.2091666667,-3.4266666667	53.2072222222,-3.4266666667	53.2030555556,-3.4266666667	53.1008333333,-3.4344444444	52.9102777778,-3.4480555556	52.9286111111,-4.2463888889	53.1116666667,-4.8836111111	53.1425,-5.0	53.1863888889,-5.2044444444	53.25,-5.5	53.2763888889,-5.5	53.2802777778,-5.5	53.2841666667,-5.5	53.3833333333,-5.5	53.4633333333,-5.5	53.48,-5.5	53.4963888889,-5.5	53.6666666667,-5.5	53.68,-5.5	53.6916666667,-5.5	53.7633333333,-5.5	53.7666666667,-5.5	53.7672222222,-5.5	53.8047222222,-5.5	53.795,-5.1863888889	53.7805555556,-4.8152777778	53.7713888889,-4.52	53.8016666667,-4.4911111111	53.8166666667,-4.4777777778	53.8638888889,-4.4244444444	53.8788888889,-4.4072222222	53.8966666667,-4.3875	53.9052777778,-4.3641666667	53.9161111111,-4.3430555556	53.8994444444,-4.1022222222
285	335	1504224000	1504241999	4	54.0294444444,-1.5872222222	53.9413888889,-1.5013888889	53.9611111111,-1.5647222222	54.0294444444,-1.5872222222
285	335	1504224000	1504241999	7	54.5,-2.8788888889	54.25,-2.675	54.25,-3.0	54.25,-3.0822222222	54.25,-3.0880555556	54.5,-3.2666666667	54.5,-2.8788888889
285	335	1504224000	1504241999	4	53.9516666667,-1.5616666667	53.6613888889,-1.3397222222	53.6522222222,-1.4675	53.9516666667,-1.5616666667
335	999	1504224000	1504241999	4	53.6188888889,-3.4486111111	53.5444444444,-3.4372222222	53.6255555556,-3.6305555556	53.6188888889,-3.4486111111
335	999	1504224000	1504241999	45	54.25,-2.675	54.1466666667,-2.5758333333	54.0119444444,-2.4622222222	54.0125,-2.4358333333	54.0161111111,-2.2897222222	54.0225,-1.9891666667	54.0230555556,-1.9591666667	54.0244444444,-1.8705555556	54.0255555556,-1.7905555556	54.0269444444,-1.7122222222	54.0294444444,-1.5872222222	53.9611111111,-1.5647222222	53.9516666667,-1.5616666667	53.6522222222,-1.4675	53.4911111111,-1.4172222222	53.3791666667,-1.3688888889	53.2055555556,-1.2502777778	53.1713888889,-1.3452777778	53.0777777778,-1.6041666667	53.0538888889,-1.67	53.0077777778,-1.7936111111	53.2069444444,-1.9788888889	53.3763888889,-2.1386111111	53.5288888889,-2.2833333333	53.6002777778,-2.5961111111	53.6630555556,-2.8733333333	53.6766666667,-3.1611111111	53.6783333333,-3.195	53.6841666667,-3.3194444444	53.6902777778,-3.4594444444	53.8380555556,-3.4819444444	53.8877777778,-3.4897222222	53.9038888889,-3.4927777778	53.93,-3.4963888889	53.9375,-3.4986111111	54.25,-3.5513888889	54.25,-3.5	54.25,-3.4088888889	54.25,-3.2833333333	54.25,-3.2666666667	54.25,-3.25	54.25,-3.0880555556	54.25,-3.0822222222	54.25,-3.0	54.25,-2.675
335	999	1504224000	1504241999	12	54.5,-3.2666666667	54.25,-3.0880555556	54.25,-3.25	54.25,-3.2666666667	54.25,-3.2833333333	54.25,-3.4088888889	54.25,-3.5	54.25,-3.5513888889	54.3397222222,-3.5661111111	54.5,-3.5833333333	54.5,-3.45	54.5,-3.2666666667
335	999	1504224000	1504241999	16	53.9741666667,-1.6066666667	53.9611111111,-1.5647222222	53.9413888889,-1.5013888889	53.7180555556,-1.2686111111	53.6775,-1.2386111111	53.5205555556,-1.1175	53.31,-0.9569444444	53.2783333333,-1.0419444444	53.2055555556,-1.2502777778	53.3791666667,-1.3688888889	53.4911111111,-1.4172222222	53.6522222222,-1.4675	53.6613888889,-1.3397222222	53.9516666667,-1.5616666667	53.9680555556,-1.5947222222	53.9741666667,-1.6066666667
335	999	1504224000	1504241999	7	53.2030555556,-3.4266666667	53.1366666667,-3.2933333333	52.9063888889,-3.3105555556	52.9083333333,-3.3666666667	52.9102777778,-3.4480555556	53.1008333333,-3.4344444444	53.2030555556,-3.4266666667
335	999	1504224000	1504241999	12	52.8944444444,-2.8983333333	52.895,-2.9130555556	52.8966666667,-2.9772222222	52.8972222222,-3.0038888889	52.9019444444,-3.1563888889	52.9027777778,-3.19	52.9063888889,-3.3105555556	53.1366666667,-3.2933333333	53.0666666667,-3.1602777778	52.8925,-2.8372222222	52.8938888889,-2.8797222222	52.8944444444,-2.8983333333
335	999	1504224000	1504241999	7	53.31,-0.9569444444	53.1069444444,-0.77	53.1386111111,-1.0527777778	53.1713888889,-1.3452777778	53.2055555556,-1.2502777778	53.2783333333,-1.0419444444	53.31,-0.9569444444
335	999	1504224000	1504241999	29	53.6902777778,-3.4594444444	53.6841666667,-3.3194444444	53.6783333333,-3.195	53.6766666667,-3.1611111111	53.6630555556,-2.8733333333	53.6002777778,-2.5961111111	53.5288888889,-2.2833333333	53.3763888889,-2.1386111111	53.2069444444,-1.9788888889	53.1747222222,-2.0991666667	52.9633333333,-2.5294444444	52.85,-2.7580555556	52.8925,-2.8372222222	53.0666666667,-3.1602777778	53.1366666667,-3.2933333333	53.2030555556,-3.4266666667	53.2072222222,-3.4266666667	53.2091666667,-3.4266666667	53.3186111111,-3.4186111111	53.3861111111,-3.4138888889	53.3883333333,-3.4136111111	53.3886111111,-3.4136111111	53.4197222222,-3.4183333333	53.4569444444,-3.4244444444	53.4711111111,-3.4261111111	53.4991666667,-3.43	53.5444444444,-3.4372222222	53.6188888889,-3.4486111111	53.6902777778,-3.4594444444
335	999	1504224000	1504241999	49	53.8994444444,-4.1022222222	53.6972222222,-3.6147222222	53.6902777778,-3.4594444444	53.6188888889,-3.4486111111	53.6255555556,-3.6305555556	53.5444444444,-3.4372222222	53.4991666667,-3.43	53.4711111111,-3.4261111111	53.4569444444,-3.4244444444	53.4197222222,-3.4183333333	53.3886111111,-3.4136111111	53.3883333333,-3.4136111111	53.3861111111,-3.4138888889	53.3186111111,-3.4186111111	53.2091666667,-3.4266666667	53.2072222222,-3.4266666667	53.2030555556,-3.4266666667	53.1008333333,-3.4344444444	52.9102777778,-3.4480555556	52.9286111111,-4.2463888889	53.1116666667,-4.8836111111	53.1425,-5.0	53.1863888889,-5.2044444444	53.25,-5.5	53.2763888889,-5.5	53.2802777778,-5.5	53.2841666667,-5.5	53.3833333333,-5.5	53.4633333333,-5.5	53.48,-5.5	53.4963888889,-5.5	53.6666666667,-5.5	53.68,-5.5	53.6916666667,-5.5	53.7633333333,-5.5	53.7666666667,-5.5	53.7672222222,-5.5	53.8047222222,-5.5	53.795,-5.1863888889	53.7805555556,-4.8152777778	53.7713888889,-4.52	53.8016666667,-4.4911111111	53.8166666667,-4.4777777778	53.8638888889,-4.4244444444	53.8788888889,-4.4072222222	53.8966666667,-4.3875	53.9052777778,-4.3641666667	53.9161111111,-4.3430555556	53.8994444444,-4.1022222222
335	999	1504224000	1504241999	4	54.0294444444,-1.5872222222	53.9413888889,-1.5013888889	53.9611111111,-1.5647222222	54.0294444444,-1.5872222222
335	999	1504224000	1504241999	7	54.5,-2.8788888889	54.25,-2.675	54.25,-3.0	54.25,-3.0822222222	54.25,-3.0880555556	54.5,-3.2666666667	54.5,-2.8788888889
335	999	1504224000	1504241999	4	53.9516666667,-1.5616666667	53.6613888889,-1.3397222222	53.6522222222,-1.4675	53.9516666667,-1.5616666667
245	305	1504224000	1504241999	8	52.0,-1.2072222222	51.9027777778,-1.0447222222	51.7186111111,-1.4752777778	51.7219444444,-1.4769444444	51.7294444444,-1.4805555556	51.8252777778,-1.6141666667	51.8769444444,-1.4722222222	52.0,-1.2072222222
245	305	1504224000	1504241999	11	51.8252777778,-1.6141666667	51.7294444444,-1.4805555556	51.7219444444,-1.4769444444	51.7186111111,-1.4752777778	51.6638888889,-1.4472222222	51.6819444444,-1.5819444444	51.7061111111,-1.5969444444	51.7491666667,-1.6430555556	51.7644444444,-1.6588888889	51.7977777778,-1.6933333333	51.8252777778,-1.6141666667
245	305	1504224000	1504241999	6	52.1005555556,-0.9705555556	51.9830555556,-0.8672222222	51.9027777778,-1.0447222222	52.0,-1.2072222222	52.0886111111,-0.9988888889	52.1005555556,-0.9705555556
195	999	1504224000	1504241999	11	52.6241666667,-2.1355555556	52.6183333333,-2.1291666667	52.5491666667,-2.0488888889	52.4744444444,-1.965	52.4016666667,-1.8808333333	52.2908333333,-2.1605555556	52.2877777778,-2.1686111111	52.3333333333,-2.2166666667	52.4416666667,-2.2166666667	52.5177777778,-2.1788888889	52.6241666667,-2.1355555556
195	999	1504224000	1504241999	7	52.1622222222,-2.0841666667	52.2733333333,-2.2044444444	52.2877777778,-2.1686111111	52.2622222222,-2.1319444444	52.2761111111,-1.8705555556	52.2566666667,-1.8483333333	52.1622222222,-2.0841666667
195	999	1504224000	1504241999	9	53.0077777778,-1.7936111111	52.5497222222,-1.5069444444	52.5272222222,-1.5636111111	52.6666666667,-1.7166666667	52.7416666667,-1.8833333333	52.6241666667,-2.1355555556	52.8,-2.3333333333	52.9630555556,-1.91	53.0077777778,-1.7936111111
195	999	1504224000	1504241999	7	52.4016666667,-1.8808333333	52.4538888889,-1.7480555556	52.5272222222,-1.5636111111	52.4180555556,-1.4388888889	52.2877777778,-1.77	52.3155555556,-1.7847222222	52.4016666667,-1.8808333333
195	999	1504224000	1504241999	5	51.9969444444,-1.8536111111	51.8891666667,-1.7033333333	51.8916666667,-1.7925	51.9830555556,-1.89	51.9969444444,-1.8536111111
195	999	1504224000	1504241999	4	51.9969444444,-1.8536111111	51.9830555556,-1.89	52.1541666667,-2.0755555556	51.9969444444,-1.8536111111
195	999	1504224000	1504241999	10	52.7416666667,-1.8833333333	52.6666666667,-1.7166666667	52.5272222222,-1.5636111111	52.4538888889,-1.7480555556	52.4016666667,-1.8808333333	52.4744444444,-1.965	52.5491666667,-2.0488888889	52.6183333333,-2.1291666667	52.6241666667,-2.1355555556	52.7416666667,-1.8833333333
195	999	1504224000	1504241999	10	52.8,-2.3333333333	52.6241666667,-2.1355555556	52.5177777778,-2.1788888889	52.4416666667,-2.2166666667	52.3333333333,-2.2166666667	52.2877777778,-2.1686111111	52.2733333333,-2.2044444444	52.5475,-2.5038888889	52.6969444444,-2.6305555556	52.8,-2.3333333333
195	999	1504224000	1504241999	10	53.0077777778,-1.7936111111	52.4722222222,-1.3030555556	52.2911111111,-1.1405555556	52.1005555556,-0.9705555556	52.0886111111,-0.9988888889	52.1802777778,-1.1138888889	52.2355555556,-1.1722222222	52.4383333333,-1.3875	52.5497222222,-1.5069444444	53.0077777778,-1.7936111111
245	999	1504224000	1504241999	5	51.8891666667,-1.7033333333	51.8252777778,-1.6141666667	51.7977777778,-1.6933333333	51.8916666667,-1.7925	51.8891666667,-1.7033333333
245	999	1504224000	1504241999	4	51.8891666667,-1.7033333333	51.8769444444,-1.4722222222	51.8252777778,-1.6141666667	51.8891666667,-1.7033333333
215	295	1504224000	1504241999	6	52.4377777778,0.1333333333	52.3983333333,0.1333333333	52.3638888889,0.0486111111	52.3561111111,0.0297222222	52.4391666667,0.0313888889	52.4377777778,0.1333333333
215	295	1504224000	1504241999	5	52.0669444444,-0.6088888889	52.0,-0.4519444444	52.0,-0.6833333333	52.0166666667,-0.7072222222	52.0669444444,-0.6088888889
215	295	1504224000	1504241999	5	52.4422222222,-0.6172222222	52.4416666667,-0.4588888889	52.3516666667,-0.3705555556	52.1894444444,-0.3697222222	52.4422222222,-0.6172222222
215	295	1504224000	1504241999	5	52.3183333333,-0.0622222222	52.2680555556,-0.0041666667	52.1847222222,-0.0386111111	52.1894444444,-0.3697222222	52.3183333333,-0.0622222222
215	295	1504224000	1504241999	5	52.0,-0.1880555556	51.9386111111,-0.13	51.9091666667,-0.2402777778	52.0,-0.4519444444	52.0,-0.1880555556
215	295	1504224000	1504241999	9	52.0,-0.4519444444	51.9091666667,-0.2402777778	51.8747222222,-0.3683333333	51.8005555556,-0.6411111111	51.8972222222,-0.7605555556	51.9536111111,-0.8302777778	52.0166666667,-0.7072222222	52.0,-0.6833333333	52.0,-0.4519444444
215	295	1504224000	1504241999	10	52.4422222222,-0.175	52.4422222222,-0.0761111111	52.4391666667,0.0313888889	52.3561111111,0.0297222222	52.3427777778,0.0247222222	52.3183333333,-0.0622222222	52.1894444444,-0.3697222222	52.3516666667,-0.3705555556	52.4416666667,-0.4588888889	52.4422222222,-0.175
215	295	1504224000	1504241999	6	52.1894444444,-0.3697222222	52.0325,-0.2188888889	52.0,-0.1880555556	52.0,-0.4519444444	52.0669444444,-0.6088888889	52.1894444444,-0.3697222222
215	295	1504224000	1504241999	6	52.1894444444,-0.3697222222	52.1847222222,-0.0386111111	51.9386111111,-0.13	52.0,-0.1880555556	52.0325,-0.2188888889	52.1894444444,-0.3697222222
215	295	1504224000	1504241999	5	52.2680555556,-0.0041666667	52.1841666667,0.0911111111	52.1841666667,0.0	52.1847222222,-0.0386111111	52.2680555556,-0.0041666667
215	295	1504224000	1504241999	4	52.4366666667,0.2227777778	52.3983333333,0.1333333333	52.4377777778,0.1333333333	52.4366666667,0.2227777778
