71
275	305	1504299600	1504310399	7	51.0180555556,1.3088888889	50.9044444444,1.4666666667	50.925,1.0866666667	50.9488888889,1.0322222222	50.9536111111,1.0211111111	50.9783333333,0.965	51.0180555556,1.3088888889
195	355	1504299600	1504310399	10	51.0438888889,0.8152777778	50.9783333333,0.965	50.9536111111,1.0211111111	50.9488888889,1.0322222222	50.925,1.0866666667	50.6788888889,1.4547222222	50.6666666667,1.4666666667	50.6622222222,1.4547222222	50.9844444444,0.0236111111	51.0438888889,0.8152777778
115	305	1504299600	1504310399	8	51.2305555556,-1.3663888889	51.1536111111,-1.3986111111	51.065,-1.4336111111	51.0230555556,-1.4530555556	50.9988888889,-1.6036111111	51.1747222222,-1.5269444444	51.2188888889,-1.51	51.2305555556,-1.3663888889
175	255	1504299600	1504310399	10	51.1480555556,-0.1902777778	51.0861111111,-0.11	51.0269444444,-0.0333333333	50.9844444444,0.0236111111	50.925,0.1005555556	50.8491666667,0.1986111111	50.6166666667,-0.6602777778	50.7091666667,-0.7580555556	50.7738888889,-0.8283333333	51.1480555556,-0.1902777778
195	255	1504299600	1504310399	10	51.2980555556,0.1683333333	51.1430555556,0.5863888889	51.0438888889,0.8152777778	50.9844444444,0.0236111111	51.0269444444,-0.0333333333	51.0861111111,-0.11	51.1480555556,-0.1902777778	51.2516666667,0.0580555556	51.2827777778,0.1313888889	51.2980555556,0.1683333333
195	255	1504299600	1504310399	6	51.1430555556,0.5863888889	51.2980555556,0.1683333333	51.4058333333,0.4341666667	51.4311111111,0.4961111111	51.4541666667,0.55	51.1430555556,0.5863888889
195	345	1504299600	1504310399	10	50.4736111111,-1.5375	50.2711111111,-1.6783333333	50.1394444444,-1.7666666667	50.1394444444,-1.8261111111	50.1463888889,-1.9552777778	50.3138888889,-1.9327777778	50.3927777778,-1.8813888889	50.5233333333,-1.7902777778	50.4986111111,-1.6638888889	50.4736111111,-1.5375
195	345	1504299600	1504310399	4	50.2711111111,-1.6783333333	50.1394444444,-1.6972222222	50.1394444444,-1.7666666667	50.2711111111,-1.6783333333
195	275	1504299600	1504310399	7	51.0180555556,1.3088888889	50.9044444444,1.4666666667	50.925,1.0866666667	50.9488888889,1.0322222222	50.9536111111,1.0211111111	50.9783333333,0.965	51.0180555556,1.3088888889
195	275	1504299600	1504310399	9	51.4511111111,0.7994444444	51.0180555556,1.3088888889	50.9783333333,0.965	51.0438888889,0.8152777778	51.1430555556,0.5863888889	51.4541666667,0.55	51.4552777778,0.6041666667	51.4527777778,0.7275	51.4511111111,0.7994444444
125	305	1504299600	1504310399	6	50.8244444444,-1.2930555556	50.6875,-1.3866666667	50.6769444444,-1.6819444444	50.75,-1.6311111111	50.8286111111,-1.5763888889	50.8244444444,-1.2930555556
195	315	1504299600	1504310399	22	51.4133333333,1.5219444444	51.3613888889,1.5158333333	51.3247222222,1.5113888889	51.2583333333,1.5	51.2394444444,1.5011111111	51.0,1.4666666667	50.9666666667,1.4666666667	50.9577777778,1.4666666667	50.9211111111,1.4666666667	50.9161111111,1.4666666667	50.9055555556,1.4666666667	50.9044444444,1.4666666667	51.0180555556,1.3088888889	51.4511111111,0.7994444444	51.4508333333,0.8333333333	51.4494444444,0.9255555556	51.4355555556,1.1213888889	51.4313888889,1.2005555556	51.4305555556,1.2161111111	51.4283333333,1.2583333333	51.4222222222,1.3658333333	51.4133333333,1.5219444444
265	999	1504299600	1504310399	7	50.4213888889,0.8213888889	50.2747222222,1.0188888889	49.9975,1.3880555556	49.9780555556,1.3288888889	50.0697222222,1.2083333333	50.4013888889,0.7697222222	50.4213888889,0.8213888889
265	999	1504299600	1504310399	4	50.6019444444,1.5388888889	50.2294444444,1.9516666667	50.1713888889,1.8586111111	50.6019444444,1.5388888889
185	305	1504299600	1504310399	10	50.805,-0.8611111111	50.7738888889,-0.8283333333	50.7091666667,-0.7580555556	50.6969444444,-0.8386111111	50.6894444444,-1.2061111111	50.6875,-1.3866666667	50.8244444444,-1.2930555556	50.8186111111,-1.1163888889	50.81,-0.8666666667	50.805,-0.8611111111
185	305	1504299600	1504310399	6	50.9261111111,-0.93	50.81,-0.8666666667	50.8186111111,-1.1163888889	50.8244444444,-1.2930555556	50.8825,-1.2533333333	50.9261111111,-0.93
55	305	1504299600	1504310399	17	50.9988888889,-1.6036111111	50.8919444444,-1.6794444444	50.9186111111,-1.5127777778	50.8286111111,-1.5763888889	50.75,-1.6311111111	50.6769444444,-1.6819444444	50.675,-1.85	50.675,-2.0	50.6827777778,-2.0	50.725,-2.0	50.75,-2.0	50.7833333333,-2.0	50.7997222222,-2.0	50.8386111111,-2.0	50.8666666667,-2.0	50.9288888889,-2.0	50.9988888889,-1.6036111111
55	305	1504299600	1504310399	11	51.2575,-2.0	51.2097222222,-1.5969444444	51.2188888889,-1.51	51.1747222222,-1.5269444444	50.9988888889,-1.6036111111	50.9288888889,-2.0	51.025,-2.0	51.0416666667,-2.0	51.1127777778,-2.0	51.1741666667,-2.0	51.2575,-2.0
115	999	1504299600	1504310399	18	50.6019444444,1.5388888889	50.1713888889,1.8586111111	50.1163888889,1.7575	50.0708333333,1.6741666667	50.0583333333,1.6519444444	50.2747222222,1.0188888889	50.4213888889,0.8213888889	50.4455555556,0.885	50.4766666667,0.9647222222	50.5,1.0	50.515,1.0655555556	50.5330555556,1.0994444444	50.5755555556,1.2255555556	50.6333333333,1.3666666667	50.6497222222,1.4036111111	50.6530555556,1.4169444444	50.6622222222,1.4547222222	50.6019444444,1.5388888889
185	345	1504299600	1504310399	8	50.6875,-1.3866666667	50.6152777778,-1.4413888889	50.5775,-1.4663888889	50.4736111111,-1.5375	50.4986111111,-1.6638888889	50.5233333333,-1.7902777778	50.6769444444,-1.6819444444	50.6875,-1.3866666667
345	999	1504299600	1504310399	12	50.6155555556,-1.2052777778	50.5461111111,-1.205	50.5008333333,-1.2044444444	50.4886111111,-1.205	50.0,-1.2527777778	50.0,-1.3805555556	50.0,-1.5	50.0,-1.5102777778	50.5472222222,-1.4655555556	50.5775,-1.4663888889	50.6152777778,-1.4413888889	50.6155555556,-1.2052777778
345	999	1504299600	1504310399	10	50.5775,-1.4663888889	50.5472222222,-1.4655555556	50.0,-1.5102777778	50.0,-1.6913888889	50.0,-1.7169444444	50.1055555556,-1.7019444444	50.1394444444,-1.6972222222	50.2711111111,-1.6783333333	50.4736111111,-1.5375	50.5775,-1.4663888889
345	999	1504299600	1504310399	5	50.6894444444,-1.2061111111	50.6155555556,-1.2052777778	50.6152777778,-1.4413888889	50.6875,-1.3866666667	50.6894444444,-1.2061111111
345	999	1504299600	1504310399	8	50.1394444444,-1.6972222222	50.1055555556,-1.7019444444	50.0,-1.7169444444	50.0,-1.7833333333	50.0,-1.845	50.0,-1.8591666667	50.1394444444,-1.7666666667	50.1394444444,-1.6972222222
345	999	1504299600	1504310399	7	50.1394444444,-1.7666666667	50.0,-1.8591666667	50.0,-1.8833333333	50.0,-1.9747222222	50.1463888889,-1.9552777778	50.1394444444,-1.8261111111	50.1394444444,-1.7666666667
345	999	1504299600	1504310399	4	50.2711111111,-1.6783333333	50.1394444444,-1.6972222222	50.1394444444,-1.7666666667	50.2711111111,-1.6783333333
345	999	1504299600	1504310399	10	50.4736111111,-1.5375	50.2711111111,-1.6783333333	50.1394444444,-1.7666666667	50.1394444444,-1.8261111111	50.1463888889,-1.9552777778	50.3138888889,-1.9327777778	50.3927777778,-1.8813888889	50.5233333333,-1.7902777778	50.4986111111,-1.6638888889	50.4736111111,-1.5375
345	999	1504299600	1504310399	8	50.6875,-1.3866666667	50.6152777778,-1.4413888889	50.5775,-1.4663888889	50.4736111111,-1.5375	50.4986111111,-1.6638888889	50.5233333333,-1.7902777778	50.6769444444,-1.6819444444	50.6875,-1.3866666667
125	999	1504299600	1504310399	14	50.6166666667,-0.6602777778	50.5469444444,-0.5861111111	50.5,-0.5369444444	50.4991666667,-0.5358333333	50.4966666667,-0.5333333333	50.0,-0.5333333333	50.0,-0.8333333333	50.0,-1.0	50.0,-1.0538888889	50.0,-1.1905555556	50.0,-1.2527777778	50.4886111111,-1.205	50.5008333333,-1.2044444444	50.6166666667,-0.6602777778
195	305	1504299600	1504310399	8	50.9044444444,1.4666666667	50.8569444444,1.4666666667	50.7794444444,1.4666666667	50.75,1.4666666667	50.6666666667,1.4666666667	50.6788888889,1.4547222222	50.925,1.0866666667	50.9044444444,1.4666666667
195	305	1504299600	1504310399	4	50.67,-2.2683333333	50.6202777778,-2.2938888889	50.6627777778,-2.5188888889	50.67,-2.2683333333
195	305	1504299600	1504310399	11	50.7122222222,1.7347222222	50.6569444444,1.6363888889	50.6286111111,1.5863888889	50.6019444444,1.5388888889	50.6622222222,1.4547222222	50.6666666667,1.4666666667	50.75,1.4666666667	50.7794444444,1.4666666667	50.8569444444,1.4666666667	50.9044444444,1.4666666667	50.7122222222,1.7347222222
105	345	1504299600	1504310399	5	50.6894444444,-1.2061111111	50.6155555556,-1.2052777778	50.6152777778,-1.4413888889	50.6875,-1.3866666667	50.6894444444,-1.2061111111
75	295	1504299600	1504310399	14	50.4013888889,0.7697222222	50.3516666667,0.6413888889	50.2744444444,0.4436111111	50.2044444444,0.2647222222	50.1333333333,0.1	50.1,0.0	50.0555555556,-0.1108333333	50.1741666667,-0.1952777778	50.2297222222,-0.2530555556	50.2983333333,-0.325	50.4966666667,-0.5333333333	50.4369444444,0.2522222222	50.5583333333,0.5711111111	50.4013888889,0.7697222222
75	295	1504299600	1504310399	7	50.2297222222,-0.2530555556	50.1741666667,-0.1952777778	50.0555555556,-0.1108333333	50.0,-0.25	50.0,-0.3683333333	50.0,-0.5319444444	50.2297222222,-0.2530555556
125	295	1504299600	1504310399	6	50.4966666667,-0.5333333333	50.2983333333,-0.325	50.2297222222,-0.2530555556	50.0,-0.5319444444	50.0,-0.5333333333	50.4966666667,-0.5333333333
55	345	1504299600	1504310399	12	50.6155555556,-1.2052777778	50.5461111111,-1.205	50.5008333333,-1.2044444444	50.4886111111,-1.205	50.0,-1.2527777778	50.0,-1.3805555556	50.0,-1.5	50.0,-1.5102777778	50.5472222222,-1.4655555556	50.5775,-1.4663888889	50.6152777778,-1.4413888889	50.6155555556,-1.2052777778
55	345	1504299600	1504310399	10	50.5775,-1.4663888889	50.5472222222,-1.4655555556	50.0,-1.5102777778	50.0,-1.6913888889	50.0,-1.7169444444	50.1055555556,-1.7019444444	50.1394444444,-1.6972222222	50.2711111111,-1.6783333333	50.4736111111,-1.5375	50.5775,-1.4663888889
225	345	1504299600	1504310399	7	50.1394444444,-1.7666666667	50.0,-1.8591666667	50.0,-1.8833333333	50.0,-1.9747222222	50.1463888889,-1.9552777778	50.1394444444,-1.8261111111	50.1394444444,-1.7666666667
225	345	1504299600	1504310399	8	50.1394444444,-1.6972222222	50.1055555556,-1.7019444444	50.0,-1.7169444444	50.0,-1.7833333333	50.0,-1.845	50.0,-1.8591666667	50.1394444444,-1.7666666667	50.1394444444,-1.6972222222
185	999	1504299600	1504310399	8	50.7091666667,-0.7580555556	50.6166666667,-0.6602777778	50.6166666667,-0.9675	50.6166666667,-1.0363888889	50.6155555556,-1.2052777778	50.6894444444,-1.2061111111	50.6969444444,-0.8386111111	50.7091666667,-0.7580555556
185	999	1504299600	1504310399	7	50.6166666667,-0.6602777778	50.5008333333,-1.2044444444	50.5461111111,-1.205	50.6155555556,-1.2052777778	50.6166666667,-1.0363888889	50.6166666667,-0.9675	50.6166666667,-0.6602777778
135	305	1504299600	1504310399	5	50.7997222222,-2.0	50.7833333333,-2.0	50.7775,-2.0777777778	50.7880555556,-2.0811111111	50.7997222222,-2.0
135	305	1504299600	1504310399	7	50.8494444444,-2.1047222222	50.8233333333,-2.0930555556	50.7880555556,-2.0811111111	50.7775,-2.0777777778	50.7663888889,-2.2347222222	50.825,-2.2522222222	50.8494444444,-2.1047222222
135	305	1504299600	1504310399	5	50.8666666667,-2.0	50.8386111111,-2.0	50.8233333333,-2.0930555556	50.8494444444,-2.1047222222	50.8666666667,-2.0
135	305	1504299600	1504310399	5	50.8386111111,-2.0	50.7997222222,-2.0	50.7880555556,-2.0811111111	50.8233333333,-2.0930555556	50.8386111111,-2.0
145	999	1504299600	1504310399	8	50.515,1.0655555556	50.5,1.0	50.4766666667,0.9647222222	50.4455555556,0.885	50.4213888889,0.8213888889	50.4013888889,0.7697222222	50.5583333333,0.5711111111	50.515,1.0655555556
285	999	1504299600	1504310399	5	49.9975,1.3880555556	49.9488888889,1.4525	49.9219444444,1.4033333333	49.9780555556,1.3288888889	49.9975,1.3880555556
165	999	1504299600	1504310399	7	50.6769444444,-1.6819444444	50.5233333333,-1.7902777778	50.67,-2.0411111111	50.675,-2.0430555556	50.675,-2.0	50.675,-1.85	50.6769444444,-1.6819444444
165	999	1504299600	1504310399	13	50.5233333333,-1.7902777778	50.3927777778,-1.8813888889	50.415,-1.9852777778	50.4413888889,-2.1108333333	50.4733333333,-2.0941666667	50.5036111111,-2.2141666667	50.5258333333,-2.3422222222	50.6202777778,-2.2938888889	50.67,-2.2683333333	50.6752777778,-2.1258333333	50.675,-2.0430555556	50.67,-2.0411111111	50.5233333333,-1.7902777778
95	305	1504299600	1504310399	6	51.0230555556,-1.4530555556	50.9825,-1.4683333333	50.9186111111,-1.5127777778	50.8919444444,-1.6794444444	50.9988888889,-1.6036111111	51.0230555556,-1.4530555556
175	305	1504299600	1504310399	7	51.1877777778,-1.1086111111	51.0069444444,-0.9855555556	50.9261111111,-0.93	50.8825,-1.2533333333	50.9266666667,-1.2186111111	51.1116666667,-1.1366666667	51.1877777778,-1.1086111111
155	305	1504299600	1504310399	5	50.7833333333,-2.0	50.75,-2.0	50.7477777778,-2.0672222222	50.7775,-2.0777777778	50.7833333333,-2.0
155	305	1504299600	1504310399	13	50.7775,-2.0777777778	50.7477777778,-2.0672222222	50.6755555556,-2.0433333333	50.6827777778,-2.0	50.675,-2.0	50.675,-2.0430555556	50.6752777778,-2.1258333333	50.67,-2.2683333333	50.6627777778,-2.5188888889	50.7158333333,-2.5166666667	50.7497222222,-2.5186111111	50.7663888889,-2.2347222222	50.7775,-2.0777777778
155	305	1504299600	1504310399	14	51.2305555556,-1.3663888889	51.1986111111,-1.1675	51.1877777778,-1.1086111111	51.1116666667,-1.1366666667	50.9266666667,-1.2186111111	50.8825,-1.2533333333	50.8244444444,-1.2930555556	50.8286111111,-1.5763888889	50.9186111111,-1.5127777778	50.9825,-1.4683333333	51.0230555556,-1.4530555556	51.065,-1.4336111111	51.1536111111,-1.3986111111	51.2305555556,-1.3663888889
155	305	1504299600	1504310399	6	50.75,-2.0	50.725,-2.0	50.6827777778,-2.0	50.6755555556,-2.0433333333	50.7477777778,-2.0672222222	50.75,-2.0
155	305	1504299600	1504310399	5	50.825,-2.2522222222	50.7663888889,-2.2347222222	50.7497222222,-2.5186111111	50.7791666667,-2.5322222222	50.825,-2.2522222222
135	315	1504299600	1504310399	6	51.3433333333,1.6083333333	51.3333333333,1.6083333333	51.3083333333,1.6	51.3247222222,1.5113888889	51.3613888889,1.5158333333	51.3433333333,1.6083333333
135	315	1504299600	1504310399	12	51.3833333333,2.0	51.3591666667,2.0	51.33,2.0	51.2463888889,2.0	51.2152777778,2.0	51.3083333333,1.6	51.3333333333,1.6083333333	51.3433333333,1.6083333333	51.3666666667,1.6166666667	51.3833333333,1.6	51.4083333333,1.6119444444	51.3833333333,2.0
135	315	1504299600	1504310399	6	51.3247222222,1.5113888889	51.3083333333,1.6	51.2833333333,1.5916666667	51.2666666667,1.55	51.2583333333,1.5	51.3247222222,1.5113888889
135	315	1504299600	1504310399	16	51.2583333333,1.5	51.2666666667,1.55	51.2833333333,1.5916666667	51.3083333333,1.6	51.2152777778,2.0	51.2119444444,2.0	51.1969444444,2.0	51.1308333333,2.0	51.1166666667,2.0	51.0586111111,1.7322222222	51.0447222222,1.6697222222	51.0327777778,1.6155555556	51.02,1.555	51.0,1.4666666667	51.2394444444,1.5011111111	51.2583333333,1.5
135	315	1504299600	1504310399	7	51.4083333333,1.6119444444	51.3833333333,1.6	51.3666666667,1.6166666667	51.3433333333,1.6083333333	51.3613888889,1.5158333333	51.4133333333,1.5219444444	51.4083333333,1.6119444444
195	999	1504299600	1504310399	13	50.6622222222,1.4547222222	50.6530555556,1.4169444444	50.6497222222,1.4036111111	50.6333333333,1.3666666667	50.5755555556,1.2255555556	50.5330555556,1.0994444444	50.515,1.0655555556	50.5583333333,0.5711111111	50.7372222222,0.3427777778	50.8491666667,0.1986111111	50.925,0.1005555556	50.9844444444,0.0236111111	50.6622222222,1.4547222222
195	999	1504299600	1504310399	6	50.3138888889,-1.9327777778	50.1463888889,-1.9552777778	50.0,-1.9747222222	50.0,-2.0	50.0,-2.1455555556	50.3138888889,-1.9327777778
195	999	1504299600	1504310399	6	50.0,-2.0	49.9991666667,-2.005	49.9825,-2.1063888889	49.9727777778,-2.1636111111	50.0,-2.1455555556	50.0,-2.0
195	999	1504299600	1504310399	6	50.0,-2.1455555556	49.9727777778,-2.1636111111	49.9711111111,-2.1730555556	49.9597222222,-2.2433333333	50.0,-2.2383333333	50.0,-2.1455555556
195	999	1504299600	1504310399	8	50.3927777778,-1.8813888889	50.3138888889,-1.9327777778	50.0,-2.1455555556	50.0,-2.2383333333	50.2622222222,-2.2036111111	50.4413888889,-2.1108333333	50.415,-1.9852777778	50.3927777778,-1.8813888889
195	999	1504299600	1504310399	6	50.2747222222,1.0188888889	50.0583333333,1.6519444444	49.985,1.5177777778	49.9488888889,1.4525	49.9975,1.3880555556	50.2747222222,1.0188888889
245	999	1504299600	1504310399	6	50.0,-2.2383333333	49.9597222222,-2.2433333333	49.9383333333,-2.3711111111	49.9155555556,-2.5086111111	50.0,-2.4997222222	50.0,-2.2383333333
245	999	1504299600	1504310399	9	50.4733333333,-2.0941666667	50.4413888889,-2.1108333333	50.2622222222,-2.2036111111	50.0,-2.2383333333	50.0,-2.4997222222	50.2961111111,-2.4608333333	50.5258333333,-2.3422222222	50.5036111111,-2.2141666667	50.4733333333,-2.0941666667
175	295	1504299600	1504310399	10	50.8491666667,0.1986111111	50.7372222222,0.3427777778	50.5583333333,0.5711111111	50.4369444444,0.2522222222	50.4966666667,-0.5333333333	50.4991666667,-0.5358333333	50.5,-0.5369444444	50.5469444444,-0.5861111111	50.6166666667,-0.6602777778	50.8491666667,0.1986111111
