214
195	335	1504242000	1504243799	7	52.6630555556,-4.7636111111	52.4369444444,-4.3644444444	52.4311111111,-4.3725	52.425,-4.3838888889	52.6516666667,-4.7813888889	52.6583333333,-4.7713888889	52.6630555556,-4.7636111111
195	335	1504242000	1504243799	5	52.6713888889,-5.5	51.9044444444,-4.32	52.0108333333,-5.0388888889	52.5552777778,-5.5	52.6713888889,-5.5
245	335	1504242000	1504243799	9	52.2441666667,-3.2055555556	52.5705555556,-3.1805555556	52.7380555556,-3.0752777778	52.5083333333,-2.8972222222	52.0,-2.9413888889	52.0,-3.2241666667	52.2108333333,-3.2080555556	52.2402777778,-3.2244444444	52.2441666667,-3.2055555556
245	335	1504242000	1504243799	6	52.7666666667,-3.0569444444	52.8966666667,-2.9772222222	52.895,-2.9130555556	52.7113888889,-2.9280555556	52.5825,-2.9088888889	52.7666666667,-3.0569444444
245	335	1504242000	1504243799	26	53.1425,-5.0	53.1116666667,-4.8836111111	52.9286111111,-4.2463888889	52.9102777778,-3.4480555556	52.9083333333,-3.3666666667	52.9063888889,-3.3105555556	52.9027777778,-3.19	52.7222222222,-3.2038888889	52.2577777778,-3.2377777778	52.2402777778,-3.2244444444	52.2241666667,-3.24	52.0,-3.2575	52.0302777778,-3.5102777778	52.0894444444,-3.9802777778	52.5972222222,-4.8644444444	52.6516666667,-4.7813888889	52.425,-4.3838888889	52.4311111111,-4.3725	52.4369444444,-4.3644444444	52.6630555556,-4.7636111111	52.7191666667,-4.6780555556	52.8386111111,-4.8886111111	52.8997222222,-5.0	52.9675,-5.0	53.0008333333,-5.0	53.1425,-5.0
245	335	1504242000	1504243799	14	52.8925,-2.8372222222	52.85,-2.7580555556	52.8458333333,-2.7577777778	52.6969444444,-2.6305555556	52.5475,-2.5038888889	52.2733333333,-2.2044444444	52.1622222222,-2.0841666667	52.1541666667,-2.0755555556	52.0002777778,-2.7833333333	52.0,-2.8961111111	52.5108333333,-2.8558333333	52.7113888889,-2.8794444444	52.8938888889,-2.8797222222	52.8925,-2.8372222222
245	335	1504242000	1504243799	5	52.9019444444,-3.1563888889	52.8972222222,-3.0038888889	52.7816666667,-3.0722222222	52.885,-3.1569444444	52.9019444444,-3.1563888889
245	335	1504242000	1504243799	10	53.1947222222,-5.5	53.1863888889,-5.2044444444	53.1425,-5.0	53.0008333333,-5.0	52.9675,-5.0	52.8997222222,-5.0	53.05,-5.27	53.1761111111,-5.5	53.1844444444,-5.5	53.1947222222,-5.5
245	335	1504242000	1504243799	5	51.8238888889,-4.0027777778	51.8044444444,-3.8772222222	51.6280555556,-3.8133333333	51.7591666667,-4.0286111111	51.8238888889,-4.0027777778
245	335	1504242000	1504243799	11	52.6713888889,-5.5	52.7380555556,-5.5	52.7527777778,-5.5	52.9513888889,-5.5	52.5972222222,-4.8644444444	52.0894444444,-3.9802777778	51.9238888889,-3.9205555556	51.9208333333,-3.9641666667	51.8552777778,-3.9902777778	51.9044444444,-4.32	52.6713888889,-5.5
245	335	1504242000	1504243799	5	51.9238888889,-3.9205555556	51.8394444444,-3.8891666667	51.8552777778,-3.9902777778	51.9208333333,-3.9641666667	51.9238888889,-3.9205555556
245	335	1504242000	1504243799	7	52.5536111111,-5.5	52.0158333333,-5.0661111111	52.0244444444,-5.1083333333	52.2452777778,-5.6730555556	52.3333333333,-5.5	52.4166666667,-5.5	52.5536111111,-5.5
245	335	1504242000	1504243799	11	51.9877777778,-5.0858333333	51.9775,-5.0388888889	51.8238888889,-4.0027777778	51.7591666667,-4.0286111111	51.6280555556,-3.8133333333	51.4847222222,-3.7616666667	51.4891666667,-4.2027777778	51.6761111111,-6.0075	51.7552777778,-6.035	51.9502777778,-6.1005555556	51.9877777778,-5.0858333333
245	335	1504242000	1504243799	5	52.8619444444,-3.1597222222	52.7533333333,-3.0894444444	52.6019444444,-3.1805555556	52.7222222222,-3.1713888889	52.8619444444,-3.1597222222
245	335	1504242000	1504243799	5	52.1538888889,-5.8513888889	51.9963888889,-5.1233333333	51.9619444444,-6.1044444444	52.0136111111,-6.1222222222	52.1538888889,-5.8513888889
245	335	1504242000	1504243799	4	52.2377777778,-5.6880555556	52.0327777778,-5.15	52.1677777778,-5.8222222222	52.2377777778,-5.6880555556
245	335	1504242000	1504243799	14	53.1761111111,-5.5	53.05,-5.27	52.8997222222,-5.0	52.8386111111,-4.8886111111	52.7191666667,-4.6780555556	52.6630555556,-4.7636111111	52.6583333333,-4.7713888889	52.6516666667,-4.7813888889	52.5972222222,-4.8644444444	52.9513888889,-5.5	53.05,-5.5	53.0638888889,-5.5	53.0847222222,-5.5	53.1761111111,-5.5
305	999	1504242000	1504243799	48	51.4891666667,-4.2027777778	51.4847222222,-3.7616666667	51.4630555556,-3.6141666667	51.4516666667,-3.5236111111	51.425,-3.3319444444	51.42,-3.2980555556	51.3975,-3.1480555556	51.3869444444,-3.0588888889	51.3861111111,-3.0263888889	51.3855555556,-2.9727777778	51.3658333333,-2.8333333333	51.2691666667,-2.0913888889	51.2575,-2.0	51.1741666667,-2.0	51.1127777778,-2.0	51.0416666667,-2.0	51.025,-2.0	50.9288888889,-2.0	50.8666666667,-2.0	50.8386111111,-2.0	50.7997222222,-2.0	50.7833333333,-2.0	50.75,-2.0	50.725,-2.0	50.6827777778,-2.0	50.675,-2.0	50.675,-2.0430555556	50.6752777778,-2.1258333333	50.67,-2.2683333333	50.6202777778,-2.2938888889	50.5258333333,-2.3422222222	50.2961111111,-2.4608333333	50.0,-2.4997222222	49.9155555556,-2.5086111111	49.8333333333,-3.0	49.8247222222,-3.0341666667	49.8186111111,-3.0680555556	49.8033333333,-3.1619444444	49.8013888889,-3.1736111111	49.7852777778,-3.2594444444	49.7372222222,-3.5294444444	49.6847222222,-3.82	49.6513888889,-4.0013888889	49.6216666667,-4.1613888889	51.0961111111,-3.8369444444	51.1086111111,-3.8347222222	51.2886111111,-3.7944444444	51.4891666667,-4.2027777778
195	265	1504242000	1504243799	6	51.8608333333,-2.7833333333	51.8305555556,-2.5394444444	51.8177777778,-2.5461111111	51.8108333333,-2.5519444444	51.8444444444,-2.7833333333	51.8608333333,-2.7833333333
195	265	1504242000	1504243799	7	51.8761111111,-2.9083333333	51.8608333333,-2.7833333333	51.8444444444,-2.7833333333	51.8636111111,-2.9105555556	51.8680555556,-2.9458333333	51.8791666667,-2.9458333333	51.8761111111,-2.9083333333
195	265	1504242000	1504243799	5	51.7808333333,-3.2402777778	51.7441666667,-2.9583333333	51.7291666667,-2.9602777778	51.7677777778,-3.2408333333	51.7808333333,-3.2402777778
65	265	1504242000	1504243799	9	51.3813888889,-2.7175	51.4047222222,-2.4269444444	51.4288888889,-2.1008333333	51.4366666667,-2.0	51.435,-2.0	51.4283333333,-2.0908333333	51.4025,-2.4269444444	51.3805555556,-2.7155555556	51.3813888889,-2.7175
65	265	1504242000	1504243799	6	51.6080555556,-2.0605555556	51.5988888889,-2.0	51.5694444444,-2.0	51.5747222222,-2.0605555556	51.6044444444,-2.0605555556	51.6080555556,-2.0605555556
285	335	1504242000	1504243799	5	53.25,-5.5	53.1863888889,-5.2044444444	53.1947222222,-5.5	53.1966666667,-5.5	53.25,-5.5
245	275	1504242000	1504243799	5	51.4241666667,-1.35	51.3552777778,-1.35	51.3741666667,-1.4822222222	51.4408333333,-1.4938888889	51.4241666667,-1.35
245	275	1504242000	1504243799	7	51.5922222222,-1.3508333333	51.5238888889,-1.35	51.545,-1.5272222222	51.6169444444,-1.55	51.6113888889,-1.5052777778	51.6002777778,-1.4147222222	51.5922222222,-1.3508333333
245	275	1504242000	1504243799	12	51.3397222222,-1.4763888889	51.3097222222,-1.4711111111	51.2905555556,-1.4786111111	51.3205555556,-1.6813888889	51.3263888889,-1.7222222222	51.3325,-1.795	51.2888888889,-2.0	51.3866666667,-2.0	51.4,-2.0	51.4144444444,-2.0	51.4055555556,-1.945	51.3397222222,-1.4763888889
245	275	1504242000	1504243799	8	51.6583333333,-2.0	51.6347222222,-1.9144444444	51.6277777778,-1.8902777778	51.5583333333,-1.6394444444	51.5916666667,-1.8788888889	51.5933333333,-1.89	51.6083333333,-2.0	51.6583333333,-2.0
245	275	1504242000	1504243799	6	51.3219444444,-1.35	51.2713888889,-1.3491666667	51.2905555556,-1.4786111111	51.3097222222,-1.4711111111	51.3397222222,-1.4763888889	51.3219444444,-1.35
245	275	1504242000	1504243799	6	51.4525,-1.3497222222	51.4241666667,-1.35	51.4408333333,-1.4938888889	51.4711111111,-1.5036111111	51.4788888889,-1.3972222222	51.4525,-1.3497222222
245	275	1504242000	1504243799	8	51.6083333333,-2.0	51.5933333333,-1.89	51.5916666667,-1.8788888889	51.5583333333,-1.6394444444	51.5638888889,-1.71	51.5694444444,-1.7761111111	51.5988888889,-2.0	51.6083333333,-2.0
245	275	1504242000	1504243799	9	51.2905555556,-1.4786111111	51.2188888889,-1.51	51.2097222222,-1.5969444444	51.2575,-2.0	51.2888888889,-2.0	51.3325,-1.795	51.3263888889,-1.7222222222	51.3205555556,-1.6813888889	51.2905555556,-1.4786111111
245	275	1504242000	1504243799	5	51.2713888889,-1.3491666667	51.2305555556,-1.3663888889	51.2188888889,-1.51	51.2905555556,-1.4786111111	51.2713888889,-1.3491666667
245	275	1504242000	1504243799	7	51.6638888889,-1.4472222222	51.6447222222,-1.4375	51.6002777778,-1.4147222222	51.6113888889,-1.5052777778	51.6169444444,-1.55	51.6819444444,-1.5819444444	51.6638888889,-1.4472222222
245	275	1504242000	1504243799	7	51.4711111111,-1.5036111111	51.4408333333,-1.4938888889	51.3741666667,-1.4822222222	51.4302777778,-1.8755555556	51.4394444444,-1.9411111111	51.4461111111,-1.8633333333	51.4711111111,-1.5036111111
245	275	1504242000	1504243799	12	51.7977777778,-1.6933333333	51.7644444444,-1.6588888889	51.7491666667,-1.6430555556	51.7061111111,-1.5969444444	51.6819444444,-1.5819444444	51.6169444444,-1.55	51.545,-1.5272222222	51.6533333333,-1.8991666667	51.6602777778,-1.925	51.6819444444,-2.0	51.6905555556,-2.0	51.7977777778,-1.6933333333
65	275	1504242000	1504243799	15	51.5988888889,-2.0	51.5694444444,-1.7761111111	51.5638888889,-1.71	51.5583333333,-1.6394444444	51.545,-1.5272222222	51.4711111111,-1.5036111111	51.4461111111,-1.8633333333	51.4394444444,-1.9411111111	51.435,-2.0	51.4366666667,-2.0	51.4430555556,-2.0	51.4477777778,-2.0	51.5011111111,-2.0	51.5694444444,-2.0	51.5988888889,-2.0
165	265	1504242000	1504243799	7	51.8863888889,-3.0261111111	51.8797222222,-3.0388888889	51.7808333333,-3.2402777778	51.795,-3.2397222222	51.8852777778,-3.07	51.8897222222,-3.0611111111	51.8863888889,-3.0261111111
165	265	1504242000	1504243799	11	51.7397222222,-3.2436111111	51.7086111111,-2.9619444444	51.7044444444,-2.9241666667	51.6769444444,-2.6730555556	51.6625,-2.6783333333	51.6452777778,-2.6841666667	51.6755555556,-2.9302777778	51.6797222222,-2.9666666667	51.715,-3.2466666667	51.725,-3.245	51.7397222222,-3.2436111111
165	265	1504242000	1504243799	5	52.0,-3.2241666667	51.9572222222,-3.2275	51.9580555556,-3.2605555556	52.0,-3.2575	52.0,-3.2241666667
165	265	1504242000	1504243799	10	52.0,-2.8961111111	51.9461111111,-2.9016666667	51.8761111111,-2.9083333333	51.8791666667,-2.9458333333	51.9263888889,-2.9455555556	51.8863888889,-3.0261111111	51.8897222222,-3.0611111111	51.9461111111,-2.9458333333	52.0,-2.9413888889	52.0,-2.8961111111
165	265	1504242000	1504243799	5	51.6755555556,-2.9302777778	51.5816666667,-2.9491666667	51.5863888889,-2.9844444444	51.6797222222,-2.9666666667	51.6755555556,-2.9302777778
165	265	1504242000	1504243799	25	51.9580555556,-3.2605555556	51.9572222222,-3.2275	51.9122222222,-3.2311111111	51.9066666667,-3.2313888889	51.8913888889,-3.2327777778	51.8580555556,-3.235	51.795,-3.2397222222	51.7808333333,-3.2402777778	51.7677777778,-3.2408333333	51.7397222222,-3.2436111111	51.725,-3.245	51.715,-3.2466666667	51.6233333333,-3.2622222222	51.5908333333,-3.2677777778	51.4722222222,-3.2880555556	51.42,-3.2980555556	51.425,-3.3319444444	51.4827777778,-3.3213888889	51.7188888889,-3.2791666667	51.8044444444,-3.8772222222	51.8394444444,-3.8891666667	51.7438888889,-3.2766666667	51.8627777778,-3.2683333333	51.8913888889,-3.2661111111	51.9580555556,-3.2605555556
165	265	1504242000	1504243799	9	51.8636111111,-2.9105555556	51.7394444444,-2.9211111111	51.7236111111,-2.9222222222	51.7044444444,-2.9241666667	51.7086111111,-2.9619444444	51.7291666667,-2.9602777778	51.7441666667,-2.9583333333	51.8680555556,-2.9458333333	51.8636111111,-2.9105555556
165	265	1504242000	1504243799	7	51.5488888889,-2.9561111111	51.4733333333,-2.9652777778	51.3875,-2.9725	51.3880555556,-3.0255555556	51.4544444444,-3.0111111111	51.5541666667,-2.9925	51.5488888889,-2.9561111111
155	265	1504242000	1504243799	8	51.8305555556,-2.5394444444	51.7391666667,-2.2155555556	51.6819444444,-2.0	51.6583333333,-2.0	51.7075,-2.1805555556	51.8108333333,-2.5519444444	51.8177777778,-2.5461111111	51.8305555556,-2.5394444444
225	335	1504242000	1504243799	9	51.6233333333,-3.2622222222	51.5863888889,-2.9844444444	51.5816666667,-2.9491666667	51.5569444444,-2.7641666667	51.5316666667,-2.825	51.5488888889,-2.9561111111	51.5541666667,-2.9925	51.5908333333,-3.2677777778	51.6233333333,-3.2622222222
135	275	1504242000	1504243799	7	51.5238888889,-1.35	51.4822222222,-1.35	51.4525,-1.3497222222	51.4788888889,-1.3972222222	51.4711111111,-1.5036111111	51.545,-1.5272222222	51.5238888889,-1.35
135	275	1504242000	1504243799	9	51.6819444444,-2.0	51.6602777778,-1.925	51.6533333333,-1.8991666667	51.545,-1.5272222222	51.5583333333,-1.6394444444	51.6277777778,-1.8902777778	51.6347222222,-1.9144444444	51.6583333333,-2.0	51.6819444444,-2.0
335	999	1504242000	1504243799	11	51.5908333333,-3.2677777778	51.5541666667,-2.9925	51.4544444444,-3.0111111111	51.3880555556,-3.0255555556	51.3888888889,-3.0605555556	51.4055555556,-3.0766666667	51.415,-3.1063888889	51.3975,-3.1480555556	51.42,-3.2980555556	51.4722222222,-3.2880555556	51.5908333333,-3.2677777778
335	999	1504242000	1504243799	9	52.2441666667,-3.2055555556	52.5705555556,-3.1805555556	52.7380555556,-3.0752777778	52.5083333333,-2.8972222222	52.0,-2.9413888889	52.0,-3.2241666667	52.2108333333,-3.2080555556	52.2402777778,-3.2244444444	52.2441666667,-3.2055555556
335	999	1504242000	1504243799	7	52.6630555556,-4.7636111111	52.4369444444,-4.3644444444	52.4311111111,-4.3725	52.425,-4.3838888889	52.6516666667,-4.7813888889	52.6583333333,-4.7713888889	52.6630555556,-4.7636111111
335	999	1504242000	1504243799	7	51.8863888889,-3.0261111111	51.8797222222,-3.0388888889	51.7808333333,-3.2402777778	51.795,-3.2397222222	51.8852777778,-3.07	51.8897222222,-3.0611111111	51.8863888889,-3.0261111111
335	999	1504242000	1504243799	5	51.7808333333,-3.2402777778	51.7441666667,-2.9583333333	51.7291666667,-2.9602777778	51.7677777778,-3.2408333333	51.7808333333,-3.2402777778
335	999	1504242000	1504243799	11	52.1541666667,-2.0755555556	51.9830555556,-1.89	51.8916666667,-1.7925	51.7977777778,-1.6933333333	51.6905555556,-2.0	51.6819444444,-2.0	51.7391666667,-2.2155555556	51.8305555556,-2.5394444444	51.8608333333,-2.7833333333	52.0002777778,-2.7833333333	52.1541666667,-2.0755555556
335	999	1504242000	1504243799	6	51.8608333333,-2.7833333333	51.8305555556,-2.5394444444	51.8177777778,-2.5461111111	51.8108333333,-2.5519444444	51.8444444444,-2.7833333333	51.8608333333,-2.7833333333
335	999	1504242000	1504243799	11	51.4283333333,-2.0908333333	51.4144444444,-2.0	51.4,-2.0	51.3866666667,-2.0	51.2888888889,-2.0	51.2691666667,-2.0913888889	51.3658333333,-2.8333333333	51.3825,-2.8333333333	51.3805555556,-2.7155555556	51.4025,-2.4269444444	51.4283333333,-2.0908333333
335	999	1504242000	1504243799	11	51.7397222222,-3.2436111111	51.7086111111,-2.9619444444	51.7044444444,-2.9241666667	51.6769444444,-2.6730555556	51.6625,-2.6783333333	51.6452777778,-2.6841666667	51.6755555556,-2.9302777778	51.6797222222,-2.9666666667	51.715,-3.2466666667	51.725,-3.245	51.7397222222,-3.2436111111
335	999	1504242000	1504243799	4	51.3825,-2.8333333333	51.3658333333,-2.8333333333	51.3855555556,-2.9727777778	51.3825,-2.8333333333
335	999	1504242000	1504243799	11	51.3813888889,-2.7175	51.3805555556,-2.7155555556	51.3825,-2.8333333333	51.3855555556,-2.9727777778	51.3861111111,-3.0263888889	51.3869444444,-3.0588888889	51.3888888889,-3.0605555556	51.3880555556,-3.0255555556	51.3875,-2.9725	51.3847222222,-2.8333333333	51.3813888889,-2.7175
335	999	1504242000	1504243799	10	52.0,-2.8961111111	51.9461111111,-2.9016666667	51.8761111111,-2.9083333333	51.8791666667,-2.9458333333	51.9263888889,-2.9455555556	51.8863888889,-3.0261111111	51.8897222222,-3.0611111111	51.9461111111,-2.9458333333	52.0,-2.9413888889	52.0,-2.8961111111
335	999	1504242000	1504243799	9	51.3813888889,-2.7175	51.4047222222,-2.4269444444	51.4288888889,-2.1008333333	51.4366666667,-2.0	51.435,-2.0	51.4283333333,-2.0908333333	51.4025,-2.4269444444	51.3805555556,-2.7155555556	51.3813888889,-2.7175
335	999	1504242000	1504243799	7	52.5536111111,-5.5	52.0158333333,-5.0661111111	52.0244444444,-5.1083333333	52.2452777778,-5.6730555556	52.3333333333,-5.5	52.4166666667,-5.5	52.5536111111,-5.5
335	999	1504242000	1504243799	5	51.6755555556,-2.9302777778	51.5816666667,-2.9491666667	51.5863888889,-2.9844444444	51.6797222222,-2.9666666667	51.6755555556,-2.9302777778
335	999	1504242000	1504243799	6	52.8938888889,-2.8797222222	52.7113888889,-2.8794444444	52.7113888889,-2.9280555556	52.895,-2.9130555556	52.8944444444,-2.8983333333	52.8938888889,-2.8797222222
335	999	1504242000	1504243799	7	51.5488888889,-2.9561111111	51.4733333333,-2.9652777778	51.3875,-2.9725	51.3880555556,-3.0255555556	51.4544444444,-3.0111111111	51.5541666667,-2.9925	51.5488888889,-2.9561111111
335	999	1504242000	1504243799	5	52.1538888889,-5.8513888889	51.9963888889,-5.1233333333	51.9619444444,-6.1044444444	52.0136111111,-6.1222222222	52.1538888889,-5.8513888889
335	999	1504242000	1504243799	6	51.6755555556,-2.9302777778	51.6452777778,-2.6841666667	51.5805555556,-2.7072222222	51.5569444444,-2.7641666667	51.5816666667,-2.9491666667	51.6755555556,-2.9302777778
335	999	1504242000	1504243799	6	51.415,-3.1063888889	51.4055555556,-3.0766666667	51.3888888889,-3.0605555556	51.3869444444,-3.0588888889	51.3975,-3.1480555556	51.415,-3.1063888889
335	999	1504242000	1504243799	6	51.5488888889,-2.9561111111	51.5316666667,-2.825	51.3847222222,-2.8333333333	51.3875,-2.9725	51.4733333333,-2.9652777778	51.5488888889,-2.9561111111
335	999	1504242000	1504243799	7	51.5316666667,-2.825	51.5180555556,-2.7230555556	51.4288888889,-2.1008333333	51.4047222222,-2.4269444444	51.3813888889,-2.7175	51.3847222222,-2.8333333333	51.5316666667,-2.825
335	999	1504242000	1504243799	14	52.8925,-2.8372222222	52.85,-2.7580555556	52.8458333333,-2.7577777778	52.6969444444,-2.6305555556	52.5475,-2.5038888889	52.2733333333,-2.2044444444	52.1622222222,-2.0841666667	52.1541666667,-2.0755555556	52.0002777778,-2.7833333333	52.0,-2.8961111111	52.5108333333,-2.8558333333	52.7113888889,-2.8794444444	52.8938888889,-2.8797222222	52.8925,-2.8372222222
335	999	1504242000	1504243799	5	53.25,-5.5	53.1863888889,-5.2044444444	53.1947222222,-5.5	53.1966666667,-5.5	53.25,-5.5
335	999	1504242000	1504243799	6	51.6080555556,-2.0605555556	51.5988888889,-2.0	51.5694444444,-2.0	51.5747222222,-2.0605555556	51.6044444444,-2.0605555556	51.6080555556,-2.0605555556
335	999	1504242000	1504243799	6	51.9619444444,-6.1044444444	51.9963888889,-5.1233333333	51.9877777778,-5.0858333333	51.9502777778,-6.1005555556	51.9575,-6.1030555556	51.9619444444,-6.1044444444
335	999	1504242000	1504243799	8	51.8305555556,-2.5394444444	51.7391666667,-2.2155555556	51.6819444444,-2.0	51.6583333333,-2.0	51.7075,-2.1805555556	51.8108333333,-2.5519444444	51.8177777778,-2.5461111111	51.8305555556,-2.5394444444
335	999	1504242000	1504243799	9	52.9019444444,-3.1563888889	52.885,-3.1569444444	52.7816666667,-3.0722222222	52.7533333333,-3.0894444444	52.8619444444,-3.1597222222	52.7222222222,-3.1713888889	52.7222222222,-3.2038888889	52.9027777778,-3.19	52.9019444444,-3.1563888889
335	999	1504242000	1504243799	8	52.7222222222,-3.1713888889	52.6019444444,-3.1805555556	52.5705555556,-3.1805555556	52.2441666667,-3.2055555556	52.2402777778,-3.2244444444	52.2577777778,-3.2377777778	52.7222222222,-3.2038888889	52.7222222222,-3.1713888889
335	999	1504242000	1504243799	11	52.6713888889,-5.5	52.7380555556,-5.5	52.7527777778,-5.5	52.9513888889,-5.5	52.5972222222,-4.8644444444	52.0894444444,-3.9802777778	51.9238888889,-3.9205555556	51.9208333333,-3.9641666667	51.8552777778,-3.9902777778	51.9044444444,-4.32	52.6713888889,-5.5
335	999	1504242000	1504243799	4	51.4927777778,-3.5908333333	51.4516666667,-3.5236111111	51.4630555556,-3.6141666667	51.4927777778,-3.5908333333
335	999	1504242000	1504243799	8	51.5513888889,-2.7230555556	51.5030555556,-2.3844444444	51.4477777778,-2.0	51.4430555556,-2.0	51.4366666667,-2.0	51.4288888889,-2.1008333333	51.5180555556,-2.7230555556	51.5513888889,-2.7230555556
335	999	1504242000	1504243799	6	52.2402777778,-3.2244444444	52.2108333333,-3.2080555556	52.0,-3.2241666667	52.0,-3.2575	52.2241666667,-3.24	52.2402777778,-3.2244444444
335	999	1504242000	1504243799	4	51.435,-2.0	51.4144444444,-2.0	51.4283333333,-2.0908333333	51.435,-2.0
335	999	1504242000	1504243799	8	51.8044444444,-3.8772222222	51.7188888889,-3.2791666667	51.4827777778,-3.3213888889	51.425,-3.3319444444	51.4516666667,-3.5236111111	51.4927777778,-3.5908333333	51.6280555556,-3.8133333333	51.8044444444,-3.8772222222
335	999	1504242000	1504243799	6	52.0002777778,-2.7833333333	51.8608333333,-2.7833333333	51.8761111111,-2.9083333333	51.9461111111,-2.9016666667	52.0,-2.8961111111	52.0002777778,-2.7833333333
335	999	1504242000	1504243799	5	51.5569444444,-2.7641666667	51.5513888889,-2.7230555556	51.5180555556,-2.7230555556	51.5316666667,-2.825	51.5569444444,-2.7641666667
335	999	1504242000	1504243799	12	52.0,-2.9413888889	51.9461111111,-2.9458333333	51.8897222222,-3.0611111111	51.8852777778,-3.07	51.795,-3.2397222222	51.8580555556,-3.235	51.8913888889,-3.2327777778	51.9066666667,-3.2313888889	51.9122222222,-3.2311111111	51.9572222222,-3.2275	52.0,-3.2241666667	52.0,-2.9413888889
335	999	1504242000	1504243799	4	51.2888888889,-2.0	51.2575,-2.0	51.2691666667,-2.0913888889	51.2888888889,-2.0
335	999	1504242000	1504243799	6	52.7666666667,-3.0569444444	52.8966666667,-2.9772222222	52.895,-2.9130555556	52.7113888889,-2.9280555556	52.5825,-2.9088888889	52.7666666667,-3.0569444444
335	999	1504242000	1504243799	5	51.4927777778,-3.5908333333	51.4630555556,-3.6141666667	51.4847222222,-3.7616666667	51.6280555556,-3.8133333333	51.4927777778,-3.5908333333
335	999	1504242000	1504243799	8	51.9263888889,-2.9455555556	51.8791666667,-2.9458333333	51.8680555556,-2.9458333333	51.7441666667,-2.9583333333	51.7808333333,-3.2402777778	51.8797222222,-3.0388888889	51.8863888889,-3.0261111111	51.9263888889,-2.9455555556
335	999	1504242000	1504243799	8	51.6769444444,-2.6730555556	51.6736111111,-2.6455555556	51.6044444444,-2.0605555556	51.5747222222,-2.0605555556	51.6341666667,-2.5847222222	51.6452777778,-2.6841666667	51.6625,-2.6783333333	51.6769444444,-2.6730555556
335	999	1504242000	1504243799	9	51.6233333333,-3.2622222222	51.5863888889,-2.9844444444	51.5816666667,-2.9491666667	51.5569444444,-2.7641666667	51.5316666667,-2.825	51.5488888889,-2.9561111111	51.5541666667,-2.9925	51.5908333333,-3.2677777778	51.6233333333,-3.2622222222
335	999	1504242000	1504243799	10	53.1947222222,-5.5	53.1863888889,-5.2044444444	53.1425,-5.0	53.0008333333,-5.0	52.9675,-5.0	52.8997222222,-5.0	53.05,-5.27	53.1761111111,-5.5	53.1844444444,-5.5	53.1947222222,-5.5
335	999	1504242000	1504243799	5	52.9019444444,-3.1563888889	52.8972222222,-3.0038888889	52.7816666667,-3.0722222222	52.885,-3.1569444444	52.9019444444,-3.1563888889
335	999	1504242000	1504243799	5	52.0,-3.2575	51.9238888889,-3.9205555556	52.0894444444,-3.9802777778	52.0302777778,-3.5102777778	52.0,-3.2575
335	999	1504242000	1504243799	8	51.8108333333,-2.5519444444	51.7075,-2.1805555556	51.6583333333,-2.0	51.6083333333,-2.0	51.7022222222,-2.6636111111	51.7436111111,-2.6497222222	51.8444444444,-2.7833333333	51.8108333333,-2.5519444444
335	999	1504242000	1504243799	5	52.0,-3.2241666667	51.9572222222,-3.2275	51.9580555556,-3.2605555556	52.0,-3.2575	52.0,-3.2241666667
335	999	1504242000	1504243799	5	51.9238888889,-3.9205555556	51.8394444444,-3.8891666667	51.8552777778,-3.9902777778	51.9208333333,-3.9641666667	51.9238888889,-3.9205555556
335	999	1504242000	1504243799	6	51.6044444444,-2.0605555556	51.6736111111,-2.6455555556	51.6769444444,-2.6730555556	51.6888888889,-2.6688888889	51.6080555556,-2.0605555556	51.6044444444,-2.0605555556
335	999	1504242000	1504243799	25	51.9580555556,-3.2605555556	51.9572222222,-3.2275	51.9122222222,-3.2311111111	51.9066666667,-3.2313888889	51.8913888889,-3.2327777778	51.8580555556,-3.235	51.795,-3.2397222222	51.7808333333,-3.2402777778	51.7677777778,-3.2408333333	51.7397222222,-3.2436111111	51.725,-3.245	51.715,-3.2466666667	51.6233333333,-3.2622222222	51.5908333333,-3.2677777778	51.4722222222,-3.2880555556	51.42,-3.2980555556	51.425,-3.3319444444	51.4827777778,-3.3213888889	51.7188888889,-3.2791666667	51.8044444444,-3.8772222222	51.8394444444,-3.8891666667	51.7438888889,-3.2766666667	51.8627777778,-3.2683333333	51.8913888889,-3.2661111111	51.9580555556,-3.2605555556
335	999	1504242000	1504243799	8	52.0,-3.2575	51.9580555556,-3.2605555556	51.8913888889,-3.2661111111	51.8627777778,-3.2683333333	51.7438888889,-3.2766666667	51.8394444444,-3.8891666667	51.9238888889,-3.9205555556	52.0,-3.2575
335	999	1504242000	1504243799	11	51.6452777778,-2.6841666667	51.6341666667,-2.5847222222	51.5747222222,-2.0605555556	51.5694444444,-2.0	51.5011111111,-2.0	51.4477777778,-2.0	51.5030555556,-2.3844444444	51.5513888889,-2.7230555556	51.5569444444,-2.7641666667	51.5805555556,-2.7072222222	51.6452777778,-2.6841666667
335	999	1504242000	1504243799	7	52.8966666667,-2.9772222222	52.7666666667,-3.0569444444	52.7380555556,-3.0752777778	52.7533333333,-3.0894444444	52.7816666667,-3.0722222222	52.8972222222,-3.0038888889	52.8966666667,-2.9772222222
335	999	1504242000	1504243799	4	52.2377777778,-5.6880555556	52.0327777778,-5.15	52.1677777778,-5.8222222222	52.2377777778,-5.6880555556
335	999	1504242000	1504243799	14	53.1761111111,-5.5	53.05,-5.27	52.8997222222,-5.0	52.8386111111,-4.8886111111	52.7191666667,-4.6780555556	52.6630555556,-4.7636111111	52.6583333333,-4.7713888889	52.6516666667,-4.7813888889	52.5972222222,-4.8644444444	52.9513888889,-5.5	53.05,-5.5	53.0638888889,-5.5	53.0847222222,-5.5	53.1761111111,-5.5
335	999	1504242000	1504243799	5	51.7291666667,-2.9602777778	51.7086111111,-2.9619444444	51.7397222222,-3.2436111111	51.7677777778,-3.2408333333	51.7291666667,-2.9602777778
335	999	1504242000	1504243799	26	53.1425,-5.0	53.1116666667,-4.8836111111	52.9286111111,-4.2463888889	52.9102777778,-3.4480555556	52.9083333333,-3.3666666667	52.9063888889,-3.3105555556	52.9027777778,-3.19	52.7222222222,-3.2038888889	52.2577777778,-3.2377777778	52.2402777778,-3.2244444444	52.2241666667,-3.24	52.0,-3.2575	52.0302777778,-3.5102777778	52.0894444444,-3.9802777778	52.5972222222,-4.8644444444	52.6516666667,-4.7813888889	52.425,-4.3838888889	52.4311111111,-4.3725	52.4369444444,-4.3644444444	52.6630555556,-4.7636111111	52.7191666667,-4.6780555556	52.8386111111,-4.8886111111	52.8997222222,-5.0	52.9675,-5.0	53.0008333333,-5.0	53.1425,-5.0
335	999	1504242000	1504243799	5	51.6888888889,-2.6688888889	51.6769444444,-2.6730555556	51.7044444444,-2.9241666667	51.7236111111,-2.9222222222	51.6888888889,-2.6688888889
335	999	1504242000	1504243799	5	52.7380555556,-3.0752777778	52.5705555556,-3.1805555556	52.6019444444,-3.1805555556	52.7533333333,-3.0894444444	52.7380555556,-3.0752777778
335	999	1504242000	1504243799	6	51.8636111111,-2.9105555556	51.8444444444,-2.7833333333	51.7436111111,-2.6497222222	51.7022222222,-2.6636111111	51.7394444444,-2.9211111111	51.8636111111,-2.9105555556
335	999	1504242000	1504243799	5	51.7394444444,-2.9211111111	51.7022222222,-2.6636111111	51.6888888889,-2.6688888889	51.7236111111,-2.9222222222	51.7394444444,-2.9211111111
335	999	1504242000	1504243799	5	52.8619444444,-3.1597222222	52.7533333333,-3.0894444444	52.6019444444,-3.1805555556	52.7222222222,-3.1713888889	52.8619444444,-3.1597222222
335	999	1504242000	1504243799	6	51.7022222222,-2.6636111111	51.6083333333,-2.0	51.5988888889,-2.0	51.6080555556,-2.0605555556	51.6888888889,-2.6688888889	51.7022222222,-2.6636111111
335	999	1504242000	1504243799	5	52.6713888889,-5.5	51.9044444444,-4.32	52.0108333333,-5.0388888889	52.5552777778,-5.5	52.6713888889,-5.5
335	999	1504242000	1504243799	5	51.8238888889,-4.0027777778	51.8044444444,-3.8772222222	51.6280555556,-3.8133333333	51.7591666667,-4.0286111111	51.8238888889,-4.0027777778
335	999	1504242000	1504243799	10	52.7113888889,-2.8794444444	52.5108333333,-2.8558333333	52.0,-2.8961111111	52.0,-2.9413888889	52.5083333333,-2.8972222222	52.7380555556,-3.0752777778	52.7666666667,-3.0569444444	52.5825,-2.9088888889	52.7113888889,-2.9280555556	52.7113888889,-2.8794444444
335	999	1504242000	1504243799	9	51.8636111111,-2.9105555556	51.7394444444,-2.9211111111	51.7236111111,-2.9222222222	51.7044444444,-2.9241666667	51.7086111111,-2.9619444444	51.7291666667,-2.9602777778	51.7441666667,-2.9583333333	51.8680555556,-2.9458333333	51.8636111111,-2.9105555556
335	999	1504242000	1504243799	21	52.5544444444,-5.5	52.5552777778,-5.5	52.0108333333,-5.0388888889	51.9044444444,-4.32	51.8552777778,-3.9902777778	51.8405555556,-3.9983333333	51.8238888889,-4.0027777778	51.9775,-5.0388888889	51.9877777778,-5.0858333333	51.9963888889,-5.1233333333	52.1538888889,-5.8513888889	52.1586111111,-5.8422222222	52.1677777778,-5.8222222222	52.0327777778,-5.15	52.2377777778,-5.6880555556	52.2416666667,-5.6802777778	52.2452777778,-5.6730555556	52.0244444444,-5.1083333333	52.0158333333,-5.0661111111	52.5536111111,-5.5	52.5544444444,-5.5
335	999	1504242000	1504243799	7	51.8761111111,-2.9083333333	51.8608333333,-2.7833333333	51.8444444444,-2.7833333333	51.8636111111,-2.9105555556	51.8680555556,-2.9458333333	51.8791666667,-2.9458333333	51.8761111111,-2.9083333333
335	999	1504242000	1504243799	5	51.715,-3.2466666667	51.6797222222,-2.9666666667	51.5863888889,-2.9844444444	51.6233333333,-3.2622222222	51.715,-3.2466666667
335	999	1504242000	1504243799	6	51.8552777778,-3.9902777778	51.8394444444,-3.8891666667	51.8044444444,-3.8772222222	51.8238888889,-4.0027777778	51.8405555556,-3.9983333333	51.8552777778,-3.9902777778
335	999	1504242000	1504243799	11	51.9877777778,-5.0858333333	51.9775,-5.0388888889	51.8238888889,-4.0027777778	51.7591666667,-4.0286111111	51.6280555556,-3.8133333333	51.4847222222,-3.7616666667	51.4891666667,-4.2027777778	51.6761111111,-6.0075	51.7552777778,-6.035	51.9502777778,-6.1005555556	51.9877777778,-5.0858333333
245	305	1504242000	1504243799	44	51.4891666667,-4.2027777778	51.4847222222,-3.7616666667	51.4630555556,-3.6141666667	51.4516666667,-3.5236111111	51.425,-3.3319444444	51.42,-3.2980555556	51.3975,-3.1480555556	51.3869444444,-3.0588888889	51.3861111111,-3.0263888889	51.3855555556,-2.9727777778	51.3658333333,-2.8333333333	51.2691666667,-2.0913888889	51.2575,-2.0	51.1741666667,-2.0	51.1127777778,-2.0	51.0416666667,-2.0	51.025,-2.0	50.9288888889,-2.0	50.8666666667,-2.0	50.8494444444,-2.1047222222	50.825,-2.2522222222	50.7791666667,-2.5322222222	50.7497222222,-2.5186111111	50.7158333333,-2.5166666667	50.6627777778,-2.5188888889	50.6202777778,-2.2938888889	50.5258333333,-2.3422222222	50.2961111111,-2.4608333333	50.0,-2.4997222222	49.9155555556,-2.5086111111	49.8333333333,-3.0	49.8247222222,-3.0341666667	49.8186111111,-3.0680555556	49.8033333333,-3.1619444444	49.8013888889,-3.1736111111	49.7852777778,-3.2594444444	49.7372222222,-3.5294444444	49.6847222222,-3.82	49.6513888889,-4.0013888889	49.6216666667,-4.1613888889	51.0961111111,-3.8369444444	51.1086111111,-3.8347222222	51.2886111111,-3.7944444444	51.4891666667,-4.2027777778
95	265	1504242000	1504243799	8	51.6769444444,-2.6730555556	51.6736111111,-2.6455555556	51.6044444444,-2.0605555556	51.5747222222,-2.0605555556	51.6341666667,-2.5847222222	51.6452777778,-2.6841666667	51.6625,-2.6783333333	51.6769444444,-2.6730555556
105	265	1504242000	1504243799	5	51.5569444444,-2.7641666667	51.5513888889,-2.7230555556	51.5180555556,-2.7230555556	51.5316666667,-2.825	51.5569444444,-2.7641666667
105	265	1504242000	1504243799	8	51.5513888889,-2.7230555556	51.5030555556,-2.3844444444	51.4477777778,-2.0	51.4430555556,-2.0	51.4366666667,-2.0	51.4288888889,-2.1008333333	51.5180555556,-2.7230555556	51.5513888889,-2.7230555556
105	265	1504242000	1504243799	4	51.435,-2.0	51.4144444444,-2.0	51.4283333333,-2.0908333333	51.435,-2.0
175	999	1504242000	1504243799	7	51.2411111111,-7.5661111111	51.0,-7.2019444444	50.9980555556,-7.2047222222	50.9963888889,-7.2086111111	51.2388888889,-7.5705555556	51.24,-7.5680555556	51.2411111111,-7.5661111111
105	275	1504242000	1504243799	8	51.4394444444,-1.9411111111	51.4302777778,-1.8755555556	51.3741666667,-1.4822222222	51.3397222222,-1.4763888889	51.4055555556,-1.945	51.4144444444,-2.0	51.435,-2.0	51.4394444444,-1.9411111111
165	335	1504242000	1504243799	6	51.8552777778,-3.9902777778	51.8394444444,-3.8891666667	51.8044444444,-3.8772222222	51.8238888889,-4.0027777778	51.8405555556,-3.9983333333	51.8552777778,-3.9902777778
145	335	1504242000	1504243799	5	52.7380555556,-3.0752777778	52.5705555556,-3.1805555556	52.6019444444,-3.1805555556	52.7533333333,-3.0894444444	52.7380555556,-3.0752777778
145	335	1504242000	1504243799	21	52.5544444444,-5.5	52.5552777778,-5.5	52.0108333333,-5.0388888889	51.9044444444,-4.32	51.8552777778,-3.9902777778	51.8405555556,-3.9983333333	51.8238888889,-4.0027777778	51.9775,-5.0388888889	51.9877777778,-5.0858333333	51.9963888889,-5.1233333333	52.1538888889,-5.8513888889	52.1586111111,-5.8422222222	52.1677777778,-5.8222222222	52.0327777778,-5.15	52.2377777778,-5.6880555556	52.2416666667,-5.6802777778	52.2452777778,-5.6730555556	52.0244444444,-5.1083333333	52.0158333333,-5.0661111111	52.5536111111,-5.5	52.5544444444,-5.5
145	335	1504242000	1504243799	6	52.8938888889,-2.8797222222	52.7113888889,-2.8794444444	52.7113888889,-2.9280555556	52.895,-2.9130555556	52.8944444444,-2.8983333333	52.8938888889,-2.8797222222
145	335	1504242000	1504243799	8	52.7222222222,-3.1713888889	52.6019444444,-3.1805555556	52.5705555556,-3.1805555556	52.2441666667,-3.2055555556	52.2402777778,-3.2244444444	52.2577777778,-3.2377777778	52.7222222222,-3.2038888889	52.7222222222,-3.1713888889
145	335	1504242000	1504243799	10	52.7113888889,-2.8794444444	52.5108333333,-2.8558333333	52.0,-2.8961111111	52.0,-2.9413888889	52.5083333333,-2.8972222222	52.7380555556,-3.0752777778	52.7666666667,-3.0569444444	52.5825,-2.9088888889	52.7113888889,-2.9280555556	52.7113888889,-2.8794444444
145	335	1504242000	1504243799	6	52.2402777778,-3.2244444444	52.2108333333,-3.2080555556	52.0,-3.2241666667	52.0,-3.2575	52.2241666667,-3.24	52.2402777778,-3.2244444444
145	335	1504242000	1504243799	9	52.9019444444,-3.1563888889	52.885,-3.1569444444	52.7816666667,-3.0722222222	52.7533333333,-3.0894444444	52.8619444444,-3.1597222222	52.7222222222,-3.1713888889	52.7222222222,-3.2038888889	52.9027777778,-3.19	52.9019444444,-3.1563888889
145	335	1504242000	1504243799	7	52.8966666667,-2.9772222222	52.7666666667,-3.0569444444	52.7380555556,-3.0752777778	52.7533333333,-3.0894444444	52.7816666667,-3.0722222222	52.8972222222,-3.0038888889	52.8966666667,-2.9772222222
145	335	1504242000	1504243799	6	51.9619444444,-6.1044444444	51.9963888889,-5.1233333333	51.9877777778,-5.0858333333	51.9502777778,-6.1005555556	51.9575,-6.1030555556	51.9619444444,-6.1044444444
115	275	1504242000	1504243799	5	51.3552777778,-1.35	51.3219444444,-1.35	51.3397222222,-1.4763888889	51.3741666667,-1.4822222222	51.3552777778,-1.35
265	335	1504242000	1504243799	11	51.5908333333,-3.2677777778	51.5541666667,-2.9925	51.4544444444,-3.0111111111	51.3880555556,-3.0255555556	51.3888888889,-3.0605555556	51.4055555556,-3.0766666667	51.415,-3.1063888889	51.3975,-3.1480555556	51.42,-3.2980555556	51.4722222222,-3.2880555556	51.5908333333,-3.2677777778
265	335	1504242000	1504243799	7	51.8863888889,-3.0261111111	51.8797222222,-3.0388888889	51.7808333333,-3.2402777778	51.795,-3.2397222222	51.8852777778,-3.07	51.8897222222,-3.0611111111	51.8863888889,-3.0261111111
265	335	1504242000	1504243799	5	51.7808333333,-3.2402777778	51.7441666667,-2.9583333333	51.7291666667,-2.9602777778	51.7677777778,-3.2408333333	51.7808333333,-3.2402777778
265	335	1504242000	1504243799	11	52.1541666667,-2.0755555556	51.9830555556,-1.89	51.8916666667,-1.7925	51.7977777778,-1.6933333333	51.6905555556,-2.0	51.6819444444,-2.0	51.7391666667,-2.2155555556	51.8305555556,-2.5394444444	51.8608333333,-2.7833333333	52.0002777778,-2.7833333333	52.1541666667,-2.0755555556
265	335	1504242000	1504243799	6	51.8608333333,-2.7833333333	51.8305555556,-2.5394444444	51.8177777778,-2.5461111111	51.8108333333,-2.5519444444	51.8444444444,-2.7833333333	51.8608333333,-2.7833333333
265	335	1504242000	1504243799	11	51.4283333333,-2.0908333333	51.4144444444,-2.0	51.4,-2.0	51.3866666667,-2.0	51.2888888889,-2.0	51.2691666667,-2.0913888889	51.3658333333,-2.8333333333	51.3825,-2.8333333333	51.3805555556,-2.7155555556	51.4025,-2.4269444444	51.4283333333,-2.0908333333
265	335	1504242000	1504243799	11	51.7397222222,-3.2436111111	51.7086111111,-2.9619444444	51.7044444444,-2.9241666667	51.6769444444,-2.6730555556	51.6625,-2.6783333333	51.6452777778,-2.6841666667	51.6755555556,-2.9302777778	51.6797222222,-2.9666666667	51.715,-3.2466666667	51.725,-3.245	51.7397222222,-3.2436111111
265	335	1504242000	1504243799	4	51.3825,-2.8333333333	51.3658333333,-2.8333333333	51.3855555556,-2.9727777778	51.3825,-2.8333333333
265	335	1504242000	1504243799	11	51.3813888889,-2.7175	51.3805555556,-2.7155555556	51.3825,-2.8333333333	51.3855555556,-2.9727777778	51.3861111111,-3.0263888889	51.3869444444,-3.0588888889	51.3888888889,-3.0605555556	51.3880555556,-3.0255555556	51.3875,-2.9725	51.3847222222,-2.8333333333	51.3813888889,-2.7175
265	335	1504242000	1504243799	10	52.0,-2.8961111111	51.9461111111,-2.9016666667	51.8761111111,-2.9083333333	51.8791666667,-2.9458333333	51.9263888889,-2.9455555556	51.8863888889,-3.0261111111	51.8897222222,-3.0611111111	51.9461111111,-2.9458333333	52.0,-2.9413888889	52.0,-2.8961111111
265	335	1504242000	1504243799	9	51.3813888889,-2.7175	51.4047222222,-2.4269444444	51.4288888889,-2.1008333333	51.4366666667,-2.0	51.435,-2.0	51.4283333333,-2.0908333333	51.4025,-2.4269444444	51.3805555556,-2.7155555556	51.3813888889,-2.7175
265	335	1504242000	1504243799	5	51.6755555556,-2.9302777778	51.5816666667,-2.9491666667	51.5863888889,-2.9844444444	51.6797222222,-2.9666666667	51.6755555556,-2.9302777778
265	335	1504242000	1504243799	7	51.5488888889,-2.9561111111	51.4733333333,-2.9652777778	51.3875,-2.9725	51.3880555556,-3.0255555556	51.4544444444,-3.0111111111	51.5541666667,-2.9925	51.5488888889,-2.9561111111
265	335	1504242000	1504243799	6	52.0002777778,-2.7833333333	51.8608333333,-2.7833333333	51.8761111111,-2.9083333333	51.9461111111,-2.9016666667	52.0,-2.8961111111	52.0002777778,-2.7833333333
265	335	1504242000	1504243799	6	51.415,-3.1063888889	51.4055555556,-3.0766666667	51.3888888889,-3.0605555556	51.3869444444,-3.0588888889	51.3975,-3.1480555556	51.415,-3.1063888889
265	335	1504242000	1504243799	6	51.5488888889,-2.9561111111	51.5316666667,-2.825	51.3847222222,-2.8333333333	51.3875,-2.9725	51.4733333333,-2.9652777778	51.5488888889,-2.9561111111
265	335	1504242000	1504243799	6	51.6755555556,-2.9302777778	51.6452777778,-2.6841666667	51.5805555556,-2.7072222222	51.5569444444,-2.7641666667	51.5816666667,-2.9491666667	51.6755555556,-2.9302777778
265	335	1504242000	1504243799	7	51.5316666667,-2.825	51.5180555556,-2.7230555556	51.4288888889,-2.1008333333	51.4047222222,-2.4269444444	51.3813888889,-2.7175	51.3847222222,-2.8333333333	51.5316666667,-2.825
265	335	1504242000	1504243799	6	51.6080555556,-2.0605555556	51.5988888889,-2.0	51.5694444444,-2.0	51.5747222222,-2.0605555556	51.6044444444,-2.0605555556	51.6080555556,-2.0605555556
265	335	1504242000	1504243799	8	51.8305555556,-2.5394444444	51.7391666667,-2.2155555556	51.6819444444,-2.0	51.6583333333,-2.0	51.7075,-2.1805555556	51.8108333333,-2.5519444444	51.8177777778,-2.5461111111	51.8305555556,-2.5394444444
265	335	1504242000	1504243799	4	51.4927777778,-3.5908333333	51.4516666667,-3.5236111111	51.4630555556,-3.6141666667	51.4927777778,-3.5908333333
265	335	1504242000	1504243799	8	51.5513888889,-2.7230555556	51.5030555556,-2.3844444444	51.4477777778,-2.0	51.4430555556,-2.0	51.4366666667,-2.0	51.4288888889,-2.1008333333	51.5180555556,-2.7230555556	51.5513888889,-2.7230555556
265	335	1504242000	1504243799	8	52.0,-3.2575	51.9580555556,-3.2605555556	51.8913888889,-3.2661111111	51.8627777778,-3.2683333333	51.7438888889,-3.2766666667	51.8394444444,-3.8891666667	51.9238888889,-3.9205555556	52.0,-3.2575
265	335	1504242000	1504243799	4	51.435,-2.0	51.4144444444,-2.0	51.4283333333,-2.0908333333	51.435,-2.0
265	335	1504242000	1504243799	8	51.8044444444,-3.8772222222	51.7188888889,-3.2791666667	51.4827777778,-3.3213888889	51.425,-3.3319444444	51.4516666667,-3.5236111111	51.4927777778,-3.5908333333	51.6280555556,-3.8133333333	51.8044444444,-3.8772222222
265	335	1504242000	1504243799	5	51.5569444444,-2.7641666667	51.5513888889,-2.7230555556	51.5180555556,-2.7230555556	51.5316666667,-2.825	51.5569444444,-2.7641666667
265	335	1504242000	1504243799	12	52.0,-2.9413888889	51.9461111111,-2.9458333333	51.8897222222,-3.0611111111	51.8852777778,-3.07	51.795,-3.2397222222	51.8580555556,-3.235	51.8913888889,-3.2327777778	51.9066666667,-3.2313888889	51.9122222222,-3.2311111111	51.9572222222,-3.2275	52.0,-3.2241666667	52.0,-2.9413888889
265	335	1504242000	1504243799	4	51.2888888889,-2.0	51.2575,-2.0	51.2691666667,-2.0913888889	51.2888888889,-2.0
265	335	1504242000	1504243799	5	51.4927777778,-3.5908333333	51.4630555556,-3.6141666667	51.4847222222,-3.7616666667	51.6280555556,-3.8133333333	51.4927777778,-3.5908333333
265	335	1504242000	1504243799	8	51.9263888889,-2.9455555556	51.8791666667,-2.9458333333	51.8680555556,-2.9458333333	51.7441666667,-2.9583333333	51.7808333333,-3.2402777778	51.8797222222,-3.0388888889	51.8863888889,-3.0261111111	51.9263888889,-2.9455555556
265	335	1504242000	1504243799	8	51.6769444444,-2.6730555556	51.6736111111,-2.6455555556	51.6044444444,-2.0605555556	51.5747222222,-2.0605555556	51.6341666667,-2.5847222222	51.6452777778,-2.6841666667	51.6625,-2.6783333333	51.6769444444,-2.6730555556
265	335	1504242000	1504243799	5	52.0,-3.2575	51.9238888889,-3.9205555556	52.0894444444,-3.9802777778	52.0302777778,-3.5102777778	52.0,-3.2575
265	335	1504242000	1504243799	8	51.8108333333,-2.5519444444	51.7075,-2.1805555556	51.6583333333,-2.0	51.6083333333,-2.0	51.7022222222,-2.6636111111	51.7436111111,-2.6497222222	51.8444444444,-2.7833333333	51.8108333333,-2.5519444444
265	335	1504242000	1504243799	5	52.0,-3.2241666667	51.9572222222,-3.2275	51.9580555556,-3.2605555556	52.0,-3.2575	52.0,-3.2241666667
265	335	1504242000	1504243799	6	51.6044444444,-2.0605555556	51.6736111111,-2.6455555556	51.6769444444,-2.6730555556	51.6888888889,-2.6688888889	51.6080555556,-2.0605555556	51.6044444444,-2.0605555556
265	335	1504242000	1504243799	25	51.9580555556,-3.2605555556	51.9572222222,-3.2275	51.9122222222,-3.2311111111	51.9066666667,-3.2313888889	51.8913888889,-3.2327777778	51.8580555556,-3.235	51.795,-3.2397222222	51.7808333333,-3.2402777778	51.7677777778,-3.2408333333	51.7397222222,-3.2436111111	51.725,-3.245	51.715,-3.2466666667	51.6233333333,-3.2622222222	51.5908333333,-3.2677777778	51.4722222222,-3.2880555556	51.42,-3.2980555556	51.425,-3.3319444444	51.4827777778,-3.3213888889	51.7188888889,-3.2791666667	51.8044444444,-3.8772222222	51.8394444444,-3.8891666667	51.7438888889,-3.2766666667	51.8627777778,-3.2683333333	51.8913888889,-3.2661111111	51.9580555556,-3.2605555556
265	335	1504242000	1504243799	5	51.7291666667,-2.9602777778	51.7086111111,-2.9619444444	51.7397222222,-3.2436111111	51.7677777778,-3.2408333333	51.7291666667,-2.9602777778
265	335	1504242000	1504243799	11	51.6452777778,-2.6841666667	51.6341666667,-2.5847222222	51.5747222222,-2.0605555556	51.5694444444,-2.0	51.5011111111,-2.0	51.4477777778,-2.0	51.5030555556,-2.3844444444	51.5513888889,-2.7230555556	51.5569444444,-2.7641666667	51.5805555556,-2.7072222222	51.6452777778,-2.6841666667
265	335	1504242000	1504243799	5	51.6888888889,-2.6688888889	51.6769444444,-2.6730555556	51.7044444444,-2.9241666667	51.7236111111,-2.9222222222	51.6888888889,-2.6688888889
265	335	1504242000	1504243799	6	51.8636111111,-2.9105555556	51.8444444444,-2.7833333333	51.7436111111,-2.6497222222	51.7022222222,-2.6636111111	51.7394444444,-2.9211111111	51.8636111111,-2.9105555556
265	335	1504242000	1504243799	5	51.7394444444,-2.9211111111	51.7022222222,-2.6636111111	51.6888888889,-2.6688888889	51.7236111111,-2.9222222222	51.7394444444,-2.9211111111
265	335	1504242000	1504243799	6	51.7022222222,-2.6636111111	51.6083333333,-2.0	51.5988888889,-2.0	51.6080555556,-2.0605555556	51.6888888889,-2.6688888889	51.7022222222,-2.6636111111
265	335	1504242000	1504243799	9	51.8636111111,-2.9105555556	51.7394444444,-2.9211111111	51.7236111111,-2.9222222222	51.7044444444,-2.9241666667	51.7086111111,-2.9619444444	51.7291666667,-2.9602777778	51.7441666667,-2.9583333333	51.8680555556,-2.9458333333	51.8636111111,-2.9105555556
265	335	1504242000	1504243799	7	51.8761111111,-2.9083333333	51.8608333333,-2.7833333333	51.8444444444,-2.7833333333	51.8636111111,-2.9105555556	51.8680555556,-2.9458333333	51.8791666667,-2.9458333333	51.8761111111,-2.9083333333
265	335	1504242000	1504243799	5	51.715,-3.2466666667	51.6797222222,-2.9666666667	51.5863888889,-2.9844444444	51.6233333333,-3.2622222222	51.715,-3.2466666667
245	265	1504242000	1504243799	11	51.5908333333,-3.2677777778	51.5541666667,-2.9925	51.4544444444,-3.0111111111	51.3880555556,-3.0255555556	51.3888888889,-3.0605555556	51.4055555556,-3.0766666667	51.415,-3.1063888889	51.3975,-3.1480555556	51.42,-3.2980555556	51.4722222222,-3.2880555556	51.5908333333,-3.2677777778
245	265	1504242000	1504243799	5	51.7291666667,-2.9602777778	51.7086111111,-2.9619444444	51.7397222222,-3.2436111111	51.7677777778,-3.2408333333	51.7291666667,-2.9602777778
245	265	1504242000	1504243799	11	52.1541666667,-2.0755555556	51.9830555556,-1.89	51.8916666667,-1.7925	51.7977777778,-1.6933333333	51.6905555556,-2.0	51.6819444444,-2.0	51.7391666667,-2.2155555556	51.8305555556,-2.5394444444	51.8608333333,-2.7833333333	52.0002777778,-2.7833333333	52.1541666667,-2.0755555556
245	265	1504242000	1504243799	11	51.4283333333,-2.0908333333	51.4144444444,-2.0	51.4,-2.0	51.3866666667,-2.0	51.2888888889,-2.0	51.2691666667,-2.0913888889	51.3658333333,-2.8333333333	51.3825,-2.8333333333	51.3805555556,-2.7155555556	51.4025,-2.4269444444	51.4283333333,-2.0908333333
245	265	1504242000	1504243799	4	51.3825,-2.8333333333	51.3658333333,-2.8333333333	51.3855555556,-2.9727777778	51.3825,-2.8333333333
245	265	1504242000	1504243799	5	51.7394444444,-2.9211111111	51.7022222222,-2.6636111111	51.6888888889,-2.6688888889	51.7236111111,-2.9222222222	51.7394444444,-2.9211111111
245	265	1504242000	1504243799	6	51.6755555556,-2.9302777778	51.6452777778,-2.6841666667	51.5805555556,-2.7072222222	51.5569444444,-2.7641666667	51.5816666667,-2.9491666667	51.6755555556,-2.9302777778
245	265	1504242000	1504243799	6	52.0002777778,-2.7833333333	51.8608333333,-2.7833333333	51.8761111111,-2.9083333333	51.9461111111,-2.9016666667	52.0,-2.8961111111	52.0002777778,-2.7833333333
245	265	1504242000	1504243799	6	51.415,-3.1063888889	51.4055555556,-3.0766666667	51.3888888889,-3.0605555556	51.3869444444,-3.0588888889	51.3975,-3.1480555556	51.415,-3.1063888889
245	265	1504242000	1504243799	6	51.5488888889,-2.9561111111	51.5316666667,-2.825	51.3847222222,-2.8333333333	51.3875,-2.9725	51.4733333333,-2.9652777778	51.5488888889,-2.9561111111
245	265	1504242000	1504243799	7	51.5316666667,-2.825	51.5180555556,-2.7230555556	51.4288888889,-2.1008333333	51.4047222222,-2.4269444444	51.3813888889,-2.7175	51.3847222222,-2.8333333333	51.5316666667,-2.825
245	265	1504242000	1504243799	4	51.4927777778,-3.5908333333	51.4516666667,-3.5236111111	51.4630555556,-3.6141666667	51.4927777778,-3.5908333333
245	265	1504242000	1504243799	8	51.8044444444,-3.8772222222	51.7188888889,-3.2791666667	51.4827777778,-3.3213888889	51.425,-3.3319444444	51.4516666667,-3.5236111111	51.4927777778,-3.5908333333	51.6280555556,-3.8133333333	51.8044444444,-3.8772222222
245	265	1504242000	1504243799	12	52.0,-2.9413888889	51.9461111111,-2.9458333333	51.8897222222,-3.0611111111	51.8852777778,-3.07	51.795,-3.2397222222	51.8580555556,-3.235	51.8913888889,-3.2327777778	51.9066666667,-3.2313888889	51.9122222222,-3.2311111111	51.9572222222,-3.2275	52.0,-3.2241666667	52.0,-2.9413888889
245	265	1504242000	1504243799	4	51.2888888889,-2.0	51.2575,-2.0	51.2691666667,-2.0913888889	51.2888888889,-2.0
245	265	1504242000	1504243799	5	51.4927777778,-3.5908333333	51.4630555556,-3.6141666667	51.4847222222,-3.7616666667	51.6280555556,-3.8133333333	51.4927777778,-3.5908333333
245	265	1504242000	1504243799	8	51.9263888889,-2.9455555556	51.8791666667,-2.9458333333	51.8680555556,-2.9458333333	51.7441666667,-2.9583333333	51.7808333333,-3.2402777778	51.8797222222,-3.0388888889	51.8863888889,-3.0261111111	51.9263888889,-2.9455555556
245	265	1504242000	1504243799	5	52.0,-3.2575	51.9238888889,-3.9205555556	52.0894444444,-3.9802777778	52.0302777778,-3.5102777778	52.0,-3.2575
245	265	1504242000	1504243799	8	51.8108333333,-2.5519444444	51.7075,-2.1805555556	51.6583333333,-2.0	51.6083333333,-2.0	51.7022222222,-2.6636111111	51.7436111111,-2.6497222222	51.8444444444,-2.7833333333	51.8108333333,-2.5519444444
245	265	1504242000	1504243799	6	51.6044444444,-2.0605555556	51.6736111111,-2.6455555556	51.6769444444,-2.6730555556	51.6888888889,-2.6688888889	51.6080555556,-2.0605555556	51.6044444444,-2.0605555556
245	265	1504242000	1504243799	8	52.0,-3.2575	51.9580555556,-3.2605555556	51.8913888889,-3.2661111111	51.8627777778,-3.2683333333	51.7438888889,-3.2766666667	51.8394444444,-3.8891666667	51.9238888889,-3.9205555556	52.0,-3.2575
245	265	1504242000	1504243799	11	51.6452777778,-2.6841666667	51.6341666667,-2.5847222222	51.5747222222,-2.0605555556	51.5694444444,-2.0	51.5011111111,-2.0	51.4477777778,-2.0	51.5030555556,-2.3844444444	51.5513888889,-2.7230555556	51.5569444444,-2.7641666667	51.5805555556,-2.7072222222	51.6452777778,-2.6841666667
245	265	1504242000	1504243799	5	51.6888888889,-2.6688888889	51.6769444444,-2.6730555556	51.7044444444,-2.9241666667	51.7236111111,-2.9222222222	51.6888888889,-2.6688888889
245	265	1504242000	1504243799	6	51.8636111111,-2.9105555556	51.8444444444,-2.7833333333	51.7436111111,-2.6497222222	51.7022222222,-2.6636111111	51.7394444444,-2.9211111111	51.8636111111,-2.9105555556
245	265	1504242000	1504243799	11	51.3813888889,-2.7175	51.3805555556,-2.7155555556	51.3825,-2.8333333333	51.3855555556,-2.9727777778	51.3861111111,-3.0263888889	51.3869444444,-3.0588888889	51.3888888889,-3.0605555556	51.3880555556,-3.0255555556	51.3875,-2.9725	51.3847222222,-2.8333333333	51.3813888889,-2.7175
245	265	1504242000	1504243799	6	51.7022222222,-2.6636111111	51.6083333333,-2.0	51.5988888889,-2.0	51.6080555556,-2.0605555556	51.6888888889,-2.6688888889	51.7022222222,-2.6636111111
245	265	1504242000	1504243799	5	51.715,-3.2466666667	51.6797222222,-2.9666666667	51.5863888889,-2.9844444444	51.6233333333,-3.2622222222	51.715,-3.2466666667
245	999	1504242000	1504243799	38	51.6358333333,-6.1388888889	51.6405555556,-6.1238888889	51.6761111111,-6.0075	51.4891666667,-4.2027777778	51.2886111111,-3.7944444444	51.1086111111,-3.8347222222	51.0961111111,-3.8369444444	49.6216666667,-4.1613888889	49.5902777778,-4.3302777778	49.5675,-4.45	49.4780555556,-4.9163888889	49.4844444444,-5.0572222222	49.5091666667,-5.6316666667	49.5158333333,-5.7833333333	49.5163888889,-5.8011111111	49.5172222222,-5.8177777778	49.5605555556,-6.9344444444	49.5833333333,-8.0	50.0,-8.0	50.0763888889,-8.0	50.25,-8.0	50.3666666667,-8.0	50.6577777778,-8.0	50.75,-8.0	51.0,-8.0	51.1822222222,-7.685	51.2388888889,-7.5705555556	50.9963888889,-7.2086111111	50.9980555556,-7.2047222222	51.0,-7.2019444444	51.2411111111,-7.5661111111	51.2736111111,-7.5069444444	51.2805555556,-7.4938888889	51.3225,-7.4177777778	51.4244444444,-7.2308333333	51.4,-6.8847222222	51.4666666667,-6.6833333333	51.6358333333,-6.1388888889
