47
125	999	1504224000	1504238399	27	56.09,8.0766666667	56.0236111111,8.3627777778	56.0244444444,8.3216666667	56.0047222222,8.2869444444	55.9775,8.2869444444	55.9577777778,8.3216666667	55.9536111111,8.5486111111	55.9802777778,8.5502777778	55.7744444444,9.4152777778	55.4652777778,9.1411111111	55.4558333333,8.9533333333	55.5441666667,8.9208333333	55.5969444444,8.8572222222	55.6244444444,8.5819444444	55.6077777778,8.4569444444	55.5563888889,8.3022222222	55.5444444444,8.0975	55.6161111111,8.1486111111	55.6205555556,8.1477777778	55.6266666667,8.1469444444	55.6816666667,8.1386111111	55.6866666667,8.1377777778	55.7277777778,8.1316666667	55.7341666667,8.1308333333	55.7463888889,8.1288888889	55.8172222222,8.1180555556	56.09,8.0766666667
125	999	1504224000	1504238399	13	55.6244444444,8.5819444444	55.5969444444,8.8572222222	55.5441666667,8.9208333333	55.4558333333,8.9533333333	55.4302777778,8.4486111111	55.4058333333,8.0019444444	55.4777777778,8.0513888889	55.4830555556,8.055	55.5408333333,8.095	55.5444444444,8.0975	55.5563888889,8.3022222222	55.6077777778,8.4569444444	55.6244444444,8.5819444444
125	999	1504224000	1504238399	8	56.0236111111,8.3627777778	55.9802777778,8.5502777778	55.9536111111,8.5486111111	55.9577777778,8.3216666667	55.9775,8.2869444444	56.0047222222,8.2869444444	56.0244444444,8.3216666667	56.0236111111,8.3627777778
285	345	1504224000	1504238399	8	56.8605555556,10.4819444444	56.585,10.7838888889	56.3802777778,11.3594444444	56.3586111111,11.2705555556	56.4688888889,10.1186111111	56.36,9.9152777778	56.5619444444,9.9152777778	56.8605555556,10.4819444444
285	345	1504224000	1504238399	11	56.09,8.0766666667	56.0855555556,8.3152777778	56.05,9.1166666667	56.0547222222,9.4986111111	55.8972222222,9.4516666667	55.8211111111,9.4294444444	55.7744444444,9.4152777778	55.9802777778,8.5502777778	56.0202777778,8.5527777778	56.0236111111,8.3627777778	56.09,8.0766666667
285	345	1504224000	1504238399	64	58.5,10.5	58.4244444444,10.5661111111	58.0494444444,10.8888888889	58.0,10.9302777778	57.9905555556,10.9388888889	57.9661111111,10.9597222222	57.7513888889,11.1405555556	57.7488888889,11.1427777778	57.6544444444,11.2213888889	57.5091666667,11.3416666667	57.4297222222,11.4069444444	57.3383333333,11.4813888889	57.3180555556,11.4980555556	57.25,11.5666666667	57.1377777778,11.6438888889	56.9855555556,11.7661111111	56.5233333333,11.9558333333	56.3802777778,11.3594444444	56.585,10.7838888889	56.8605555556,10.4819444444	57.0327777778,10.8152777778	57.3772222222,10.7569444444	57.5172222222,10.6155555556	57.6494444444,10.4819444444	57.6494444444,10.1236111111	57.2461111111,8.9591666667	57.1202777778,8.6069444444	56.9994444444,8.5652777778	56.7805555556,8.705	56.6411111111,8.7930555556	56.4536111111,8.2569444444	56.0855555556,8.3152777778	56.09,8.0766666667	56.2227777778,7.9913888889	57.0,7.5	57.0572222222,7.6072222222	57.1519444444,7.7866666667	57.2105555556,7.8980555556	57.2897222222,8.0494444444	57.5216666667,8.5	57.5555555556,8.5661111111	57.5597222222,8.5741666667	57.6061111111,8.6655555556	57.6469444444,8.7463888889	57.6683333333,8.7891666667	57.6752777778,8.8022222222	57.6758333333,8.8033333333	57.8,9.0508333333	57.8683333333,9.1886111111	57.8880555556,9.2283333333	57.9913888889,9.4386111111	58.0,9.4561111111	58.0202777778,9.4972222222	58.0333333333,9.525	58.0655555556,9.5908333333	58.0786111111,9.6166666667	58.1605555556,9.7861111111	58.1947222222,9.8577777778	58.2011111111,9.8711111111	58.2680555556,10.01	58.3247222222,10.1288888889	58.3344444444,10.1488888889	58.3658333333,10.2155555556	58.5,10.5
285	345	1504224000	1504238399	16	56.5233333333,11.9558333333	56.4541666667,11.9836111111	56.3805555556,12.0136111111	56.3452777778,12.0275	55.8725,11.0	55.6733333333,10.58	55.7325,9.9152777778	55.8827777778,9.9152777778	56.0163888889,9.6541666667	56.1911111111,9.9152777778	56.1272222222,10.2486111111	56.0327777778,11.1655555556	56.105,11.385	56.3411111111,11.4675	56.3802777778,11.3594444444	56.5233333333,11.9558333333
285	345	1504224000	1504238399	14	57.6494444444,10.4819444444	57.5172222222,10.6155555556	57.3772222222,10.7569444444	57.0327777778,10.8152777778	56.8605555556,10.4819444444	56.5619444444,9.9152777778	56.6411111111,9.7069444444	56.6411111111,8.7930555556	56.7805555556,8.705	56.9994444444,8.5652777778	57.1202777778,8.6069444444	57.2461111111,8.9591666667	57.6494444444,10.1236111111	57.6494444444,10.4819444444
285	345	1504224000	1504238399	8	56.0547222222,9.4986111111	56.0163888889,9.6541666667	55.8827777778,9.9152777778	55.7325,9.9152777778	55.7744444444,9.4152777778	55.8211111111,9.4294444444	55.8972222222,9.4516666667	56.0547222222,9.4986111111
285	345	1504224000	1504238399	10	56.3802777778,11.3594444444	56.3411111111,11.4675	56.105,11.385	56.0327777778,11.1655555556	56.1272222222,10.2486111111	56.1911111111,9.9152777778	56.36,9.9152777778	56.4688888889,10.1186111111	56.3586111111,11.2705555556	56.3802777778,11.3594444444
285	345	1504224000	1504238399	6	56.36,9.9152777778	56.1911111111,9.9152777778	56.0163888889,9.6541666667	56.0547222222,9.4986111111	56.1497222222,9.5272222222	56.36,9.9152777778
285	345	1504224000	1504238399	4	56.0236111111,8.3627777778	56.0202777778,8.5527777778	55.9802777778,8.5502777778	56.0236111111,8.3627777778
285	345	1504224000	1504238399	10	56.6411111111,9.7069444444	56.5619444444,9.9152777778	56.36,9.9152777778	56.1497222222,9.5272222222	56.0547222222,9.4986111111	56.05,9.1166666667	56.0855555556,8.3152777778	56.4536111111,8.2569444444	56.6411111111,8.7930555556	56.6411111111,9.7069444444
125	285	1504224000	1504238399	4	56.0236111111,8.3627777778	56.0202777778,8.5527777778	55.9802777778,8.5502777778	56.0236111111,8.3627777778
125	285	1504224000	1504238399	14	57.6494444444,10.4819444444	57.5172222222,10.6155555556	57.3772222222,10.7569444444	57.0327777778,10.8152777778	56.8605555556,10.4819444444	56.5619444444,9.9152777778	56.6411111111,9.7069444444	56.6411111111,8.7930555556	56.7805555556,8.705	56.9994444444,8.5652777778	57.1202777778,8.6069444444	57.2461111111,8.9591666667	57.6494444444,10.1236111111	57.6494444444,10.4819444444
125	285	1504224000	1504238399	10	56.6411111111,9.7069444444	56.5619444444,9.9152777778	56.36,9.9152777778	56.1497222222,9.5272222222	56.0547222222,9.4986111111	56.05,9.1166666667	56.0855555556,8.3152777778	56.4536111111,8.2569444444	56.6411111111,8.7930555556	56.6411111111,9.7069444444
125	285	1504224000	1504238399	11	56.09,8.0766666667	56.0855555556,8.3152777778	56.05,9.1166666667	56.0547222222,9.4986111111	55.8972222222,9.4516666667	55.8211111111,9.4294444444	55.7744444444,9.4152777778	55.9802777778,8.5502777778	56.0202777778,8.5527777778	56.0236111111,8.3627777778	56.09,8.0766666667
35	999	1504224000	1504238399	26	55.4302777778,8.4486111111	55.3327777778,8.4486111111	55.3022222222,8.4486111111	55.2661111111,8.4486111111	55.1577777778,8.4486111111	55.0894444444,8.4486111111	55.0713888889,8.4486111111	55.0641666667,8.4161111111	55.0691666667,8.3919444444	55.0666666667,8.3333333333	55.0466666667,8.2327777778	55.0222222222,8.1102777778	55.0147222222,8.0727777778	55.0,8.0	55.0,7.9538888889	55.0,7.8761111111	55.0,7.8258333333	55.0,7.7222222222	55.0,7.7158333333	55.0416666667,7.7472222222	55.1666666667,7.8333333333	55.275,7.9083333333	55.3022222222,7.9297222222	55.3322222222,7.9463888889	55.4058333333,8.0019444444	55.4302777778,8.4486111111
65	285	1504224000	1504238399	8	56.8605555556,10.4819444444	56.585,10.7838888889	56.3802777778,11.3594444444	56.3586111111,11.2705555556	56.4688888889,10.1186111111	56.36,9.9152777778	56.5619444444,9.9152777778	56.8605555556,10.4819444444
245	285	1504224000	1504238399	4	55.7611111111,11.7069444444	55.7416666667,11.9408333333	55.725,11.6897222222	55.7611111111,11.7069444444
245	285	1504224000	1504238399	5	55.9883333333,11.835	55.7611111111,11.7069444444	55.8466666667,11.3627777778	55.9813888889,11.8141666667	55.9883333333,11.835
245	285	1504224000	1504238399	5	55.8725,11.0	55.6766666667,11.0	55.6577777778,10.7488888889	55.6733333333,10.58	55.8725,11.0
245	285	1504224000	1504238399	8	56.0758333333,12.135	56.0058333333,12.225	55.9422222222,12.3058333333	55.9111111111,12.0388888889	55.7611111111,11.7069444444	55.9883333333,11.835	56.0358333333,11.9980555556	56.0758333333,12.135
245	285	1504224000	1504238399	16	56.5233333333,11.9558333333	56.4541666667,11.9836111111	56.3805555556,12.0136111111	56.3452777778,12.0275	55.8725,11.0	55.6733333333,10.58	55.7325,9.9152777778	55.8827777778,9.9152777778	56.0163888889,9.6541666667	56.1911111111,9.9152777778	56.1272222222,10.2486111111	56.0327777778,11.1655555556	56.105,11.385	56.3411111111,11.4675	56.3802777778,11.3594444444	56.5233333333,11.9558333333
245	285	1504224000	1504238399	5	55.9038888889,12.3547222222	55.8502777778,12.4233333333	55.7705555556,12.3416666667	55.7583333333,12.1813888889	55.9038888889,12.3547222222
245	285	1504224000	1504238399	12	56.3452777778,12.0275	56.26,12.0616666667	56.0758333333,12.135	56.0358333333,11.9980555556	55.9883333333,11.835	55.9813888889,11.8141666667	55.8466666667,11.3627777778	55.7697222222,11.3716666667	55.705,11.3788888889	55.6766666667,11.0	55.8725,11.0	56.3452777778,12.0275
245	285	1504224000	1504238399	6	55.8466666667,11.3627777778	55.7611111111,11.7069444444	55.725,11.6897222222	55.705,11.3788888889	55.7697222222,11.3716666667	55.8466666667,11.3627777778
245	285	1504224000	1504238399	7	55.9422222222,12.3058333333	55.9038888889,12.3547222222	55.7583333333,12.1813888889	55.7416666667,11.9408333333	55.7611111111,11.7069444444	55.9111111111,12.0388888889	55.9422222222,12.3058333333
245	285	1504224000	1504238399	8	56.0547222222,9.4986111111	56.0163888889,9.6541666667	55.8827777778,9.9152777778	55.7325,9.9152777778	55.7744444444,9.4152777778	55.8211111111,9.4294444444	55.8972222222,9.4516666667	56.0547222222,9.4986111111
245	285	1504224000	1504238399	10	56.3802777778,11.3594444444	56.3411111111,11.4675	56.105,11.385	56.0327777778,11.1655555556	56.1272222222,10.2486111111	56.1911111111,9.9152777778	56.36,9.9152777778	56.4688888889,10.1186111111	56.3586111111,11.2705555556	56.3802777778,11.3594444444
245	285	1504224000	1504238399	6	56.36,9.9152777778	56.1911111111,9.9152777778	56.0163888889,9.6541666667	56.0547222222,9.4986111111	56.1497222222,9.5272222222	56.36,9.9152777778
345	999	1504224000	1504238399	11	56.09,8.0766666667	56.0855555556,8.3152777778	56.05,9.1166666667	56.0547222222,9.4986111111	55.8972222222,9.4516666667	55.8211111111,9.4294444444	55.7744444444,9.4152777778	55.9802777778,8.5502777778	56.0202777778,8.5527777778	56.0236111111,8.3627777778	56.09,8.0766666667
345	999	1504224000	1504238399	8	56.8605555556,10.4819444444	56.585,10.7838888889	56.3802777778,11.3594444444	56.3586111111,11.2705555556	56.4688888889,10.1186111111	56.36,9.9152777778	56.5619444444,9.9152777778	56.8605555556,10.4819444444
345	999	1504224000	1504238399	64	58.5,10.5	58.4244444444,10.5661111111	58.0494444444,10.8888888889	58.0,10.9302777778	57.9905555556,10.9388888889	57.9661111111,10.9597222222	57.7513888889,11.1405555556	57.7488888889,11.1427777778	57.6544444444,11.2213888889	57.5091666667,11.3416666667	57.4297222222,11.4069444444	57.3383333333,11.4813888889	57.3180555556,11.4980555556	57.25,11.5666666667	57.1377777778,11.6438888889	56.9855555556,11.7661111111	56.5233333333,11.9558333333	56.3802777778,11.3594444444	56.585,10.7838888889	56.8605555556,10.4819444444	57.0327777778,10.8152777778	57.3772222222,10.7569444444	57.5172222222,10.6155555556	57.6494444444,10.4819444444	57.6494444444,10.1236111111	57.2461111111,8.9591666667	57.1202777778,8.6069444444	56.9994444444,8.5652777778	56.7805555556,8.705	56.6411111111,8.7930555556	56.4536111111,8.2569444444	56.0855555556,8.3152777778	56.09,8.0766666667	56.2227777778,7.9913888889	57.0,7.5	57.0572222222,7.6072222222	57.1519444444,7.7866666667	57.2105555556,7.8980555556	57.2897222222,8.0494444444	57.5216666667,8.5	57.5555555556,8.5661111111	57.5597222222,8.5741666667	57.6061111111,8.6655555556	57.6469444444,8.7463888889	57.6683333333,8.7891666667	57.6752777778,8.8022222222	57.6758333333,8.8033333333	57.8,9.0508333333	57.8683333333,9.1886111111	57.8880555556,9.2283333333	57.9913888889,9.4386111111	58.0,9.4561111111	58.0202777778,9.4972222222	58.0333333333,9.525	58.0655555556,9.5908333333	58.0786111111,9.6166666667	58.1605555556,9.7861111111	58.1947222222,9.8577777778	58.2011111111,9.8711111111	58.2680555556,10.01	58.3247222222,10.1288888889	58.3344444444,10.1488888889	58.3658333333,10.2155555556	58.5,10.5
345	999	1504224000	1504238399	16	56.5233333333,11.9558333333	56.4541666667,11.9836111111	56.3805555556,12.0136111111	56.3452777778,12.0275	55.8725,11.0	55.6733333333,10.58	55.7325,9.9152777778	55.8827777778,9.9152777778	56.0163888889,9.6541666667	56.1911111111,9.9152777778	56.1272222222,10.2486111111	56.0327777778,11.1655555556	56.105,11.385	56.3411111111,11.4675	56.3802777778,11.3594444444	56.5233333333,11.9558333333
345	999	1504224000	1504238399	14	57.6494444444,10.4819444444	57.5172222222,10.6155555556	57.3772222222,10.7569444444	57.0327777778,10.8152777778	56.8605555556,10.4819444444	56.5619444444,9.9152777778	56.6411111111,9.7069444444	56.6411111111,8.7930555556	56.7805555556,8.705	56.9994444444,8.5652777778	57.1202777778,8.6069444444	57.2461111111,8.9591666667	57.6494444444,10.1236111111	57.6494444444,10.4819444444
345	999	1504224000	1504238399	8	56.0547222222,9.4986111111	56.0163888889,9.6541666667	55.8827777778,9.9152777778	55.7325,9.9152777778	55.7744444444,9.4152777778	55.8211111111,9.4294444444	55.8972222222,9.4516666667	56.0547222222,9.4986111111
345	999	1504224000	1504238399	10	56.3802777778,11.3594444444	56.3411111111,11.4675	56.105,11.385	56.0327777778,11.1655555556	56.1272222222,10.2486111111	56.1911111111,9.9152777778	56.36,9.9152777778	56.4688888889,10.1186111111	56.3586111111,11.2705555556	56.3802777778,11.3594444444
345	999	1504224000	1504238399	6	56.36,9.9152777778	56.1911111111,9.9152777778	56.0163888889,9.6541666667	56.0547222222,9.4986111111	56.1497222222,9.5272222222	56.36,9.9152777778
345	999	1504224000	1504238399	4	56.0236111111,8.3627777778	56.0202777778,8.5527777778	55.9802777778,8.5502777778	56.0236111111,8.3627777778
345	999	1504224000	1504238399	10	56.6411111111,9.7069444444	56.5619444444,9.9152777778	56.36,9.9152777778	56.1497222222,9.5272222222	56.0547222222,9.4986111111	56.05,9.1166666667	56.0855555556,8.3152777778	56.4536111111,8.2569444444	56.6411111111,8.7930555556	56.6411111111,9.7069444444
65	999	1504224000	1504238399	15	55.4652777778,9.1411111111	54.9166666667,8.6666666667	54.9916666667,8.5611111111	55.0247222222,8.5144444444	55.0416666667,8.4908333333	55.065,8.4577777778	55.0713888889,8.4486111111	55.0894444444,8.4486111111	55.1577777778,8.4486111111	55.2661111111,8.4486111111	55.3022222222,8.4486111111	55.3327777778,8.4486111111	55.4302777778,8.4486111111	55.4558333333,8.9533333333	55.4652777778,9.1411111111
195	999	1504224000	1504238399	8	55.0,4.04	55.0,4.7138888889	55.0,5.0	54.5,4.5358333333	54.5983333333,4.3988888889	54.645,4.3336111111	54.8638888889,4.1533333333	55.0,4.04
195	999	1504224000	1504238399	42	56.5097222222,3.5	56.6002777778,3.6058333333	56.7052777778,3.7327777778	56.8947222222,3.9605555556	57.3333333333,4.4994444444	57.0,5.0	56.5833333333,5.0	56.5375,5.0	56.4172222222,5.0	56.2508333333,5.0	56.25,5.0	56.0533333333,5.0	55.955,5.0	55.9388888889,5.0	55.7963888889,5.0	55.6069444444,5.0	55.5833333333,5.0	55.4886111111,5.0	55.3855555556,5.0	55.3430555556,5.0	55.3055555556,5.0	55.2447222222,5.0	55.1794444444,5.0	55.1288888889,5.0	55.0827777778,5.0	55.07,5.0	55.0,5.0	55.0,4.7138888889	55.0,4.04	55.0477777778,4.0002777778	55.1380555556,3.9452777778	55.4297222222,3.7661111111	55.5094444444,3.7163888889	55.6505555556,3.6291666667	55.8544444444,3.5	55.8891666667,3.5	55.9155555556,3.5	56.0144444444,3.5	56.05,3.5	56.1597222222,3.5	56.1747222222,3.5	56.5097222222,3.5
85	999	1504224000	1504238399	59	57.0,7.5	56.2227777778,7.9913888889	56.09,8.0766666667	55.6838888889,7.1011111111	55.0,6.5	55.0,6.4208333333	55.0,6.35	55.0,6.1477777778	55.0,6.0405555556	55.0,5.9852777778	55.0,5.9333333333	55.0,5.9025	55.0,5.8672222222	55.0,5.8588888889	55.0,5.8505555556	55.0,5.5666666667	55.0,5.2813888889	55.0,5.2047222222	55.0,5.0	55.07,5.0	55.0827777778,5.0	55.1288888889,5.0	55.1794444444,5.0	55.2447222222,5.0	55.3055555556,5.0	55.3430555556,5.0	55.3855555556,5.0	55.4886111111,5.0	55.5833333333,5.0	55.6069444444,5.0	55.7963888889,5.0	55.9388888889,5.0	55.955,5.0	56.0533333333,5.0	56.25,5.0	56.2508333333,5.0	56.4172222222,5.0	56.5375,5.0	56.5833333333,5.0	57.0,5.0	57.0,5.175	57.0,5.5075	57.0,5.5791666667	57.0,5.6	57.0,5.6908333333	57.0,5.77	57.0,5.9666666667	57.0,6.0	57.0,6.4558333333	57.0,6.5761111111	57.0,6.6977777778	57.0,6.7261111111	57.0,6.8036111111	57.0,6.8316666667	57.0,6.9352777778	57.0,7.2272222222	57.0,7.34	57.0,7.4561111111	57.0,7.5
85	999	1504224000	1504238399	36	56.09,8.0766666667	55.8172222222,8.1180555556	55.7463888889,8.1288888889	55.7341666667,8.1308333333	55.7277777778,8.1316666667	55.6866666667,8.1377777778	55.6816666667,8.1386111111	55.6266666667,8.1469444444	55.6205555556,8.1477777778	55.6161111111,8.1486111111	55.5444444444,8.0975	55.5408333333,8.095	55.4830555556,8.055	55.4777777778,8.0513888889	55.4058333333,8.0019444444	55.3322222222,7.9463888889	55.3022222222,7.9297222222	55.275,7.9083333333	55.1666666667,7.8333333333	55.0416666667,7.7472222222	55.0,7.7158333333	55.0,7.7047222222	55.0,7.6972222222	55.0,7.6405555556	55.0,7.6288888889	55.0,7.6205555556	55.0,7.415	55.0,7.3702777778	55.0,7.25	55.0,7.155	55.0,6.8191666667	55.0,6.6566666667	55.0,6.6152777778	55.0,6.5	55.6838888889,7.1011111111	56.09,8.0766666667
0	285	1504224000	1504238399	64	58.5,10.5	58.4244444444,10.5661111111	58.0494444444,10.8888888889	58.0,10.9302777778	57.9905555556,10.9388888889	57.9661111111,10.9597222222	57.7513888889,11.1405555556	57.7488888889,11.1427777778	57.6544444444,11.2213888889	57.5091666667,11.3416666667	57.4297222222,11.4069444444	57.3383333333,11.4813888889	57.3180555556,11.4980555556	57.25,11.5666666667	57.1377777778,11.6438888889	56.9855555556,11.7661111111	56.5233333333,11.9558333333	56.3802777778,11.3594444444	56.585,10.7838888889	56.8605555556,10.4819444444	57.0327777778,10.8152777778	57.3772222222,10.7569444444	57.5172222222,10.6155555556	57.6494444444,10.4819444444	57.6494444444,10.1236111111	57.2461111111,8.9591666667	57.1202777778,8.6069444444	56.9994444444,8.5652777778	56.7805555556,8.705	56.6411111111,8.7930555556	56.4536111111,8.2569444444	56.0855555556,8.3152777778	56.09,8.0766666667	56.2227777778,7.9913888889	57.0,7.5	57.0572222222,7.6072222222	57.1519444444,7.7866666667	57.2105555556,7.8980555556	57.2897222222,8.0494444444	57.5216666667,8.5	57.5555555556,8.5661111111	57.5597222222,8.5741666667	57.6061111111,8.6655555556	57.6469444444,8.7463888889	57.6683333333,8.7891666667	57.6752777778,8.8022222222	57.6758333333,8.8033333333	57.8,9.0508333333	57.8683333333,9.1886111111	57.8880555556,9.2283333333	57.9913888889,9.4386111111	58.0,9.4561111111	58.0202777778,9.4972222222	58.0333333333,9.525	58.0655555556,9.5908333333	58.0786111111,9.6166666667	58.1605555556,9.7861111111	58.1947222222,9.8577777778	58.2011111111,9.8711111111	58.2680555556,10.01	58.3247222222,10.1288888889	58.3344444444,10.1488888889	58.3658333333,10.2155555556	58.5,10.5
