38
285	345	1504252800	1504295999	8	54.7827777778,11.4991666667	54.7088888889,11.6261111111	54.6161111111,11.51	54.6161111111,11.3808333333	54.665,11.2969444444	54.7338888889,11.2969444444	54.7827777778,11.3808333333	54.7827777778,11.4991666667
285	345	1504252800	1504295999	12	54.45,12.0	54.2955555556,11.6383333333	54.4405555556,11.2905555556	54.5336111111,11.4044444444	54.5,11.5	54.4683333333,11.6483333333	54.4638888889,11.6666666667	54.4613888889,11.69	54.4494444444,11.8002777778	54.4458333333,11.8333333333	54.4461111111,11.8413888889	54.45,12.0
285	345	1504252800	1504295999	26	55.2105555556,12.2536111111	55.2230555556,12.4816666667	55.2319444444,12.6494444444	55.2338888889,12.6922222222	55.1516666667,12.7336111111	55.0958333333,12.7613888889	55.0419444444,12.7880555556	55.0163888889,12.8008333333	54.9166666667,12.85	54.8788888889,12.7802777778	54.78,12.5977777778	54.7344444444,12.5147222222	54.6086111111,12.2855555556	54.4863888889,12.065	54.45,12.0	54.4461111111,11.8413888889	54.4458333333,11.8333333333	54.4494444444,11.8002777778	54.4613888889,11.69	54.4638888889,11.6666666667	54.4683333333,11.6483333333	54.5,11.5	54.5336111111,11.4044444444	54.6161111111,11.51	54.7088888889,11.6261111111	55.2105555556,12.2536111111
285	345	1504252800	1504295999	12	55.4827777778,12.7033333333	55.46,12.6622222222	55.4333333333,12.6111111111	55.3736111111,12.6286111111	55.3366666667,12.6408333333	55.2530555556,12.6827777778	55.2338888889,12.6922222222	55.2319444444,12.6494444444	55.2230555556,12.4816666667	55.2105555556,12.2536111111	55.4827777778,12.5425	55.4827777778,12.7033333333
285	345	1504252800	1504295999	9	55.545,12.8027777778	55.5169444444,12.8422222222	55.4355555556,12.8433333333	55.3736111111,12.6286111111	55.4333333333,12.6111111111	55.46,12.6622222222	55.4827777778,12.7033333333	55.4827777778,12.7322222222	55.545,12.8027777778
285	345	1504252800	1504295999	8	55.8502777778,12.4233333333	55.7772222222,12.5163888889	55.7452777778,12.5572222222	55.7327777778,12.5544444444	55.7077777778,12.3627777778	55.7138888889,12.2875	55.7705555556,12.3416666667	55.8502777778,12.4233333333
285	345	1504252800	1504295999	5	55.5666666667,12.1397222222	55.4569444444,12.1361111111	55.3722222222,11.9416666667	55.4838888889,12.05	55.5666666667,12.1397222222
285	345	1504252800	1504295999	4	54.45,12.0	54.25,11.8927777778	54.2955555556,11.6383333333	54.45,12.0
285	345	1504252800	1504295999	26	55.0708333333,11.4283333333	55.0847222222,11.8191666667	55.1952777778,11.9794444444	55.2033333333,12.1230555556	55.2105555556,12.2536111111	54.7088888889,11.6261111111	54.7827777778,11.4991666667	54.7827777778,11.3808333333	54.7338888889,11.2969444444	54.665,11.2969444444	54.6161111111,11.3808333333	54.6161111111,11.51	54.5336111111,11.4044444444	54.5541666667,11.3333333333	54.56,11.3136111111	54.5727777778,11.27	54.5922222222,11.2027777778	54.6027777778,11.1666666667	54.6227777778,11.0861111111	54.6444444444,11.0	54.6527777778,10.8333333333	54.6552777778,10.6847222222	54.6555555556,10.6666666667	54.6569444444,10.5833333333	54.6583333333,10.5	55.0708333333,11.4283333333
285	345	1504252800	1504295999	7	55.4355555556,12.8433333333	55.2416666667,12.8458333333	55.2338888889,12.6922222222	55.2530555556,12.6827777778	55.3366666667,12.6408333333	55.3736111111,12.6286111111	55.4355555556,12.8433333333
285	345	1504252800	1504295999	14	55.7327777778,12.5544444444	55.7452777778,12.5572222222	55.7133333333,12.5911111111	55.6994444444,12.4322222222	55.5994444444,12.3655555556	55.4827777778,12.4322222222	55.4827777778,12.5425	55.2105555556,12.2536111111	55.2033333333,12.1230555556	55.1952777778,11.9794444444	55.3722222222,11.9416666667	55.4569444444,12.1361111111	55.7077777778,12.3627777778	55.7327777778,12.5544444444
285	345	1504252800	1504295999	6	55.2297222222,11.7958333333	55.2091666667,11.9025	55.1952777778,11.9794444444	55.0847222222,11.8191666667	55.0708333333,11.4283333333	55.2297222222,11.7958333333
285	345	1504252800	1504295999	5	55.3722222222,11.9416666667	55.1952777778,11.9794444444	55.2091666667,11.9025	55.2297222222,11.7958333333	55.3722222222,11.9416666667
285	345	1504252800	1504295999	7	55.6308333333,12.6994444444	55.5658333333,12.7769444444	55.5416666667,12.725	55.4913888889,12.715	55.4827777778,12.7033333333	55.4827777778,12.5425	55.6308333333,12.6994444444
285	345	1504252800	1504295999	9	55.2338888889,12.6922222222	55.2416666667,12.8458333333	55.1583333333,12.8472222222	54.9166666667,12.85	55.0163888889,12.8008333333	55.0419444444,12.7880555556	55.0958333333,12.7613888889	55.1516666667,12.7336111111	55.2338888889,12.6922222222
285	345	1504252800	1504295999	5	55.7077777778,12.3627777778	55.4569444444,12.1361111111	55.5666666667,12.1397222222	55.7138888889,12.2875	55.7077777778,12.3627777778
285	345	1504252800	1504295999	8	55.5658333333,12.7769444444	55.5527777778,12.7980555556	55.545,12.8027777778	55.4827777778,12.7322222222	55.4827777778,12.7033333333	55.4913888889,12.715	55.5416666667,12.725	55.5658333333,12.7769444444
285	345	1504252800	1504295999	8	55.7133333333,12.5911111111	55.6908333333,12.6241666667	55.6308333333,12.6994444444	55.4827777778,12.5425	55.4827777778,12.4322222222	55.5994444444,12.3655555556	55.6994444444,12.4322222222	55.7133333333,12.5911111111
285	345	1504252800	1504295999	21	54.6444444444,11.0	54.6227777778,11.0861111111	54.6027777778,11.1666666667	54.5922222222,11.2027777778	54.5727777778,11.27	54.56,11.3136111111	54.5541666667,11.3333333333	54.5336111111,11.4044444444	54.4405555556,11.2905555556	54.4741666667,11.2088888889	54.485,11.1825	54.5022222222,11.1405555556	54.5419444444,11.0247222222	54.5666666667,10.9833333333	54.5788888889,10.9402777778	54.5972222222,10.8833333333	54.6041666667,10.85	54.6555555556,10.6666666667	54.6552777778,10.6847222222	54.6527777778,10.8333333333	54.6444444444,11.0
345	999	1504252800	1504295999	12	54.45,12.0	54.2955555556,11.6383333333	54.4405555556,11.2905555556	54.5336111111,11.4044444444	54.5,11.5	54.4683333333,11.6483333333	54.4638888889,11.6666666667	54.4613888889,11.69	54.4494444444,11.8002777778	54.4458333333,11.8333333333	54.4461111111,11.8413888889	54.45,12.0
345	999	1504252800	1504295999	26	55.2105555556,12.2536111111	55.2230555556,12.4816666667	55.2319444444,12.6494444444	55.2338888889,12.6922222222	55.1516666667,12.7336111111	55.0958333333,12.7613888889	55.0419444444,12.7880555556	55.0163888889,12.8008333333	54.9166666667,12.85	54.8788888889,12.7802777778	54.78,12.5977777778	54.7344444444,12.5147222222	54.6086111111,12.2855555556	54.4863888889,12.065	54.45,12.0	54.4461111111,11.8413888889	54.4458333333,11.8333333333	54.4494444444,11.8002777778	54.4613888889,11.69	54.4638888889,11.6666666667	54.4683333333,11.6483333333	54.5,11.5	54.5336111111,11.4044444444	54.6161111111,11.51	54.7088888889,11.6261111111	55.2105555556,12.2536111111
345	999	1504252800	1504295999	12	55.4827777778,12.7033333333	55.46,12.6622222222	55.4333333333,12.6111111111	55.3736111111,12.6286111111	55.3366666667,12.6408333333	55.2530555556,12.6827777778	55.2338888889,12.6922222222	55.2319444444,12.6494444444	55.2230555556,12.4816666667	55.2105555556,12.2536111111	55.4827777778,12.5425	55.4827777778,12.7033333333
345	999	1504252800	1504295999	8	55.8502777778,12.4233333333	55.7772222222,12.5163888889	55.7452777778,12.5572222222	55.7327777778,12.5544444444	55.7077777778,12.3627777778	55.7138888889,12.2875	55.7705555556,12.3416666667	55.8502777778,12.4233333333
345	999	1504252800	1504295999	9	55.545,12.8027777778	55.5169444444,12.8422222222	55.4355555556,12.8433333333	55.3736111111,12.6286111111	55.4333333333,12.6111111111	55.46,12.6622222222	55.4827777778,12.7033333333	55.4827777778,12.7322222222	55.545,12.8027777778
345	999	1504252800	1504295999	5	55.5666666667,12.1397222222	55.4569444444,12.1361111111	55.3722222222,11.9416666667	55.4838888889,12.05	55.5666666667,12.1397222222
345	999	1504252800	1504295999	5	55.3722222222,11.9416666667	55.1952777778,11.9794444444	55.2091666667,11.9025	55.2297222222,11.7958333333	55.3722222222,11.9416666667
345	999	1504252800	1504295999	5	55.7077777778,12.3627777778	55.4569444444,12.1361111111	55.5666666667,12.1397222222	55.7138888889,12.2875	55.7077777778,12.3627777778
345	999	1504252800	1504295999	26	55.0708333333,11.4283333333	55.0847222222,11.8191666667	55.1952777778,11.9794444444	55.2033333333,12.1230555556	55.2105555556,12.2536111111	54.7088888889,11.6261111111	54.7827777778,11.4991666667	54.7827777778,11.3808333333	54.7338888889,11.2969444444	54.665,11.2969444444	54.6161111111,11.3808333333	54.6161111111,11.51	54.5336111111,11.4044444444	54.5541666667,11.3333333333	54.56,11.3136111111	54.5727777778,11.27	54.5922222222,11.2027777778	54.6027777778,11.1666666667	54.6227777778,11.0861111111	54.6444444444,11.0	54.6527777778,10.8333333333	54.6552777778,10.6847222222	54.6555555556,10.6666666667	54.6569444444,10.5833333333	54.6583333333,10.5	55.0708333333,11.4283333333
345	999	1504252800	1504295999	7	55.4355555556,12.8433333333	55.2416666667,12.8458333333	55.2338888889,12.6922222222	55.2530555556,12.6827777778	55.3366666667,12.6408333333	55.3736111111,12.6286111111	55.4355555556,12.8433333333
345	999	1504252800	1504295999	4	54.45,12.0	54.25,11.8927777778	54.2955555556,11.6383333333	54.45,12.0
345	999	1504252800	1504295999	9	55.2338888889,12.6922222222	55.2416666667,12.8458333333	55.1583333333,12.8472222222	54.9166666667,12.85	55.0163888889,12.8008333333	55.0419444444,12.7880555556	55.0958333333,12.7613888889	55.1516666667,12.7336111111	55.2338888889,12.6922222222
345	999	1504252800	1504295999	6	55.2297222222,11.7958333333	55.2091666667,11.9025	55.1952777778,11.9794444444	55.0847222222,11.8191666667	55.0708333333,11.4283333333	55.2297222222,11.7958333333
345	999	1504252800	1504295999	7	55.6308333333,12.6994444444	55.5658333333,12.7769444444	55.5416666667,12.725	55.4913888889,12.715	55.4827777778,12.7033333333	55.4827777778,12.5425	55.6308333333,12.6994444444
345	999	1504252800	1504295999	14	55.7327777778,12.5544444444	55.7452777778,12.5572222222	55.7133333333,12.5911111111	55.6994444444,12.4322222222	55.5994444444,12.3655555556	55.4827777778,12.4322222222	55.4827777778,12.5425	55.2105555556,12.2536111111	55.2033333333,12.1230555556	55.1952777778,11.9794444444	55.3722222222,11.9416666667	55.4569444444,12.1361111111	55.7077777778,12.3627777778	55.7327777778,12.5544444444
345	999	1504252800	1504295999	8	54.7827777778,11.4991666667	54.7088888889,11.6261111111	54.6161111111,11.51	54.6161111111,11.3808333333	54.665,11.2969444444	54.7338888889,11.2969444444	54.7827777778,11.3808333333	54.7827777778,11.4991666667
345	999	1504252800	1504295999	8	55.5658333333,12.7769444444	55.5527777778,12.7980555556	55.545,12.8027777778	55.4827777778,12.7322222222	55.4827777778,12.7033333333	55.4913888889,12.715	55.5416666667,12.725	55.5658333333,12.7769444444
345	999	1504252800	1504295999	8	55.7133333333,12.5911111111	55.6908333333,12.6241666667	55.6308333333,12.6994444444	55.4827777778,12.5425	55.4827777778,12.4322222222	55.5994444444,12.3655555556	55.6994444444,12.4322222222	55.7133333333,12.5911111111
345	999	1504252800	1504295999	21	54.6444444444,11.0	54.6227777778,11.0861111111	54.6027777778,11.1666666667	54.5922222222,11.2027777778	54.5727777778,11.27	54.56,11.3136111111	54.5541666667,11.3333333333	54.5336111111,11.4044444444	54.4405555556,11.2905555556	54.4741666667,11.2088888889	54.485,11.1825	54.5022222222,11.1405555556	54.5419444444,11.0247222222	54.5666666667,10.9833333333	54.5788888889,10.9402777778	54.5972222222,10.8833333333	54.6041666667,10.85	54.6555555556,10.6666666667	54.6552777778,10.6847222222	54.6527777778,10.8333333333	54.6444444444,11.0
