46
125	285	1504252800	1504295999	6	55.7744444444,9.4152777778	55.7325,9.9152777778	55.4994444444,9.9155555556	55.4952777778,9.8183333333	55.4652777778,9.1411111111	55.7744444444,9.4152777778
245	285	1504252800	1504295999	9	54.7463888889,10.15	54.7430555556,10.1666666667	54.7344444444,10.1997222222	54.7,10.3333333333	54.6913888889,10.3683333333	54.6583333333,10.5	54.6544444444,10.0494444444	54.7083333333,10.1083333333	54.7463888889,10.15
245	285	1504252800	1504295999	27	54.9166666667,8.6666666667	54.8997222222,8.7827777778	54.8972222222,8.8555555556	54.8886111111,9.0019444444	54.9,9.0194444444	54.8586111111,9.1941666667	54.8627777778,9.225	54.8325,9.235	54.8375,9.2833333333	54.8052777778,9.3194444444	54.85,9.5166666667	54.8233333333,9.7388888889	54.8244444444,9.7505555556	54.8247222222,9.7513888889	54.8363888889,9.8527777778	54.8405555556,9.8875	54.8411111111,9.8933333333	54.8086111111,9.9616666667	54.7905555556,10.0	54.765,10.0536111111	54.7463888889,10.15	54.7083333333,10.1083333333	54.6544444444,10.0494444444	54.6333333333,8.75	54.7,8.6666666667	54.7833333333,8.6666666667	54.9166666667,8.6666666667
195	285	1504252800	1504295999	4	55.4838888889,12.05	55.3722222222,11.9416666667	55.4277777778,11.8991666667	55.4838888889,12.05
195	285	1504252800	1504295999	5	55.7077777778,12.3627777778	55.4569444444,12.1361111111	55.5666666667,12.1397222222	55.7138888889,12.2875	55.7077777778,12.3627777778
195	285	1504252800	1504295999	5	55.7705555556,12.3416666667	55.7138888889,12.2875	55.7277777778,12.1416666667	55.7583333333,12.1813888889	55.7705555556,12.3416666667
195	285	1504252800	1504295999	9	55.545,12.8027777778	55.5169444444,12.8422222222	55.4355555556,12.8433333333	55.3736111111,12.6286111111	55.4333333333,12.6111111111	55.46,12.6622222222	55.4827777778,12.7033333333	55.4827777778,12.7322222222	55.545,12.8027777778
195	285	1504252800	1504295999	12	55.4827777778,12.7033333333	55.46,12.6622222222	55.4333333333,12.6111111111	55.3736111111,12.6286111111	55.3366666667,12.6408333333	55.2530555556,12.6827777778	55.2338888889,12.6922222222	55.2319444444,12.6494444444	55.2230555556,12.4816666667	55.2105555556,12.2536111111	55.4827777778,12.5425	55.4827777778,12.7033333333
195	285	1504252800	1504295999	5	55.5666666667,12.1397222222	55.4569444444,12.1361111111	55.3722222222,11.9416666667	55.4838888889,12.05	55.5666666667,12.1397222222
195	285	1504252800	1504295999	8	55.7133333333,12.5911111111	55.6908333333,12.6241666667	55.6308333333,12.6994444444	55.4827777778,12.5425	55.4827777778,12.4322222222	55.5994444444,12.3655555556	55.6994444444,12.4322222222	55.7133333333,12.5911111111
195	285	1504252800	1504295999	4	55.7583333333,12.1813888889	55.7277777778,12.1416666667	55.7416666667,11.9408333333	55.7583333333,12.1813888889
195	285	1504252800	1504295999	4	55.7138888889,12.2875	55.5666666667,12.1397222222	55.7277777778,12.1416666667	55.7138888889,12.2875
195	285	1504252800	1504295999	8	55.8502777778,12.4233333333	55.7772222222,12.5163888889	55.7452777778,12.5572222222	55.7327777778,12.5544444444	55.7077777778,12.3627777778	55.7138888889,12.2875	55.7705555556,12.3416666667	55.8502777778,12.4233333333
195	285	1504252800	1504295999	5	55.3722222222,11.9416666667	55.1952777778,11.9794444444	55.2091666667,11.9025	55.2297222222,11.7958333333	55.3722222222,11.9416666667
195	285	1504252800	1504295999	9	55.725,11.6897222222	55.7166666667,11.6833333333	55.4277777778,11.8991666667	55.3136111111,11.5833333333	55.4272222222,11.41	55.5527777778,11.3961111111	55.6061111111,11.39	55.705,11.3788888889	55.725,11.6897222222
195	285	1504252800	1504295999	5	55.5169444444,12.8422222222	55.4877777778,12.8783333333	55.4411111111,12.8655555556	55.4355555556,12.8433333333	55.5169444444,12.8422222222
195	285	1504252800	1504295999	14	55.7327777778,12.5544444444	55.7452777778,12.5572222222	55.7133333333,12.5911111111	55.6994444444,12.4322222222	55.5994444444,12.3655555556	55.4827777778,12.4322222222	55.4827777778,12.5425	55.2105555556,12.2536111111	55.2033333333,12.1230555556	55.1952777778,11.9794444444	55.3722222222,11.9416666667	55.4569444444,12.1361111111	55.7077777778,12.3627777778	55.7327777778,12.5544444444
195	285	1504252800	1504295999	7	55.6308333333,12.6994444444	55.5658333333,12.7769444444	55.5416666667,12.725	55.4913888889,12.715	55.4827777778,12.7033333333	55.4827777778,12.5425	55.6308333333,12.6994444444
195	285	1504252800	1504295999	8	55.5658333333,12.7769444444	55.5527777778,12.7980555556	55.545,12.8027777778	55.4827777778,12.7322222222	55.4827777778,12.7033333333	55.4913888889,12.715	55.5416666667,12.725	55.5658333333,12.7769444444
195	285	1504252800	1504295999	7	55.4355555556,12.8433333333	55.2416666667,12.8458333333	55.2338888889,12.6922222222	55.2530555556,12.6827777778	55.3366666667,12.6408333333	55.3736111111,12.6286111111	55.4355555556,12.8433333333
195	285	1504252800	1504295999	10	55.4877777778,12.8783333333	55.4825,12.8847222222	55.3847222222,13.0063888889	55.3669444444,13.0269444444	55.3586111111,13.0252777778	55.2494444444,12.9988888889	55.2416666667,12.8458333333	55.4355555556,12.8433333333	55.4411111111,12.8655555556	55.4877777778,12.8783333333
195	285	1504252800	1504295999	8	55.7416666667,11.9408333333	55.7277777778,12.1416666667	55.5666666667,12.1397222222	55.4838888889,12.05	55.4277777778,11.8991666667	55.7166666667,11.6833333333	55.725,11.6897222222	55.7416666667,11.9408333333
195	285	1504252800	1504295999	6	55.4277777778,11.8991666667	55.3722222222,11.9416666667	55.2494444444,11.6808333333	55.2522222222,11.6763888889	55.3136111111,11.5833333333	55.4277777778,11.8991666667
195	285	1504252800	1504295999	4	55.3722222222,11.9416666667	55.2297222222,11.7958333333	55.2494444444,11.6808333333	55.3722222222,11.9416666667
105	285	1504252800	1504295999	4	54.45,12.0	54.25,11.8927777778	54.2955555556,11.6383333333	54.45,12.0
35	285	1504252800	1504295999	5	55.1583333333,12.8472222222	55.0944444444,12.9994444444	54.9166666667,13.0	54.9166666667,12.85	55.1583333333,12.8472222222
35	285	1504252800	1504295999	5	55.5925,10.4422222222	55.4997222222,10.5372222222	55.4041666667,10.2486111111	55.4969444444,10.1530555556	55.5925,10.4422222222
35	285	1504252800	1504295999	4	55.2416666667,12.8458333333	55.2494444444,12.9988888889	55.1583333333,12.8472222222	55.2416666667,12.8458333333
35	285	1504252800	1504295999	5	55.0008333333,9.8919444444	54.9227777778,10.0072222222	54.8558333333,9.8716666667	54.9413888889,9.7436111111	55.0008333333,9.8919444444
35	285	1504252800	1504295999	9	55.2338888889,12.6922222222	55.2416666667,12.8458333333	55.1583333333,12.8472222222	54.9166666667,12.85	55.0163888889,12.8008333333	55.0419444444,12.7880555556	55.0958333333,12.7613888889	55.1516666667,12.7336111111	55.2338888889,12.6922222222
35	285	1504252800	1504295999	4	55.2494444444,12.9988888889	55.0944444444,12.9994444444	55.1583333333,12.8472222222	55.2494444444,12.9988888889
65	285	1504252800	1504295999	5	55.0627777778,9.8005555556	55.0008333333,9.8919444444	54.9413888889,9.7436111111	55.0247222222,9.6186111111	55.0627777778,9.8005555556
65	285	1504252800	1504295999	8	54.7827777778,11.4991666667	54.7088888889,11.6261111111	54.6161111111,11.51	54.6161111111,11.3808333333	54.665,11.2969444444	54.7338888889,11.2969444444	54.7827777778,11.3808333333	54.7827777778,11.4991666667
65	285	1504252800	1504295999	25	55.4994444444,9.9155555556	55.3161111111,10.0627777778	55.0633333333,10.0472222222	55.0008333333,9.8919444444	55.0627777778,9.8005555556	55.0247222222,9.6186111111	54.9413888889,9.7436111111	54.85,9.5166666667	54.8052777778,9.3194444444	54.8375,9.2833333333	54.8325,9.235	54.8627777778,9.225	54.8586111111,9.1941666667	54.9,9.0194444444	54.8886111111,9.0019444444	54.8972222222,8.8555555556	54.8997222222,8.7827777778	54.9166666667,8.6666666667	55.4652777778,9.1411111111	55.4261111111,9.2872222222	55.4113888889,9.3127777778	55.4113888889,9.3488888889	55.4261111111,9.3744444444	55.4952777778,9.8183333333	55.4994444444,9.9155555556
65	285	1504252800	1504295999	7	55.3136111111,11.5833333333	55.2522222222,11.6763888889	55.2494444444,11.6808333333	55.2297222222,11.7958333333	55.0708333333,11.4283333333	55.1847222222,11.2338888889	55.3136111111,11.5833333333
65	285	1504252800	1504295999	9	55.4613888889,9.3488888889	55.4466666667,9.3744444444	55.4261111111,9.3744444444	55.4113888889,9.3488888889	55.4113888889,9.3127777778	55.4261111111,9.2872222222	55.4466666667,9.2872222222	55.4613888889,9.3127777778	55.4613888889,9.3488888889
65	285	1504252800	1504295999	6	55.2297222222,11.7958333333	55.2091666667,11.9025	55.1952777778,11.9794444444	55.0847222222,11.8191666667	55.0708333333,11.4283333333	55.2297222222,11.7958333333
65	285	1504252800	1504295999	9	55.4652777778,9.1411111111	55.4952777778,9.8183333333	55.4261111111,9.3744444444	55.4466666667,9.3744444444	55.4613888889,9.3488888889	55.4613888889,9.3127777778	55.4466666667,9.2872222222	55.4261111111,9.2872222222	55.4652777778,9.1411111111
65	285	1504252800	1504295999	10	55.705,11.3788888889	55.6061111111,11.39	55.5527777778,11.3961111111	55.4272222222,11.41	55.3136111111,11.5833333333	55.1847222222,11.2338888889	55.2633333333,11.0991666667	55.3208333333,11.0	55.6766666667,11.0	55.705,11.3788888889
0	285	1504252800	1504295999	30	55.6766666667,11.0	55.3208333333,11.0	55.2633333333,11.0991666667	55.1847222222,11.2338888889	54.7875,10.195	54.7463888889,10.15	54.765,10.0536111111	54.7905555556,10.0	54.8086111111,9.9616666667	54.8411111111,9.8933333333	54.8405555556,9.8875	54.8363888889,9.8527777778	54.8247222222,9.7513888889	54.8244444444,9.7505555556	54.8233333333,9.7388888889	54.85,9.5166666667	54.9413888889,9.7436111111	54.8558333333,9.8716666667	54.9227777778,10.0072222222	55.0008333333,9.8919444444	55.0633333333,10.0472222222	55.3161111111,10.0627777778	55.4994444444,9.9155555556	55.4969444444,10.1530555556	55.4041666667,10.2486111111	55.4997222222,10.5372222222	55.5925,10.4422222222	55.6733333333,10.58	55.6577777778,10.7488888889	55.6766666667,11.0
0	285	1504252800	1504295999	12	54.45,12.0	54.2955555556,11.6383333333	54.4405555556,11.2905555556	54.5336111111,11.4044444444	54.5,11.5	54.4683333333,11.6483333333	54.4638888889,11.6666666667	54.4613888889,11.69	54.4494444444,11.8002777778	54.4458333333,11.8333333333	54.4461111111,11.8413888889	54.45,12.0
0	285	1504252800	1504295999	6	55.6733333333,10.58	55.5925,10.4422222222	55.4969444444,10.1530555556	55.4994444444,9.9155555556	55.7325,9.9152777778	55.6733333333,10.58
0	285	1504252800	1504295999	26	55.0708333333,11.4283333333	55.0847222222,11.8191666667	55.1952777778,11.9794444444	55.2033333333,12.1230555556	55.2105555556,12.2536111111	54.7088888889,11.6261111111	54.7827777778,11.4991666667	54.7827777778,11.3808333333	54.7338888889,11.2969444444	54.665,11.2969444444	54.6161111111,11.3808333333	54.6161111111,11.51	54.5336111111,11.4044444444	54.5541666667,11.3333333333	54.56,11.3136111111	54.5727777778,11.27	54.5922222222,11.2027777778	54.6027777778,11.1666666667	54.6227777778,11.0861111111	54.6444444444,11.0	54.6527777778,10.8333333333	54.6552777778,10.6847222222	54.6555555556,10.6666666667	54.6569444444,10.5833333333	54.6583333333,10.5	55.0708333333,11.4283333333
0	285	1504252800	1504295999	10	55.1847222222,11.2338888889	55.0708333333,11.4283333333	54.6583333333,10.5	54.6913888889,10.3683333333	54.7,10.3333333333	54.7344444444,10.1997222222	54.7430555556,10.1666666667	54.7463888889,10.15	54.7875,10.195	55.1847222222,11.2338888889
0	285	1504252800	1504295999	21	54.6444444444,11.0	54.6227777778,11.0861111111	54.6027777778,11.1666666667	54.5922222222,11.2027777778	54.5727777778,11.27	54.56,11.3136111111	54.5541666667,11.3333333333	54.5336111111,11.4044444444	54.4405555556,11.2905555556	54.4741666667,11.2088888889	54.485,11.1825	54.5022222222,11.1405555556	54.5419444444,11.0247222222	54.5666666667,10.9833333333	54.5788888889,10.9402777778	54.5972222222,10.8833333333	54.6041666667,10.85	54.6555555556,10.6666666667	54.6552777778,10.6847222222	54.6527777778,10.8333333333	54.6444444444,11.0
0	285	1504252800	1504295999	26	55.2105555556,12.2536111111	55.2230555556,12.4816666667	55.2319444444,12.6494444444	55.2338888889,12.6922222222	55.1516666667,12.7336111111	55.0958333333,12.7613888889	55.0419444444,12.7880555556	55.0163888889,12.8008333333	54.9166666667,12.85	54.8788888889,12.7802777778	54.78,12.5977777778	54.7344444444,12.5147222222	54.6086111111,12.2855555556	54.4863888889,12.065	54.45,12.0	54.4461111111,11.8413888889	54.4458333333,11.8333333333	54.4494444444,11.8002777778	54.4613888889,11.69	54.4638888889,11.6666666667	54.4683333333,11.6483333333	54.5,11.5	54.5336111111,11.4044444444	54.6161111111,11.51	54.7088888889,11.6261111111	55.2105555556,12.2536111111
