16
125	285	1504249200	1504250399	6	55.7744444444,9.4152777778	55.7325,9.9152777778	55.4994444444,9.9155555556	55.4952777778,9.8183333333	55.4652777778,9.1411111111	55.7744444444,9.4152777778
245	285	1504249200	1504250399	27	54.9166666667,8.6666666667	54.8997222222,8.7827777778	54.8972222222,8.8555555556	54.8886111111,9.0019444444	54.9,9.0194444444	54.8586111111,9.1941666667	54.8627777778,9.225	54.8325,9.235	54.8375,9.2833333333	54.8052777778,9.3194444444	54.85,9.5166666667	54.8233333333,9.7388888889	54.8244444444,9.7505555556	54.8247222222,9.7513888889	54.8363888889,9.8527777778	54.8405555556,9.8875	54.8411111111,9.8933333333	54.8086111111,9.9616666667	54.7905555556,10.0	54.765,10.0536111111	54.7463888889,10.15	54.7083333333,10.1083333333	54.6544444444,10.0494444444	54.6333333333,8.75	54.7,8.6666666667	54.7833333333,8.6666666667	54.9166666667,8.6666666667
35	285	1504249200	1504250399	5	55.5925,10.4422222222	55.4997222222,10.5372222222	55.4041666667,10.2486111111	55.4969444444,10.1530555556	55.5925,10.4422222222
35	285	1504249200	1504250399	5	55.0008333333,9.8919444444	54.9227777778,10.0072222222	54.8558333333,9.8716666667	54.9413888889,9.7436111111	55.0008333333,9.8919444444
195	285	1504249200	1504250399	4	55.7138888889,12.2875	55.5666666667,12.1397222222	55.7277777778,12.1416666667	55.7138888889,12.2875
195	285	1504249200	1504250399	4	55.7583333333,12.1813888889	55.7277777778,12.1416666667	55.7416666667,11.9408333333	55.7583333333,12.1813888889
195	285	1504249200	1504250399	9	55.725,11.6897222222	55.7166666667,11.6833333333	55.4277777778,11.8991666667	55.3136111111,11.5833333333	55.4272222222,11.41	55.5527777778,11.3961111111	55.6061111111,11.39	55.705,11.3788888889	55.725,11.6897222222
195	285	1504249200	1504250399	5	55.7705555556,12.3416666667	55.7138888889,12.2875	55.7277777778,12.1416666667	55.7583333333,12.1813888889	55.7705555556,12.3416666667
195	285	1504249200	1504250399	8	55.7416666667,11.9408333333	55.7277777778,12.1416666667	55.5666666667,12.1397222222	55.4838888889,12.05	55.4277777778,11.8991666667	55.7166666667,11.6833333333	55.725,11.6897222222	55.7416666667,11.9408333333
65	285	1504249200	1504250399	5	55.0627777778,9.8005555556	55.0008333333,9.8919444444	54.9413888889,9.7436111111	55.0247222222,9.6186111111	55.0627777778,9.8005555556
65	285	1504249200	1504250399	10	55.705,11.3788888889	55.6061111111,11.39	55.5527777778,11.3961111111	55.4272222222,11.41	55.3136111111,11.5833333333	55.1847222222,11.2338888889	55.2633333333,11.0991666667	55.3208333333,11.0	55.6766666667,11.0	55.705,11.3788888889
65	285	1504249200	1504250399	25	55.4994444444,9.9155555556	55.3161111111,10.0627777778	55.0633333333,10.0472222222	55.0008333333,9.8919444444	55.0627777778,9.8005555556	55.0247222222,9.6186111111	54.9413888889,9.7436111111	54.85,9.5166666667	54.8052777778,9.3194444444	54.8375,9.2833333333	54.8325,9.235	54.8627777778,9.225	54.8586111111,9.1941666667	54.9,9.0194444444	54.8886111111,9.0019444444	54.8972222222,8.8555555556	54.8997222222,8.7827777778	54.9166666667,8.6666666667	55.4652777778,9.1411111111	55.4261111111,9.2872222222	55.4113888889,9.3127777778	55.4113888889,9.3488888889	55.4261111111,9.3744444444	55.4952777778,9.8183333333	55.4994444444,9.9155555556
65	285	1504249200	1504250399	9	55.4652777778,9.1411111111	55.4952777778,9.8183333333	55.4261111111,9.3744444444	55.4466666667,9.3744444444	55.4613888889,9.3488888889	55.4613888889,9.3127777778	55.4466666667,9.2872222222	55.4261111111,9.2872222222	55.4652777778,9.1411111111
65	285	1504249200	1504250399	9	55.4613888889,9.3488888889	55.4466666667,9.3744444444	55.4261111111,9.3744444444	55.4113888889,9.3488888889	55.4113888889,9.3127777778	55.4261111111,9.2872222222	55.4466666667,9.2872222222	55.4613888889,9.3127777778	55.4613888889,9.3488888889
0	285	1504249200	1504250399	30	55.6766666667,11.0	55.3208333333,11.0	55.2633333333,11.0991666667	55.1847222222,11.2338888889	54.7875,10.195	54.7463888889,10.15	54.765,10.0536111111	54.7905555556,10.0	54.8086111111,9.9616666667	54.8411111111,9.8933333333	54.8405555556,9.8875	54.8363888889,9.8527777778	54.8247222222,9.7513888889	54.8244444444,9.7505555556	54.8233333333,9.7388888889	54.85,9.5166666667	54.9413888889,9.7436111111	54.8558333333,9.8716666667	54.9227777778,10.0072222222	55.0008333333,9.8919444444	55.0633333333,10.0472222222	55.3161111111,10.0627777778	55.4994444444,9.9155555556	55.4969444444,10.1530555556	55.4041666667,10.2486111111	55.4997222222,10.5372222222	55.5925,10.4422222222	55.6733333333,10.58	55.6577777778,10.7488888889	55.6766666667,11.0
0	285	1504249200	1504250399	6	55.6733333333,10.58	55.5925,10.4422222222	55.4969444444,10.1530555556	55.4994444444,9.9155555556	55.7325,9.9152777778	55.6733333333,10.58
