9
125	999	1504252800	1504295999	8	56.0236111111,8.3627777778	55.9802777778,8.5502777778	55.9536111111,8.5486111111	55.9577777778,8.3216666667	55.9775,8.2869444444	56.0047222222,8.2869444444	56.0244444444,8.3216666667	56.0236111111,8.3627777778
125	999	1504252800	1504295999	13	55.6244444444,8.5819444444	55.5969444444,8.8572222222	55.5441666667,8.9208333333	55.4558333333,8.9533333333	55.4302777778,8.4486111111	55.4058333333,8.0019444444	55.4777777778,8.0513888889	55.4830555556,8.055	55.5408333333,8.095	55.5444444444,8.0975	55.5563888889,8.3022222222	55.6077777778,8.4569444444	55.6244444444,8.5819444444
125	999	1504252800	1504295999	27	56.09,8.0766666667	56.0236111111,8.3627777778	56.0244444444,8.3216666667	56.0047222222,8.2869444444	55.9775,8.2869444444	55.9577777778,8.3216666667	55.9536111111,8.5486111111	55.9802777778,8.5502777778	55.7744444444,9.4152777778	55.4652777778,9.1411111111	55.4558333333,8.9533333333	55.5441666667,8.9208333333	55.5969444444,8.8572222222	55.6244444444,8.5819444444	55.6077777778,8.4569444444	55.5563888889,8.3022222222	55.5444444444,8.0975	55.6161111111,8.1486111111	55.6205555556,8.1477777778	55.6266666667,8.1469444444	55.6816666667,8.1386111111	55.6866666667,8.1377777778	55.7277777778,8.1316666667	55.7341666667,8.1308333333	55.7463888889,8.1288888889	55.8172222222,8.1180555556	56.09,8.0766666667
35	999	1504252800	1504295999	26	55.4302777778,8.4486111111	55.3327777778,8.4486111111	55.3022222222,8.4486111111	55.2661111111,8.4486111111	55.1577777778,8.4486111111	55.0894444444,8.4486111111	55.0713888889,8.4486111111	55.0641666667,8.4161111111	55.0691666667,8.3919444444	55.0666666667,8.3333333333	55.0466666667,8.2327777778	55.0222222222,8.1102777778	55.0147222222,8.0727777778	55.0,8.0	55.0,7.9538888889	55.0,7.8761111111	55.0,7.8258333333	55.0,7.7222222222	55.0,7.7158333333	55.0416666667,7.7472222222	55.1666666667,7.8333333333	55.275,7.9083333333	55.3022222222,7.9297222222	55.3322222222,7.9463888889	55.4058333333,8.0019444444	55.4302777778,8.4486111111
85	999	1504252800	1504295999	59	57.0,7.5	56.2227777778,7.9913888889	56.09,8.0766666667	55.6838888889,7.1011111111	55.0,6.5	55.0,6.4208333333	55.0,6.35	55.0,6.1477777778	55.0,6.0405555556	55.0,5.9852777778	55.0,5.9333333333	55.0,5.9025	55.0,5.8672222222	55.0,5.8588888889	55.0,5.8505555556	55.0,5.5666666667	55.0,5.2813888889	55.0,5.2047222222	55.0,5.0	55.07,5.0	55.0827777778,5.0	55.1288888889,5.0	55.1794444444,5.0	55.2447222222,5.0	55.3055555556,5.0	55.3430555556,5.0	55.3855555556,5.0	55.4886111111,5.0	55.5833333333,5.0	55.6069444444,5.0	55.7963888889,5.0	55.9388888889,5.0	55.955,5.0	56.0533333333,5.0	56.25,5.0	56.2508333333,5.0	56.4172222222,5.0	56.5375,5.0	56.5833333333,5.0	57.0,5.0	57.0,5.175	57.0,5.5075	57.0,5.5791666667	57.0,5.6	57.0,5.6908333333	57.0,5.77	57.0,5.9666666667	57.0,6.0	57.0,6.4558333333	57.0,6.5761111111	57.0,6.6977777778	57.0,6.7261111111	57.0,6.8036111111	57.0,6.8316666667	57.0,6.9352777778	57.0,7.2272222222	57.0,7.34	57.0,7.4561111111	57.0,7.5
85	999	1504252800	1504295999	36	56.09,8.0766666667	55.8172222222,8.1180555556	55.7463888889,8.1288888889	55.7341666667,8.1308333333	55.7277777778,8.1316666667	55.6866666667,8.1377777778	55.6816666667,8.1386111111	55.6266666667,8.1469444444	55.6205555556,8.1477777778	55.6161111111,8.1486111111	55.5444444444,8.0975	55.5408333333,8.095	55.4830555556,8.055	55.4777777778,8.0513888889	55.4058333333,8.0019444444	55.3322222222,7.9463888889	55.3022222222,7.9297222222	55.275,7.9083333333	55.1666666667,7.8333333333	55.0416666667,7.7472222222	55.0,7.7158333333	55.0,7.7047222222	55.0,7.6972222222	55.0,7.6405555556	55.0,7.6288888889	55.0,7.6205555556	55.0,7.415	55.0,7.3702777778	55.0,7.25	55.0,7.155	55.0,6.8191666667	55.0,6.6566666667	55.0,6.6152777778	55.0,6.5	55.6838888889,7.1011111111	56.09,8.0766666667
195	999	1504252800	1504295999	8	55.0,4.04	55.0,4.7138888889	55.0,5.0	54.5,4.5358333333	54.5983333333,4.3988888889	54.645,4.3336111111	54.8638888889,4.1533333333	55.0,4.04
195	999	1504252800	1504295999	42	56.5097222222,3.5	56.6002777778,3.6058333333	56.7052777778,3.7327777778	56.8947222222,3.9605555556	57.3333333333,4.4994444444	57.0,5.0	56.5833333333,5.0	56.5375,5.0	56.4172222222,5.0	56.2508333333,5.0	56.25,5.0	56.0533333333,5.0	55.955,5.0	55.9388888889,5.0	55.7963888889,5.0	55.6069444444,5.0	55.5833333333,5.0	55.4886111111,5.0	55.3855555556,5.0	55.3430555556,5.0	55.3055555556,5.0	55.2447222222,5.0	55.1794444444,5.0	55.1288888889,5.0	55.0827777778,5.0	55.07,5.0	55.0,5.0	55.0,4.7138888889	55.0,4.04	55.0477777778,4.0002777778	55.1380555556,3.9452777778	55.4297222222,3.7661111111	55.5094444444,3.7163888889	55.6505555556,3.6291666667	55.8544444444,3.5	55.8891666667,3.5	55.9155555556,3.5	56.0144444444,3.5	56.05,3.5	56.1597222222,3.5	56.1747222222,3.5	56.5097222222,3.5
65	999	1504252800	1504295999	15	55.4652777778,9.1411111111	54.9166666667,8.6666666667	54.9916666667,8.5611111111	55.0247222222,8.5144444444	55.0416666667,8.4908333333	55.065,8.4577777778	55.0713888889,8.4486111111	55.0894444444,8.4486111111	55.1577777778,8.4486111111	55.2661111111,8.4486111111	55.3022222222,8.4486111111	55.3327777778,8.4486111111	55.4302777778,8.4486111111	55.4558333333,8.9533333333	55.4652777778,9.1411111111
