10
0	999	1504249200	1504252799	28	63.5680555556,7.9966666667	63.3738888889,7.4077777778	63.1669444444,6.7933333333	63.1025,6.6052777778	62.8475,5.87	62.7991666667,5.7336111111	62.575,5.2536111111	63.0713888889,4.075	63.1077777778,4.1055555556	63.2077777778,4.2047222222	63.2366666667,4.2330555556	63.3597222222,4.3561111111	63.5552777778,4.5530555556	63.5666666667,4.5627777778	63.7169444444,4.7188888889	63.7958333333,4.8011111111	64.0,5.0	64.0733333333,5.0933333333	64.2655555556,5.2980555556	64.3863888889,5.4269444444	64.4286111111,5.4780555556	64.5136111111,5.5661111111	64.3466666667,6.7061111111	64.0,6.8947222222	63.5666666667,7.1277777778	63.4994444444,7.1636111111	63.5666666667,7.3333333333	63.5680555556,7.9966666667
0	999	1504249200	1504252799	25	62.9988888889,10.5738888889	62.9016666667,10.5158333333	62.0,10.2563888889	62.0,9.9325	62.0,9.1333333333	62.0,8.9336111111	62.0,8.9044444444	62.0,8.825	61.8983333333,8.4280555556	61.5375,7.7791666667	62.0,6.645	62.45,7.7666666667	62.5233333333,7.9511111111	62.9780555556,8.8277777778	63.3491666667,8.8113888889	63.4297222222,9.4125	63.4291666667,9.8222222222	63.2458333333,9.8725	63.2191666667,9.9008333333	63.2,9.9227777778	63.1844444444,9.9377777778	63.12,10.0033333333	63.0961111111,10.0316666667	63.0,10.1308333333	62.9988888889,10.5738888889
0	999	1504249200	1504252799	5	64.0297222222,8.8505555556	63.8025,8.0955555556	64.0,8.0927777778	64.1475,8.0908333333	64.0297222222,8.8505555556
175	999	1504249200	1504252799	14	63.7775,10.3294444444	63.7166666667,10.1486111111	63.6805555556,10.0444444444	63.4816666667,9.8091666667	63.4297222222,9.4125	63.3491666667,8.8113888889	63.3911111111,8.3597222222	63.4430555556,8.2533333333	63.545,8.0438888889	63.5680555556,7.9966666667	63.77,8.0	63.8025,8.0955555556	64.0297222222,8.8505555556	63.7775,10.3294444444
175	999	1504249200	1504252799	33	63.5877777778,11.4366666667	63.4344444444,12.2038888889	63.35,12.0833333333	63.3308333333,12.0525	63.2833333333,12.0	63.0,12.25	62.9372222222,12.1252777778	62.9166666667,12.0833333333	62.6666666667,12.05	62.5,12.1708333333	62.4341666667,12.1813888889	62.3602777778,12.2336111111	62.3197222222,12.2622222222	62.2666666667,12.3111111111	62.1,12.2502777778	62.0,12.2166666667	62.0,11.9855555556	62.0,11.6675	62.0,11.6013888889	62.0,11.4077777778	62.0,11.4	62.0,11.2333333333	62.0,11.2177777778	62.0,11.1980555556	62.0,10.7719444444	62.0,10.6	62.0,10.5736111111	62.0,10.2563888889	62.9016666667,10.5158333333	62.9988888889,10.5738888889	63.1316666667,10.7138888889	63.4644444444,11.35	63.5877777778,11.4366666667
175	999	1504249200	1504252799	13	62.5233333333,7.9511111111	62.45,7.7666666667	62.6780555556,6.8494444444	63.1025,6.6052777778	63.1669444444,6.7933333333	63.3738888889,7.4077777778	63.5680555556,7.9966666667	63.545,8.0438888889	63.4430555556,8.2533333333	63.3911111111,8.3597222222	63.3491666667,8.8113888889	62.9780555556,8.8277777778	62.5233333333,7.9511111111
175	999	1504249200	1504252799	7	63.7166666667,10.1486111111	63.5297222222,10.1030555556	63.4291666667,9.8222222222	63.4297222222,9.4125	63.4816666667,9.8091666667	63.6805555556,10.0444444444	63.7166666667,10.1486111111
175	999	1504249200	1504252799	16	63.5877777778,11.4366666667	63.4644444444,11.35	63.1316666667,10.7138888889	62.9988888889,10.5738888889	63.0,10.1308333333	63.0961111111,10.0316666667	63.12,10.0033333333	63.1844444444,9.9377777778	63.2,9.9227777778	63.2191666667,9.9008333333	63.2458333333,9.8725	63.4291666667,9.8222222222	63.5297222222,10.1030555556	63.7166666667,10.1486111111	63.7775,10.3294444444	63.5877777778,11.4366666667
175	999	1504249200	1504252799	9	62.575,5.2536111111	62.7991666667,5.7336111111	62.8475,5.87	63.1025,6.6052777778	62.6780555556,6.8494444444	62.45,7.7666666667	62.0,6.645	62.4863888889,5.3894444444	62.575,5.2536111111
85	999	1504249200	1504252799	11	63.8025,8.0955555556	63.77,8.0	63.5680555556,7.9966666667	63.5666666667,7.3333333333	63.4994444444,7.1636111111	63.5666666667,7.1277777778	64.0,6.8947222222	64.3466666667,6.7061111111	64.1475,8.0908333333	64.0,8.0927777778	63.8025,8.0955555556
