18
95	999	1504224000	1504238399	15	67.0,16.3005555556	67.0,16.3933333333	66.0858333333,15.5038888889	66.1536111111,15.0355555556	66.1666666667,15.0833333333	66.2575,15.395	66.2666666667,15.5	66.3311111111,15.4608333333	66.5,15.4166666667	66.6361111111,15.6761111111	66.7672222222,15.8513888889	66.785,15.8758333333	66.8338888889,15.9811111111	66.9141666667,16.1519444444	67.0,16.3005555556
145	999	1504224000	1504238399	30	66.95,13.0	66.9180555556,13.5333333333	66.9019444444,13.7966666667	66.8980555556,13.8616666667	66.8833333333,14.0833333333	66.8811111111,14.1236111111	66.8530555556,14.5461111111	66.8333333333,14.8333333333	66.5,14.7791666667	66.3166666667,14.75	65.9833333333,14.0833333333	65.75,13.875	65.25,13.4166666667	65.25,12.45	65.0,12.3333333333	65.0,11.5833333333	65.3227777778,11.5833333333	65.3433333333,11.5833333333	65.35,11.5833333333	65.4491666667,11.5833333333	65.4558333333,11.5833333333	65.5530555556,11.5833333333	65.6330555556,11.5833333333	65.6833333333,11.5833333333	65.6927777778,11.5936111111	65.75,11.6552777778	65.9763888889,11.9036111111	66.2683333333,12.2280555556	66.38,12.3541666667	66.95,13.0
0	999	1504224000	1504238399	28	63.5680555556,7.9966666667	63.3738888889,7.4077777778	63.1669444444,6.7933333333	63.1025,6.6052777778	62.8475,5.87	62.7991666667,5.7336111111	62.575,5.2536111111	63.0713888889,4.075	63.1077777778,4.1055555556	63.2077777778,4.2047222222	63.2366666667,4.2330555556	63.3597222222,4.3561111111	63.5552777778,4.5530555556	63.5666666667,4.5627777778	63.7169444444,4.7188888889	63.7958333333,4.8011111111	64.0,5.0	64.0733333333,5.0933333333	64.2655555556,5.2980555556	64.3863888889,5.4269444444	64.4286111111,5.4780555556	64.5136111111,5.5661111111	64.3466666667,6.7061111111	64.0,6.8947222222	63.5666666667,7.1277777778	63.4994444444,7.1636111111	63.5666666667,7.3333333333	63.5680555556,7.9966666667
0	999	1504224000	1504238399	25	62.9988888889,10.5738888889	62.9016666667,10.5158333333	62.0,10.2563888889	62.0,9.9325	62.0,9.1333333333	62.0,8.9336111111	62.0,8.9044444444	62.0,8.825	61.8983333333,8.4280555556	61.5375,7.7791666667	62.0,6.645	62.45,7.7666666667	62.5233333333,7.9511111111	62.9780555556,8.8277777778	63.3491666667,8.8113888889	63.4297222222,9.4125	63.4291666667,9.8222222222	63.2458333333,9.8725	63.2191666667,9.9008333333	63.2,9.9227777778	63.1844444444,9.9377777778	63.12,10.0033333333	63.0961111111,10.0316666667	63.0,10.1308333333	62.9988888889,10.5738888889
0	999	1504224000	1504238399	6	65.1333333333,6.2666666667	64.3466666667,6.7061111111	64.5136111111,5.5661111111	64.7225,5.7994444444	65.1286111111,6.2625	65.1333333333,6.2666666667
0	999	1504224000	1504238399	5	64.0297222222,8.8505555556	63.8025,8.0955555556	64.0,8.0927777778	64.1475,8.0908333333	64.0297222222,8.8505555556
0	999	1504224000	1504238399	81	66.9141666667,16.1519444444	66.8338888889,15.9811111111	66.785,15.8758333333	66.7672222222,15.8513888889	66.6361111111,15.6761111111	66.5,15.4166666667	66.3311111111,15.4608333333	66.2666666667,15.5	66.2575,15.395	66.1666666667,15.0833333333	66.1536111111,15.0355555556	66.1358333333,14.6005555556	66.1333333333,14.5333333333	65.8,14.6	65.75,14.5833333333	65.5841666667,14.5141666667	65.5577777778,14.5083333333	65.5158333333,14.4988888889	65.4747222222,14.4652777778	65.25,14.2833333333	65.0638888889,14.1333333333	64.9633333333,14.0530555556	64.8613888889,13.9716666667	64.8425,13.9566666667	64.6747222222,13.7480555556	64.6502777778,13.7180555556	64.6433333333,13.7088888889	64.6,13.6666666667	64.5555555556,13.7341666667	64.0797222222,13.3761111111	64.0733333333,13.1919444444	64.0666666667,13.0	64.0558333333,12.9808333333	63.9613888889,12.8111111111	63.6,12.1666666667	63.9430555556,11.9958333333	64.1,10.8555555556	64.3422222222,9.8361111111	64.0297222222,8.8505555556	64.1475,8.0908333333	64.4483333333,8.0866666667	65.2672222222,8.0744444444	65.6183333333,6.8405555556	65.6572222222,6.8872222222	65.75,7.0	66.0397222222,7.4411111111	66.2111111111,7.7075	66.38,7.9722222222	66.4630555556,8.1075	66.7688888889,8.6066666667	67.0388888889,9.0594444444	67.1091666667,9.1797222222	67.25,9.4211111111	67.25,11.5	67.25,11.6333333333	67.25,13.0	67.0986111111,13.0	66.95,13.0	66.38,12.3541666667	66.2683333333,12.2280555556	65.9763888889,11.9036111111	65.75,11.6552777778	65.6927777778,11.5936111111	65.6833333333,11.5833333333	65.6330555556,11.5833333333	65.5530555556,11.5833333333	65.4558333333,11.5833333333	65.4491666667,11.5833333333	65.35,11.5833333333	65.3433333333,11.5833333333	65.3227777778,11.5833333333	65.0,11.5833333333	65.0,12.3333333333	65.25,12.45	65.25,13.4166666667	65.75,13.875	65.9833333333,14.0833333333	66.3166666667,14.75	66.5,14.7791666667	66.8333333333,14.8333333333	66.9141666667,16.1519444444
195	999	1504224000	1504238399	15	67.2619444444,16.33	67.0666666667,16.4166666667	67.0,16.3005555556	66.9141666667,16.1519444444	66.8333333333,14.8333333333	66.8530555556,14.5461111111	66.8811111111,14.1236111111	66.8833333333,14.0833333333	66.8980555556,13.8616666667	66.9019444444,13.7966666667	66.9180555556,13.5333333333	66.95,13.0	67.0986111111,13.0	67.25,13.0	67.2619444444,16.33
85	999	1504224000	1504238399	9	65.6183333333,6.8405555556	65.2672222222,8.0744444444	64.4483333333,8.0866666667	64.1475,8.0908333333	64.3466666667,6.7061111111	65.1333333333,6.2666666667	65.1647222222,6.3036111111	65.55,6.7716666667	65.6183333333,6.8405555556
85	999	1504224000	1504238399	11	63.8025,8.0955555556	63.77,8.0	63.5680555556,7.9966666667	63.5666666667,7.3333333333	63.4994444444,7.1636111111	63.5666666667,7.1277777778	64.0,6.8947222222	64.3466666667,6.7061111111	64.1475,8.0908333333	64.0,8.0927777778	63.8025,8.0955555556
175	999	1504224000	1504238399	14	63.7775,10.3294444444	63.7166666667,10.1486111111	63.6805555556,10.0444444444	63.4816666667,9.8091666667	63.4297222222,9.4125	63.3491666667,8.8113888889	63.3911111111,8.3597222222	63.4430555556,8.2533333333	63.545,8.0438888889	63.5680555556,7.9966666667	63.77,8.0	63.8025,8.0955555556	64.0297222222,8.8505555556	63.7775,10.3294444444
175	999	1504224000	1504238399	33	63.5877777778,11.4366666667	63.4344444444,12.2038888889	63.35,12.0833333333	63.3308333333,12.0525	63.2833333333,12.0	63.0,12.25	62.9372222222,12.1252777778	62.9166666667,12.0833333333	62.6666666667,12.05	62.5,12.1708333333	62.4341666667,12.1813888889	62.3602777778,12.2336111111	62.3197222222,12.2622222222	62.2666666667,12.3111111111	62.1,12.2502777778	62.0,12.2166666667	62.0,11.9855555556	62.0,11.6675	62.0,11.6013888889	62.0,11.4077777778	62.0,11.4	62.0,11.2333333333	62.0,11.2177777778	62.0,11.1980555556	62.0,10.7719444444	62.0,10.6	62.0,10.5736111111	62.0,10.2563888889	62.9016666667,10.5158333333	62.9988888889,10.5738888889	63.1316666667,10.7138888889	63.4644444444,11.35	63.5877777778,11.4366666667
175	999	1504224000	1504238399	13	62.5233333333,7.9511111111	62.45,7.7666666667	62.6780555556,6.8494444444	63.1025,6.6052777778	63.1669444444,6.7933333333	63.3738888889,7.4077777778	63.5680555556,7.9966666667	63.545,8.0438888889	63.4430555556,8.2533333333	63.3911111111,8.3597222222	63.3491666667,8.8113888889	62.9780555556,8.8277777778	62.5233333333,7.9511111111
175	999	1504224000	1504238399	7	63.7166666667,10.1486111111	63.5297222222,10.1030555556	63.4291666667,9.8222222222	63.4297222222,9.4125	63.4816666667,9.8091666667	63.6805555556,10.0444444444	63.7166666667,10.1486111111
175	999	1504224000	1504238399	10	63.9430555556,11.9958333333	63.6,12.1666666667	63.4666666667,12.25	63.4344444444,12.2038888889	63.5877777778,11.4366666667	63.7775,10.3294444444	63.8041666667,10.4072222222	63.8333333333,10.4930555556	64.1,10.8555555556	63.9430555556,11.9958333333
175	999	1504224000	1504238399	16	63.5877777778,11.4366666667	63.4644444444,11.35	63.1316666667,10.7138888889	62.9988888889,10.5738888889	63.0,10.1308333333	63.0961111111,10.0316666667	63.12,10.0033333333	63.1844444444,9.9377777778	63.2,9.9227777778	63.2191666667,9.9008333333	63.2458333333,9.8725	63.4291666667,9.8222222222	63.5297222222,10.1030555556	63.7166666667,10.1486111111	63.7775,10.3294444444	63.5877777778,11.4366666667
175	999	1504224000	1504238399	7	64.1,10.8555555556	63.8333333333,10.4930555556	63.8041666667,10.4072222222	63.7775,10.3294444444	64.0297222222,8.8505555556	64.3422222222,9.8361111111	64.1,10.8555555556
175	999	1504224000	1504238399	9	62.575,5.2536111111	62.7991666667,5.7336111111	62.8475,5.87	63.1025,6.6052777778	62.6780555556,6.8494444444	62.45,7.7666666667	62.0,6.645	62.4863888889,5.3894444444	62.575,5.2536111111
