14
195	999	1504252800	1504274399	9	70.25,18.75	70.25,19.25	70.2202777778,19.5088888889	70.1625,20.0	70.0833333333,20.0	70.0833333333,18.8333333333	70.0166666667,18.6	70.1291666667,18.4475	70.25,18.75
195	999	1504252800	1504274399	9	70.0833333333,18.8333333333	70.0833333333,20.0	69.45,20.0	69.1602777778,19.4180555556	69.2333333333,19.0666666667	69.3819444444,19.0397222222	69.7027777778,18.9966666667	70.0166666667,18.6	70.0833333333,18.8333333333
65	999	1504252800	1504274399	22	70.1055555556,28.0005555556	70.0977777778,28.0075	69.9166666667,28.1666666667	69.8869444444,28.33	69.8675,28.3733333333	69.7972222222,28.5308333333	69.7516666667,28.7952777778	69.6544444444,28.6758333333	69.6597222222,28.4236111111	69.6608333333,28.3775	69.6613888889,28.3516666667	69.6658333333,28.1255555556	69.6858333333,26.7869444444	69.6938888889,25.9833333333	69.7580555556,26.1441666667	69.7916666667,26.2277777778	69.9088888889,26.4266666667	69.9177777778,26.4969444444	69.9541666667,26.7880555556	69.9172222222,27.0288888889	70.0758333333,27.5791666667	70.1055555556,28.0005555556
95	999	1504252800	1504274399	9	69.3166666667,21.3333333333	69.1725,21.7961111111	69.0666666667,21.9347222222	68.77,21.3877777778	68.8330555556,21.1727777778	69.06,20.5486111111	69.05,21.0833333333	69.2088888889,21.2316666667	69.3166666667,21.3333333333
95	999	1504252800	1504274399	9	69.7516666667,28.7952777778	69.7455555556,28.835	69.7372222222,28.8894444444	69.7,29.1333333333	69.6425,29.1811111111	69.6469444444,29.0063888889	69.6533333333,28.7216666667	69.6544444444,28.6758333333	69.7516666667,28.7952777778
0	999	1504252800	1504274399	20	71.0233333333,24.225	70.8297222222,24.6108333333	70.7333333333,24.8	70.6833333333,25.3166666667	70.5833333333,25.0	70.5786111111,24.9825	70.4183333333,24.3822222222	70.3138888889,24.0	70.315,23.5769444444	70.315,23.1358333333	70.315,22.9955555556	70.315,22.9166666667	70.0833333333,21.8433333333	70.2319444444,21.3522222222	70.2325,21.3505555556	70.3222222222,21.0483333333	70.6083333333,21.55	70.7602777778,22.5358333333	70.9666666667,24.0	71.0233333333,24.225
0	999	1504252800	1504274399	44	71.2116666667,24.0	70.9666666667,24.0	70.7602777778,22.5358333333	70.6083333333,21.55	70.3222222222,21.0483333333	70.2325,21.3505555556	70.2319444444,21.3522222222	70.0833333333,21.8433333333	69.7916666667,22.195	69.7186111111,22.2813888889	69.5636111111,22.4625	69.5802777778,24.0	68.7933333333,24.0	68.8333333333,23.85	68.7533333333,23.5988888889	68.6636111111,23.3183333333	68.6902777778,22.9516666667	68.7336111111,22.3666666667	69.0666666667,21.9347222222	69.1725,21.7961111111	69.3166666667,21.3333333333	69.2088888889,21.2316666667	69.05,21.0833333333	69.06,20.5486111111	68.9297222222,20.3380555556	68.8833333333,20.3333333333	68.9144444444,20.0	69.05,20.0	69.0855555556,19.8166666667	69.1602777778,19.4180555556	69.45,20.0	70.0833333333,20.0	70.1625,20.0	70.2202777778,19.5088888889	70.25,19.25	70.25,18.75	70.1291666667,18.4475	70.4666666667,18.0	70.5569444444,18.545	70.6222222222,19.0105555556	70.9175,21.2541666667	71.1163888889,22.9422222222	71.1569444444,23.5	71.2116666667,24.0
0	999	1504252800	1504274399	6	69.7947222222,30.8186111111	69.5333333333,30.8333333333	69.5416666667,30.5666666667	69.6722222222,30.1333333333	69.6666666667,30.6666666667	69.7947222222,30.8186111111
0	999	1504252800	1504274399	59	71.3333333333,28.0	71.0525,29.6980555556	71.0027777778,29.9841666667	71.0,30.0	70.6719444444,30.9080555556	70.3666666667,31.7166666667	70.2588888889,31.5430555556	70.0691666667,31.2413888889	70.0,31.1333333333	69.7947222222,30.8186111111	70.0666666667,30.95	70.175,30.8666666667	70.2,30.3333333333	70.25,29.3333333333	69.8869444444,28.33	69.9166666667,28.1666666667	70.0977777778,28.0075	70.1055555556,28.0005555556	70.0758333333,27.5791666667	69.9172222222,27.0288888889	69.9541666667,26.7880555556	69.9177777778,26.4969444444	69.9088888889,26.4266666667	69.7916666667,26.2277777778	69.7580555556,26.1441666667	69.6938888889,25.9833333333	69.6666666667,25.9166666667	69.5961111111,25.8819444444	69.3308333333,25.7527777778	69.0,25.6	68.9138888889,25.4605555556	68.8213888889,25.3088888889	68.5583333333,24.8833333333	68.6338888889,24.6	68.7933333333,24.0	69.5802777778,24.0	69.5833333333,24.6666666667	69.5833333333,25.5833333333	70.0,26.0	70.0125,26.0	70.1333333333,26.0	70.2019444444,26.0	70.2541666667,26.0	70.2833333333,26.0	70.5,25.6666666667	70.5833333333,25.0	70.6833333333,25.3166666667	70.7333333333,24.8	70.8297222222,24.6108333333	71.0233333333,24.225	70.9666666667,24.0	71.2116666667,24.0	71.2972222222,24.6388888889	71.3333333333,25.0	71.3333333333,26.3427777778	71.3333333333,26.8636111111	71.3333333333,27.3519444444	71.3333333333,27.5975	71.3333333333,28.0
0	999	1504252800	1504274399	15	69.4833333333,29.3333333333	69.325,29.4916666667	69.3083333333,29.4944444444	69.0166666667,29.05	69.0741666667,28.9	69.1,28.8333333333	69.1283333333,28.8333333333	69.1719444444,28.8333333333	69.1791666667,28.8333333333	69.2166666667,28.8333333333	69.2647222222,28.9230555556	69.3419444444,29.0736111111	69.3561111111,29.0941666667	69.3861111111,29.1502777778	69.4833333333,29.3333333333
105	999	1504252800	1504274399	15	70.315,22.9166666667	70.315,22.9955555556	70.315,23.1358333333	70.315,23.5769444444	70.3138888889,24.0	70.0,24.0	69.9480555556,24.0	69.7041666667,24.0	69.6666666667,24.0	69.5802777778,24.0	69.5636111111,22.4625	69.7186111111,22.2813888889	69.7916666667,22.195	70.0833333333,21.8433333333	70.315,22.9166666667
105	999	1504252800	1504274399	24	69.8869444444,28.33	70.25,29.3333333333	70.2,30.3333333333	70.175,30.8666666667	70.0666666667,30.95	69.7947222222,30.8186111111	69.6666666667,30.6666666667	69.6722222222,30.1333333333	69.6583333333,30.0833333333	69.4219444444,30.0277777778	69.3333333333,29.5333333333	69.3083333333,29.4944444444	69.325,29.4916666667	69.4833333333,29.3333333333	69.5494444444,29.2638888889	69.5744444444,29.2377777778	69.6425,29.1811111111	69.7,29.1333333333	69.7372222222,28.8894444444	69.7455555556,28.835	69.7516666667,28.7952777778	69.7972222222,28.5308333333	69.8675,28.3733333333	69.8869444444,28.33
105	999	1504252800	1504274399	7	69.2333333333,19.0666666667	69.1602777778,19.4180555556	69.0855555556,19.8166666667	69.05,20.0	68.9144444444,20.0	68.9963888889,19.0963888889	69.2333333333,19.0666666667
105	999	1504252800	1504274399	19	70.5833333333,25.0	70.5,25.6666666667	70.2833333333,26.0	70.2541666667,26.0	70.2019444444,26.0	70.1333333333,26.0	70.0125,26.0	70.0,26.0	69.5833333333,25.5833333333	69.5833333333,24.6666666667	69.5802777778,24.0	69.6666666667,24.0	69.7041666667,24.0	69.9480555556,24.0	70.0,24.0	70.3138888889,24.0	70.4183333333,24.3822222222	70.5786111111,24.9825	70.5833333333,25.0
