10
195	999	1504252800	1504274399	4	70.0166666667,18.6	69.6666666667,17.3333333333	70.1291666667,18.4475	70.0166666667,18.6
195	999	1504252800	1504274399	12	70.0166666667,18.6	69.7027777778,18.9966666667	69.3819444444,19.0397222222	69.2333333333,19.0666666667	69.2833333333,18.75	69.3036111111,18.6366666667	69.3352777778,18.4611111111	69.3372222222,18.45	69.37,18.2652777778	69.4166666667,17.5833333333	69.6666666667,17.3333333333	70.0166666667,18.6
195	999	1504252800	1504274399	9	67.6666666667,13.9166666667	67.6430555556,14.1825	67.6111111111,14.5336111111	67.5725,14.9477777778	67.4577777778,16.1083333333	67.2619444444,16.33	67.25,13.0	67.4166666667,13.0	67.6666666667,13.9166666667
125	999	1504252800	1504274399	14	68.0844444444,17.4402777778	67.0,16.3933333333	67.0,16.3005555556	67.0666666667,16.4166666667	67.2619444444,16.33	67.4577777778,16.1083333333	67.5163888889,16.1613888889	67.5369444444,16.3702777778	67.9133333333,16.745	67.9944444444,16.9866666667	68.0052777778,17.0241666667	68.0275,17.1011111111	68.1188888889,17.2827777778	68.0844444444,17.4402777778
0	999	1504252800	1504274399	33	70.4666666667,18.0	70.1291666667,18.4475	69.6666666667,17.3333333333	69.6666666667,16.8988888889	69.6666666667,16.6666666667	69.6666666667,16.0	69.4166666667,15.3333333333	69.1905555556,15.1758333333	69.0838888889,15.0797222222	68.8333333333,14.9333333333	68.0466666667,12.95	67.8666666667,12.5388888889	67.6666666667,12.0666666667	67.4,11.6333333333	67.25,11.6333333333	67.25,11.5	67.25,9.4211111111	67.4222222222,9.7244444444	67.745,10.305	67.8919444444,10.5755555556	68.0972222222,10.9613888889	68.2,11.1777777778	68.4983333333,11.7383333333	68.5427777778,11.8286111111	69.0197222222,12.8069444444	69.3138888889,13.4380555556	69.4883333333,13.8227777778	69.5858333333,14.0411111111	69.715,14.3333333333	70.0,15.0	70.2022222222,16.2158333333	70.215,16.2958333333	70.4666666667,18.0
0	999	1504252800	1504274399	39	68.1833333333,15.6	68.175,15.65	68.0,16.6666666667	68.0583333333,16.7666666667	68.1541666667,16.9808333333	68.3333333333,17.3833333333	68.6833333333,18.15	68.7,19.25	68.8333333333,20.0	68.9144444444,20.0	68.8833333333,20.3333333333	68.7911111111,20.3247222222	68.7688888889,20.3108333333	68.5608333333,19.975	68.4891666667,20.2586111111	68.3508333333,19.9594444444	68.3597222222,19.9147222222	68.485,19.1686111111	68.4977777778,19.0986111111	68.5066666667,18.6252777778	68.5833333333,18.4166666667	68.5383333333,18.1252777778	68.4263888889,18.105	68.4116666667,18.1	68.2052777778,18.1602777778	67.9686111111,17.9013888889	68.0486111111,17.6363888889	68.0844444444,17.4402777778	68.1188888889,17.2827777778	68.0275,17.1011111111	68.0052777778,17.0241666667	67.9944444444,16.9866666667	67.9133333333,16.745	67.5369444444,16.3702777778	67.5163888889,16.1613888889	67.4577777778,16.1083333333	67.5725,14.9477777778	67.6111111111,14.5336111111	68.1833333333,15.6
105	999	1504252800	1504274399	17	68.8333333333,14.9333333333	68.8166666667,15.6833333333	68.9194444444,16.1688888889	68.6777777778,15.9777777778	68.2819444444,15.6738888889	68.1833333333,15.6	67.6111111111,14.5336111111	67.6430555556,14.1825	67.6666666667,13.9166666667	67.4166666667,13.0	67.25,13.0	67.25,11.6333333333	67.4,11.6333333333	67.6666666667,12.0666666667	67.8666666667,12.5388888889	68.0466666667,12.95	68.8333333333,14.9333333333
105	999	1504252800	1504274399	14	69.0833333333,16.9666666667	68.95,17.25	68.8897222222,17.4569444444	68.6833333333,18.15	68.3333333333,17.3833333333	68.1541666667,16.9808333333	68.0583333333,16.7666666667	68.0,16.6666666667	68.175,15.65	68.1833333333,15.6	68.2819444444,15.6738888889	68.6777777778,15.9777777778	68.9194444444,16.1688888889	69.0833333333,16.9666666667
105	999	1504252800	1504274399	14	69.6666666667,16.0	69.6666666667,16.6666666667	69.6666666667,16.8988888889	69.6666666667,17.3333333333	69.4166666667,17.5833333333	69.3333333333,17.1666666667	69.0833333333,16.9666666667	68.9194444444,16.1688888889	68.8166666667,15.6833333333	68.8333333333,14.9333333333	69.0838888889,15.0797222222	69.1905555556,15.1758333333	69.4166666667,15.3333333333	69.6666666667,16.0
105	999	1504252800	1504274399	17	68.9144444444,20.0	68.8333333333,20.0	68.7,19.25	68.6833333333,18.15	68.8897222222,17.4569444444	68.95,17.25	69.0833333333,16.9666666667	69.3333333333,17.1666666667	69.4166666667,17.5833333333	69.37,18.2652777778	69.3372222222,18.45	69.3352777778,18.4611111111	69.3036111111,18.6366666667	69.2833333333,18.75	69.2333333333,19.0666666667	68.9963888889,19.0963888889	68.9144444444,20.0
