24
125	999	1504249200	1504250999	14	68.0844444444,17.4402777778	67.0,16.3933333333	67.0,16.3005555556	67.0666666667,16.4166666667	67.2619444444,16.33	67.4577777778,16.1083333333	67.5163888889,16.1613888889	67.5369444444,16.3702777778	67.9133333333,16.745	67.9944444444,16.9866666667	68.0052777778,17.0241666667	68.0275,17.1011111111	68.1188888889,17.2827777778	68.0844444444,17.4402777778
95	999	1504249200	1504250999	9	69.7516666667,28.7952777778	69.7455555556,28.835	69.7372222222,28.8894444444	69.7,29.1333333333	69.6425,29.1811111111	69.6469444444,29.0063888889	69.6533333333,28.7216666667	69.6544444444,28.6758333333	69.7516666667,28.7952777778
95	999	1504249200	1504250999	9	69.3166666667,21.3333333333	69.1725,21.7961111111	69.0666666667,21.9347222222	68.77,21.3877777778	68.8330555556,21.1727777778	69.06,20.5486111111	69.05,21.0833333333	69.2088888889,21.2316666667	69.3166666667,21.3333333333
0	999	1504249200	1504250999	44	71.2116666667,24.0	70.9666666667,24.0	70.7602777778,22.5358333333	70.6083333333,21.55	70.3222222222,21.0483333333	70.2325,21.3505555556	70.2319444444,21.3522222222	70.0833333333,21.8433333333	69.7916666667,22.195	69.7186111111,22.2813888889	69.5636111111,22.4625	69.5802777778,24.0	68.7933333333,24.0	68.8333333333,23.85	68.7533333333,23.5988888889	68.6636111111,23.3183333333	68.6902777778,22.9516666667	68.7336111111,22.3666666667	69.0666666667,21.9347222222	69.1725,21.7961111111	69.3166666667,21.3333333333	69.2088888889,21.2316666667	69.05,21.0833333333	69.06,20.5486111111	68.9297222222,20.3380555556	68.8833333333,20.3333333333	68.9144444444,20.0	69.05,20.0	69.0855555556,19.8166666667	69.1602777778,19.4180555556	69.45,20.0	70.0833333333,20.0	70.1625,20.0	70.2202777778,19.5088888889	70.25,19.25	70.25,18.75	70.1291666667,18.4475	70.4666666667,18.0	70.5569444444,18.545	70.6222222222,19.0105555556	70.9175,21.2541666667	71.1163888889,22.9422222222	71.1569444444,23.5	71.2116666667,24.0
0	999	1504249200	1504250999	15	69.4833333333,29.3333333333	69.325,29.4916666667	69.3083333333,29.4944444444	69.0166666667,29.05	69.0741666667,28.9	69.1,28.8333333333	69.1283333333,28.8333333333	69.1719444444,28.8333333333	69.1791666667,28.8333333333	69.2166666667,28.8333333333	69.2647222222,28.9230555556	69.3419444444,29.0736111111	69.3561111111,29.0941666667	69.3861111111,29.1502777778	69.4833333333,29.3333333333
0	999	1504249200	1504250999	33	70.4666666667,18.0	70.1291666667,18.4475	69.6666666667,17.3333333333	69.6666666667,16.8988888889	69.6666666667,16.6666666667	69.6666666667,16.0	69.4166666667,15.3333333333	69.1905555556,15.1758333333	69.0838888889,15.0797222222	68.8333333333,14.9333333333	68.0466666667,12.95	67.8666666667,12.5388888889	67.6666666667,12.0666666667	67.4,11.6333333333	67.25,11.6333333333	67.25,11.5	67.25,9.4211111111	67.4222222222,9.7244444444	67.745,10.305	67.8919444444,10.5755555556	68.0972222222,10.9613888889	68.2,11.1777777778	68.4983333333,11.7383333333	68.5427777778,11.8286111111	69.0197222222,12.8069444444	69.3138888889,13.4380555556	69.4883333333,13.8227777778	69.5858333333,14.0411111111	69.715,14.3333333333	70.0,15.0	70.2022222222,16.2158333333	70.215,16.2958333333	70.4666666667,18.0
0	999	1504249200	1504250999	39	68.1833333333,15.6	68.175,15.65	68.0,16.6666666667	68.0583333333,16.7666666667	68.1541666667,16.9808333333	68.3333333333,17.3833333333	68.6833333333,18.15	68.7,19.25	68.8333333333,20.0	68.9144444444,20.0	68.8833333333,20.3333333333	68.7911111111,20.3247222222	68.7688888889,20.3108333333	68.5608333333,19.975	68.4891666667,20.2586111111	68.3508333333,19.9594444444	68.3597222222,19.9147222222	68.485,19.1686111111	68.4977777778,19.0986111111	68.5066666667,18.6252777778	68.5833333333,18.4166666667	68.5383333333,18.1252777778	68.4263888889,18.105	68.4116666667,18.1	68.2052777778,18.1602777778	67.9686111111,17.9013888889	68.0486111111,17.6363888889	68.0844444444,17.4402777778	68.1188888889,17.2827777778	68.0275,17.1011111111	68.0052777778,17.0241666667	67.9944444444,16.9866666667	67.9133333333,16.745	67.5369444444,16.3702777778	67.5163888889,16.1613888889	67.4577777778,16.1083333333	67.5725,14.9477777778	67.6111111111,14.5336111111	68.1833333333,15.6
0	999	1504249200	1504250999	6	69.7947222222,30.8186111111	69.5333333333,30.8333333333	69.5416666667,30.5666666667	69.6722222222,30.1333333333	69.6666666667,30.6666666667	69.7947222222,30.8186111111
0	999	1504249200	1504250999	20	71.0233333333,24.225	70.8297222222,24.6108333333	70.7333333333,24.8	70.6833333333,25.3166666667	70.5833333333,25.0	70.5786111111,24.9825	70.4183333333,24.3822222222	70.3138888889,24.0	70.315,23.5769444444	70.315,23.1358333333	70.315,22.9955555556	70.315,22.9166666667	70.0833333333,21.8433333333	70.2319444444,21.3522222222	70.2325,21.3505555556	70.3222222222,21.0483333333	70.6083333333,21.55	70.7602777778,22.5358333333	70.9666666667,24.0	71.0233333333,24.225
0	999	1504249200	1504250999	59	71.3333333333,28.0	71.0525,29.6980555556	71.0027777778,29.9841666667	71.0,30.0	70.6719444444,30.9080555556	70.3666666667,31.7166666667	70.2588888889,31.5430555556	70.0691666667,31.2413888889	70.0,31.1333333333	69.7947222222,30.8186111111	70.0666666667,30.95	70.175,30.8666666667	70.2,30.3333333333	70.25,29.3333333333	69.8869444444,28.33	69.9166666667,28.1666666667	70.0977777778,28.0075	70.1055555556,28.0005555556	70.0758333333,27.5791666667	69.9172222222,27.0288888889	69.9541666667,26.7880555556	69.9177777778,26.4969444444	69.9088888889,26.4266666667	69.7916666667,26.2277777778	69.7580555556,26.1441666667	69.6938888889,25.9833333333	69.6666666667,25.9166666667	69.5961111111,25.8819444444	69.3308333333,25.7527777778	69.0,25.6	68.9138888889,25.4605555556	68.8213888889,25.3088888889	68.5583333333,24.8833333333	68.6338888889,24.6	68.7933333333,24.0	69.5802777778,24.0	69.5833333333,24.6666666667	69.5833333333,25.5833333333	70.0,26.0	70.0125,26.0	70.1333333333,26.0	70.2019444444,26.0	70.2541666667,26.0	70.2833333333,26.0	70.5,25.6666666667	70.5833333333,25.0	70.6833333333,25.3166666667	70.7333333333,24.8	70.8297222222,24.6108333333	71.0233333333,24.225	70.9666666667,24.0	71.2116666667,24.0	71.2972222222,24.6388888889	71.3333333333,25.0	71.3333333333,26.3427777778	71.3333333333,26.8636111111	71.3333333333,27.3519444444	71.3333333333,27.5975	71.3333333333,28.0
65	999	1504249200	1504250999	22	70.1055555556,28.0005555556	70.0977777778,28.0075	69.9166666667,28.1666666667	69.8869444444,28.33	69.8675,28.3733333333	69.7972222222,28.5308333333	69.7516666667,28.7952777778	69.6544444444,28.6758333333	69.6597222222,28.4236111111	69.6608333333,28.3775	69.6613888889,28.3516666667	69.6658333333,28.1255555556	69.6858333333,26.7869444444	69.6938888889,25.9833333333	69.7580555556,26.1441666667	69.7916666667,26.2277777778	69.9088888889,26.4266666667	69.9177777778,26.4969444444	69.9541666667,26.7880555556	69.9172222222,27.0288888889	70.0758333333,27.5791666667	70.1055555556,28.0005555556
195	999	1504249200	1504250999	9	70.0833333333,18.8333333333	70.0833333333,20.0	69.45,20.0	69.1602777778,19.4180555556	69.2333333333,19.0666666667	69.3819444444,19.0397222222	69.7027777778,18.9966666667	70.0166666667,18.6	70.0833333333,18.8333333333
195	999	1504249200	1504250999	9	70.25,18.75	70.25,19.25	70.2202777778,19.5088888889	70.1625,20.0	70.0833333333,20.0	70.0833333333,18.8333333333	70.0166666667,18.6	70.1291666667,18.4475	70.25,18.75
195	999	1504249200	1504250999	4	70.0166666667,18.6	69.6666666667,17.3333333333	70.1291666667,18.4475	70.0166666667,18.6
195	999	1504249200	1504250999	12	70.0166666667,18.6	69.7027777778,18.9966666667	69.3819444444,19.0397222222	69.2333333333,19.0666666667	69.2833333333,18.75	69.3036111111,18.6366666667	69.3352777778,18.4611111111	69.3372222222,18.45	69.37,18.2652777778	69.4166666667,17.5833333333	69.6666666667,17.3333333333	70.0166666667,18.6
195	999	1504249200	1504250999	9	67.6666666667,13.9166666667	67.6430555556,14.1825	67.6111111111,14.5336111111	67.5725,14.9477777778	67.4577777778,16.1083333333	67.2619444444,16.33	67.25,13.0	67.4166666667,13.0	67.6666666667,13.9166666667
105	999	1504249200	1504250999	14	69.0833333333,16.9666666667	68.95,17.25	68.8897222222,17.4569444444	68.6833333333,18.15	68.3333333333,17.3833333333	68.1541666667,16.9808333333	68.0583333333,16.7666666667	68.0,16.6666666667	68.175,15.65	68.1833333333,15.6	68.2819444444,15.6738888889	68.6777777778,15.9777777778	68.9194444444,16.1688888889	69.0833333333,16.9666666667
105	999	1504249200	1504250999	19	70.5833333333,25.0	70.5,25.6666666667	70.2833333333,26.0	70.2541666667,26.0	70.2019444444,26.0	70.1333333333,26.0	70.0125,26.0	70.0,26.0	69.5833333333,25.5833333333	69.5833333333,24.6666666667	69.5802777778,24.0	69.6666666667,24.0	69.7041666667,24.0	69.9480555556,24.0	70.0,24.0	70.3138888889,24.0	70.4183333333,24.3822222222	70.5786111111,24.9825	70.5833333333,25.0
105	999	1504249200	1504250999	7	69.2333333333,19.0666666667	69.1602777778,19.4180555556	69.0855555556,19.8166666667	69.05,20.0	68.9144444444,20.0	68.9963888889,19.0963888889	69.2333333333,19.0666666667
105	999	1504249200	1504250999	17	68.8333333333,14.9333333333	68.8166666667,15.6833333333	68.9194444444,16.1688888889	68.6777777778,15.9777777778	68.2819444444,15.6738888889	68.1833333333,15.6	67.6111111111,14.5336111111	67.6430555556,14.1825	67.6666666667,13.9166666667	67.4166666667,13.0	67.25,13.0	67.25,11.6333333333	67.4,11.6333333333	67.6666666667,12.0666666667	67.8666666667,12.5388888889	68.0466666667,12.95	68.8333333333,14.9333333333
105	999	1504249200	1504250999	24	69.8869444444,28.33	70.25,29.3333333333	70.2,30.3333333333	70.175,30.8666666667	70.0666666667,30.95	69.7947222222,30.8186111111	69.6666666667,30.6666666667	69.6722222222,30.1333333333	69.6583333333,30.0833333333	69.4219444444,30.0277777778	69.3333333333,29.5333333333	69.3083333333,29.4944444444	69.325,29.4916666667	69.4833333333,29.3333333333	69.5494444444,29.2638888889	69.5744444444,29.2377777778	69.6425,29.1811111111	69.7,29.1333333333	69.7372222222,28.8894444444	69.7455555556,28.835	69.7516666667,28.7952777778	69.7972222222,28.5308333333	69.8675,28.3733333333	69.8869444444,28.33
105	999	1504249200	1504250999	17	68.9144444444,20.0	68.8333333333,20.0	68.7,19.25	68.6833333333,18.15	68.8897222222,17.4569444444	68.95,17.25	69.0833333333,16.9666666667	69.3333333333,17.1666666667	69.4166666667,17.5833333333	69.37,18.2652777778	69.3372222222,18.45	69.3352777778,18.4611111111	69.3036111111,18.6366666667	69.2833333333,18.75	69.2333333333,19.0666666667	68.9963888889,19.0963888889	68.9144444444,20.0
105	999	1504249200	1504250999	15	70.315,22.9166666667	70.315,22.9955555556	70.315,23.1358333333	70.315,23.5769444444	70.3138888889,24.0	70.0,24.0	69.9480555556,24.0	69.7041666667,24.0	69.6666666667,24.0	69.5802777778,24.0	69.5636111111,22.4625	69.7186111111,22.2813888889	69.7916666667,22.195	70.0833333333,21.8433333333	70.315,22.9166666667
105	999	1504249200	1504250999	14	69.6666666667,16.0	69.6666666667,16.6666666667	69.6666666667,16.8988888889	69.6666666667,17.3333333333	69.4166666667,17.5833333333	69.3333333333,17.1666666667	69.0833333333,16.9666666667	68.9194444444,16.1688888889	68.8166666667,15.6833333333	68.8333333333,14.9333333333	69.0838888889,15.0797222222	69.1905555556,15.1758333333	69.4166666667,15.3333333333	69.6666666667,16.0
