29
0	315	1504224000	1504238399	19	47.8180555556,9.9725	47.8236111111,10.1077777778	47.8416666667,10.3833333333	47.8675,10.4666666667	47.9047222222,10.5838888889	47.9097222222,10.5972222222	48.0305555556,11.0	47.9130555556,11.1033333333	47.9266666667,11.2338888889	47.9286111111,11.2627777778	47.5833333333,11.0	47.5316666667,10.7666666667	47.5233333333,10.7291666667	47.4769444444,10.4511111111	47.4777777778,10.4411111111	47.5063888889,10.0861111111	47.5175,9.9477777778	47.6594444444,9.9658333333	47.8180555556,9.9725
0	315	1504224000	1504238399	10	47.4488888889,10.0833333333	47.3833333333,10.2166666667	47.3330555556,10.1980555556	47.3,10.0705555556	47.2988888889,10.0666666667	47.2766666667,9.9825	47.3366666667,9.9247222222	47.5175,9.9477777778	47.5063888889,10.0861111111	47.4488888889,10.0833333333
0	315	1504224000	1504238399	6	47.5013888889,10.845	47.3944444444,10.4341666667	47.4777777778,10.4411111111	47.4769444444,10.4511111111	47.5233333333,10.7291666667	47.5013888889,10.845
0	315	1504224000	1504238399	12	47.9636111111,11.5963888889	47.9466666667,11.5938888889	47.5344444444,11.5061111111	47.4866666667,11.4961111111	47.485,11.4938888889	47.3522222222,11.3394444444	47.3522222222,11.1063888889	47.4133333333,10.9991666667	47.4222222222,10.9836111111	47.5833333333,11.0	47.9286111111,11.2627777778	47.9636111111,11.5963888889
0	315	1504224000	1504238399	11	48.0472222222,12.4575	47.9436111111,12.6302777778	47.6511111111,12.1163888889	47.6855555556,12.0280555556	47.5813888889,11.6066666667	47.4866666667,11.4961111111	47.5344444444,11.5061111111	47.9466666667,11.5938888889	47.9636111111,11.5963888889	48.0008333333,11.9622222222	48.0472222222,12.4575
0	315	1504224000	1504238399	7	47.3944444444,10.4341666667	47.3330555556,10.1980555556	47.3833333333,10.2166666667	47.4488888889,10.0833333333	47.5063888889,10.0861111111	47.4777777778,10.4411111111	47.3944444444,10.4341666667
0	315	1504224000	1504238399	6	47.5833333333,11.0	47.4222222222,10.9836111111	47.5013888889,10.845	47.5233333333,10.7291666667	47.5316666667,10.7666666667	47.5833333333,11.0
105	315	1504224000	1504238399	15	48.0305555556,11.0	47.9097222222,10.5972222222	47.9047222222,10.5838888889	47.8675,10.4666666667	47.8416666667,10.3833333333	47.8236111111,10.1077777778	47.8180555556,9.9725	47.8152777778,9.905	47.8980555556,9.8355555556	47.9002777778,9.9183333333	47.9083333333,10.25	47.9094444444,10.3022222222	47.9108333333,10.3097222222	47.93,10.4186111111	48.0305555556,11.0
105	315	1504224000	1504238399	8	48.1744444444,9.5708333333	48.0138888889,9.6227777778	47.9675,9.6405555556	47.9569444444,9.55	47.9733333333,9.55	48.0352777778,9.55	48.1666666667,9.55	48.1744444444,9.5708333333
105	315	1504224000	1504238399	5	48.1330555556,11.0	48.0655555556,11.0	48.0305555556,11.0	47.93,10.4186111111	48.1330555556,11.0
105	315	1504224000	1504238399	5	47.5338888889,9.7336111111	47.57,9.8011111111	47.5491666667,9.8166666667	47.5175,9.9477777778	47.5338888889,9.7336111111
105	315	1504224000	1504238399	5	47.57,9.8011111111	47.6594444444,9.9658333333	47.5175,9.9477777778	47.5491666667,9.8166666667	47.57,9.8011111111
105	315	1504224000	1504238399	5	47.5338888889,9.7336111111	47.5175,9.9477777778	47.3366666667,9.9247222222	47.3394444444,9.9219444444	47.5338888889,9.7336111111
105	315	1504224000	1504238399	21	48.2216666667,11.0	48.1330555556,11.0	47.93,10.4186111111	47.9108333333,10.3097222222	47.9094444444,10.3022222222	47.9083333333,10.25	47.9002777778,9.9183333333	47.8980555556,9.8355555556	47.89,9.55	47.9569444444,9.55	47.9675,9.6405555556	48.0138888889,9.6227777778	48.1744444444,9.5708333333	48.3025,9.9236111111	48.3966666667,9.9877777778	48.3919444444,10.0541666667	48.3722222222,10.3236111111	48.3552777778,10.5486111111	48.3197222222,11.0	48.2908333333,11.0	48.2216666667,11.0
205	315	1504224000	1504238399	13	47.8980555556,9.8355555556	47.8152777778,9.905	47.8180555556,9.9725	47.6594444444,9.9658333333	47.57,9.8011111111	47.5930555556,9.7833333333	47.5822222222,9.7627777778	47.5338888889,9.7336111111	47.8,9.55	47.8333333333,9.55	47.8833333333,9.55	47.89,9.55	47.8980555556,9.8355555556
205	315	1504224000	1504238399	5	47.5822222222,9.7627777778	47.5930555556,9.7833333333	47.57,9.8011111111	47.5338888889,9.7336111111	47.5822222222,9.7627777778
165	315	1504224000	1504238399	22	47.0008333333,10.3894444444	47.0233333333,10.7425	46.9452777778,10.9358333333	46.8205555556,10.9347222222	46.7838888889,10.9641666667	46.7722222222,10.9733333333	46.7697222222,10.9727777778	46.7672222222,10.8763888889	46.7783333333,10.8083333333	46.7955555556,10.79	46.7913888889,10.7455555556	46.7938888889,10.7327777778	46.7980555556,10.7266666667	46.8308333333,10.7572222222	46.85,10.6963888889	46.8755555556,10.6675	46.8405555556,10.5494444444	46.8513888889,10.5469444444	46.8472222222,10.5055555556	46.8666666667,10.4666666667	46.9488888889,10.4888888889	47.0008333333,10.3894444444
165	315	1504224000	1504238399	6	47.6855555556,12.0280555556	47.6191666667,12.0613888889	47.5377777778,12.0088888889	47.4308333333,11.94	47.5813888889,11.6066666667	47.6855555556,12.0280555556
165	315	1504224000	1504238399	17	46.9875,11.4488888889	46.98,11.3766666667	46.9791666667,11.3563888889	46.975,11.2533333333	46.9438888889,11.2105555556	46.9480555556,11.1641666667	46.9508333333,11.0691666667	46.945,11.0086111111	46.9452777778,10.9358333333	47.4222222222,10.9836111111	47.4133333333,10.9991666667	47.3522222222,11.1063888889	47.3522222222,11.3394444444	47.485,11.4938888889	47.4866666667,11.4961111111	47.2202777778,11.4830555556	46.9875,11.4488888889
165	315	1504224000	1504238399	5	47.6855555556,12.0280555556	47.6511111111,12.1163888889	47.6327777778,12.1647222222	47.6191666667,12.0613888889	47.6855555556,12.0280555556
165	315	1504224000	1504238399	13	47.4308333333,11.94	47.3477777778,11.9238888889	47.3002777778,11.9144444444	47.0161111111,11.8575	47.0027777778,11.855	47.0169444444,11.7508333333	47.0172222222,11.6902777778	47.0183333333,11.5263888889	46.9875,11.4488888889	47.2202777778,11.4830555556	47.4866666667,11.4961111111	47.5813888889,11.6066666667	47.4308333333,11.94
165	315	1504224000	1504238399	13	46.9438888889,11.2105555556	46.8608333333,11.0652777778	46.8136111111,11.0622222222	46.7702777778,11.0158333333	46.7697222222,10.9727777778	46.7722222222,10.9733333333	46.7838888889,10.9641666667	46.8205555556,10.9347222222	46.9452777778,10.9358333333	46.945,11.0086111111	46.9508333333,11.0691666667	46.9480555556,11.1641666667	46.9438888889,11.2105555556
165	315	1504224000	1504238399	19	47.5013888889,10.845	47.4222222222,10.9836111111	46.9452777778,10.9358333333	47.0233333333,10.7425	47.0008333333,10.3894444444	47.0875,10.1925	47.1102777778,10.1413888889	47.1775,10.0763888889	47.2766666667,9.9825	47.2988888889,10.0666666667	47.3,10.0705555556	47.3330555556,10.1980555556	47.2708333333,10.175	47.2769444444,10.2375	47.3066666667,10.3105555556	47.3108333333,10.3427777778	47.3833333333,10.4333333333	47.3944444444,10.4341666667	47.5013888889,10.845
165	315	1504224000	1504238399	8	47.3944444444,10.4341666667	47.3833333333,10.4333333333	47.3108333333,10.3427777778	47.3066666667,10.3105555556	47.2769444444,10.2375	47.2708333333,10.175	47.3330555556,10.1980555556	47.3944444444,10.4341666667
145	315	1504224000	1504238399	10	48.4419444444,9.55	48.42,9.6538888889	48.3966666667,9.9877777778	48.3025,9.9236111111	48.1744444444,9.5708333333	48.1666666667,9.55	48.2941666667,9.55	48.3625,9.55	48.3933333333,9.55	48.4419444444,9.55
195	315	1504224000	1504238399	11	48.2216666667,11.0	48.1836111111,11.2416666667	48.125,11.2375	48.0583333333,11.2461111111	47.9286111111,11.2627777778	47.9266666667,11.2338888889	47.9130555556,11.1033333333	48.0305555556,11.0	48.0655555556,11.0	48.1330555556,11.0	48.2216666667,11.0
195	315	1504224000	1504238399	18	48.4366666667,11.9516666667	48.4194444444,12.025	48.3816666667,12.1930555556	48.2736111111,12.6666666667	48.2663888889,12.6972222222	48.2475,12.6761111111	48.1952777778,12.695	48.1472222222,12.7125	48.0525,12.5125	48.0519444444,12.5072222222	48.0472222222,12.4575	48.0008333333,11.9622222222	47.9636111111,11.5963888889	48.07,11.4536111111	48.0919444444,11.8016666667	48.16,11.8972222222	48.3655555556,11.9380555556	48.4366666667,11.9516666667
195	315	1504224000	1504238399	5	48.07,11.4536111111	47.9636111111,11.5963888889	47.9286111111,11.2627777778	48.0583333333,11.2461111111	48.07,11.4536111111
125	315	1504224000	1504238399	12	47.9436111111,12.6302777778	47.8405555556,12.7413888889	47.8222222222,12.7608333333	47.7722222222,12.8147222222	47.6997222222,12.5825	47.6775,12.5119444444	47.6713888889,12.4636111111	47.6416666667,12.2322222222	47.6372222222,12.2005555556	47.6327777778,12.1647222222	47.6511111111,12.1163888889	47.9436111111,12.6302777778
