11
285	999	1504224000	1504238399	26	59.9625,11.3666666667	59.9161111111,12.1188888889	59.8908333333,12.0991666667	59.8908333333,12.0491666667	59.8911111111,12.02	59.8955555556,12.0	59.8833333333,11.9166666667	59.8333333333,11.8333333333	59.7919444444,11.9269444444	59.7,11.9166666667	59.6536111111,11.8630555556	59.6430555556,11.7808333333	59.6183333333,11.5855555556	59.5016666667,11.5097222222	58.9352777778,11.6722222222	58.9,11.6666666667	58.8833333333,11.4666666667	59.1088888889,11.3494444444	59.0922222222,11.2433333333	59.0158333333,11.1172222222	58.9566666667,10.9677777778	58.9333333333,10.8305555556	59.2125,10.8833333333	59.2458333333,10.9138888889	59.4736111111,11.1222222222	59.9625,11.3666666667
95	999	1504224000	1504238399	7	62.0,12.2166666667	61.5666666667,12.5833333333	61.6380555556,12.3433333333	61.6758333333,12.2166666667	61.7847222222,12.2163888889	61.9166666667,12.2133333333	62.0,12.2166666667
155	999	1504224000	1504238399	50	58.9263888889,7.5	58.9486111111,8.3116666667	58.9597222222,8.7811111111	58.9652777778,9.0563888889	58.8055555556,9.3138888889	58.7136111111,9.4605555556	58.5833333333,9.6666666667	58.0333333333,9.525	58.0202777778,9.4972222222	58.0,9.4561111111	57.9913888889,9.4386111111	57.8880555556,9.2283333333	57.8683333333,9.1886111111	57.8,9.0508333333	57.6758333333,8.8033333333	57.6752777778,8.8022222222	57.6683333333,8.7891666667	57.6469444444,8.7463888889	57.6061111111,8.6655555556	57.5597222222,8.5741666667	57.5555555556,8.5661111111	57.5216666667,8.5	57.2897222222,8.0494444444	57.2105555556,7.8980555556	57.1519444444,7.7866666667	57.0572222222,7.6072222222	57.0,7.5	57.0,7.4561111111	57.0,7.34	57.0,7.2272222222	57.0,6.9352777778	57.0,6.8316666667	57.0,6.8036111111	57.0,6.7261111111	57.0,6.6977777778	57.0,6.5761111111	57.0,6.4558333333	57.0,6.0	57.3030555556,6.3744444444	57.5666666667,6.7019444444	57.6291666667,6.7833333333	57.7288888889,6.9047222222	57.9572222222,7.1916666667	57.9963888889,7.2411111111	58.1063888889,7.3825	58.5075,7.89	58.6119444444,7.7161111111	58.7416666667,7.5	58.8727777778,7.5	58.9263888889,7.5
215	285	1504224000	1504238399	29	59.9625,11.3666666667	59.9161111111,12.1188888889	59.8908333333,12.0991666667	59.8908333333,12.0491666667	59.8911111111,12.02	59.8955555556,12.0	59.8833333333,11.9166666667	59.8333333333,11.8333333333	59.7919444444,11.9269444444	59.7,11.9166666667	59.6536111111,11.8630555556	59.6430555556,11.7808333333	59.6,11.7	59.5694444444,11.7036111111	59.5180555556,11.7252777778	59.3666666667,11.7944444444	59.3175,11.8205555556	59.125,11.7691666667	58.9,11.6666666667	58.8833333333,11.4666666667	59.1088888889,11.3494444444	59.0922222222,11.2433333333	59.0158333333,11.1172222222	58.9566666667,10.9677777778	58.9333333333,10.8305555556	59.2125,10.8833333333	59.2458333333,10.9138888889	59.4736111111,11.1222222222	59.9625,11.3666666667
0	999	1504224000	1504238399	14	61.0291666667,7.6833333333	60.9208333333,8.5916666667	60.4916666667,9.975	59.9222222222,9.6888888889	59.595,8.2969444444	59.8561111111,8.2958333333	60.2491666667,8.295	60.2941666667,7.9808333333	60.3075,7.4058333333	60.3633333333,7.1125	60.5444444444,7.1125	60.6722222222,7.1125	61.0,7.6666666667	61.0291666667,7.6833333333
215	999	1504224000	1504238399	17	60.4166666667,11.2083333333	60.4038888889,12.3397222222	60.3791666667,12.5833333333	60.3063888889,12.5011111111	60.3,12.4972222222	60.1777777778,12.5347222222	60.1,12.5	60.0127777778,12.3922222222	59.8983333333,12.1677777778	59.8908333333,12.0991666667	59.9161111111,12.1188888889	59.9625,11.3666666667	59.9583333333,10.9166666667	60.0372222222,10.9663888889	60.2027777778,11.0838888889	60.3163888889,11.1438888889	60.4166666667,11.2083333333
215	999	1504224000	1504238399	22	61.0291666667,7.6833333333	60.9208333333,8.5916666667	60.4916666667,9.975	60.3833333333,10.3166666667	60.4291666667,11.025	60.4166666667,11.2083333333	60.3163888889,11.1438888889	60.2027777778,11.0838888889	60.0372222222,10.9663888889	59.9583333333,10.9166666667	59.95,10.4125	59.9222222222,9.6888888889	59.595,8.2969444444	59.8561111111,8.2958333333	60.2491666667,8.295	60.2941666667,7.9808333333	60.3075,7.4058333333	60.3633333333,7.1125	60.5444444444,7.1125	60.6722222222,7.1125	61.0,7.6666666667	61.0291666667,7.6833333333
215	999	1504224000	1504238399	27	62.0,8.9044444444	62.0,8.9336111111	62.0,9.1333333333	62.0,9.9325	62.0,10.2563888889	62.0,10.5736111111	62.0,10.6	62.0,10.7719444444	62.0,11.1980555556	62.0,11.2177777778	62.0,11.2333333333	62.0,11.4	62.0,11.4077777778	60.8536111111,11.2611111111	60.7666666667,11.2527777778	60.4291666667,11.025	60.3833333333,10.3166666667	60.4916666667,9.975	60.9208333333,8.5916666667	61.0291666667,7.6833333333	61.1666666667,7.75	61.3,7.6833333333	61.3333333333,7.6666666667	61.5375,7.7791666667	61.8983333333,8.4280555556	62.0,8.825	62.0,8.9044444444
215	999	1504224000	1504238399	28	62.0,11.4077777778	62.0,11.6013888889	62.0,11.6675	62.0,11.9855555556	62.0,12.2166666667	61.9166666667,12.2133333333	61.7847222222,12.2163888889	61.6758333333,12.2166666667	61.6380555556,12.3433333333	61.5666666667,12.5833333333	61.4997222222,12.6677777778	61.3666666667,12.8333333333	61.1513888889,12.7194444444	61.0594444444,12.6811111111	61.0527777778,12.4775	61.0,12.2388888889	60.9188888889,12.2930555556	60.8333333333,12.35	60.7338888889,12.3955555556	60.6422222222,12.5108333333	60.5127777778,12.6066666667	60.3791666667,12.5833333333	60.4038888889,12.3397222222	60.4166666667,11.2083333333	60.4291666667,11.025	60.7666666667,11.2527777778	60.8536111111,11.2611111111	62.0,11.4077777778
215	999	1504224000	1504238399	29	58.8055555556,9.3138888889	59.2486111111,9.9916666667	59.6041666667,10.3	59.95,10.4125	59.9583333333,10.9166666667	59.9625,11.3666666667	59.4736111111,11.1222222222	59.2458333333,10.9138888889	59.2125,10.8833333333	58.9333333333,10.8305555556	58.9066666667,10.7186111111	58.8058333333,10.6080555556	58.7616666667,10.5944444444	58.6969444444,10.5702777778	58.5833333333,10.5294444444	58.5,10.5	58.3658333333,10.2155555556	58.3344444444,10.1488888889	58.3247222222,10.1288888889	58.2680555556,10.01	58.2011111111,9.8711111111	58.1947222222,9.8577777778	58.1605555556,9.7861111111	58.0786111111,9.6166666667	58.0655555556,9.5908333333	58.0333333333,9.525	58.5833333333,9.6666666667	58.7136111111,9.4605555556	58.8055555556,9.3138888889
215	999	1504224000	1504238399	17	59.4,7.5	59.5225,8.0	59.595,8.2969444444	59.9222222222,9.6888888889	59.95,10.4125	59.6041666667,10.3	59.2486111111,9.9916666667	58.8055555556,9.3138888889	58.9652777778,9.0563888889	58.9597222222,8.7811111111	58.9486111111,8.3116666667	58.9263888889,7.5	59.0386111111,7.5	59.1244444444,7.5	59.2247222222,7.5	59.2588888889,7.5	59.4,7.5
