19
115	999	1504288800	1504290599	11	61.3333333333,7.5	61.3333333333,7.6666666667	61.3,7.6833333333	61.1666666667,7.75	61.0291666667,7.6833333333	61.05,7.5	61.2227777778,7.5	61.3083333333,7.5	61.3088888889,7.5	61.3166666667,7.5	61.3333333333,7.5
115	999	1504288800	1504290599	11	61.3333333333,6.8333333333	61.3333333333,7.5	61.3166666667,7.5	61.3088888889,7.5	61.3083333333,7.5	61.2227777778,7.5	61.05,7.5	61.0,7.5	61.0,6.8333333333	61.1666666667,6.5	61.3333333333,6.8333333333
115	999	1504288800	1504290599	5	61.05,7.5	61.0291666667,7.6833333333	61.0,7.6666666667	61.0,7.5	61.05,7.5
85	999	1504288800	1504290599	11	59.6063888889,4.4991666667	59.0961111111,4.6222222222	58.5166666667,2.6	58.7933333333,2.155	59.0358333333,1.7388888889	59.0833333333,1.65	59.2938888889,1.7136111111	59.8794444444,2.065	60.3333333333,1.9933333333	60.2658333333,3.8833333333	59.6063888889,4.4991666667
85	999	1504288800	1504290599	13	61.5286111111,0.0	62.0,0.0	62.5,0.0	63.0,0.0	63.0166666667,0.0	63.0,0.0333333333	63.0,0.5238888889	62.8916666667,0.64	62.3716666667,1.1066666667	61.7366666667,1.5583333333	61.3561111111,1.7883333333	61.3269444444,1.7922222222	61.5286111111,0.0
85	999	1504288800	1504290599	14	59.0833333333,1.65	59.6383333333,0.6691666667	59.9919444444,0.015	60.0,0.0	61.0,0.0	61.2144444444,0.0	61.5,0.0	61.5286111111,0.0	61.3269444444,1.7922222222	60.5308333333,1.955	60.3333333333,1.9933333333	59.8794444444,2.065	59.2938888889,1.7136111111	59.0833333333,1.65
85	999	1504288800	1504290599	6	63.2386111111,0.2627777778	63.0,0.5238888889	63.0,0.0333333333	63.0166666667,0.0	63.25,0.0	63.2386111111,0.2627777778
85	999	1504288800	1504290599	16	63.0713888889,4.075	62.0,5.0	61.7666666667,4.815	61.5333333333,4.6333333333	61.1913888889,2.9963888889	61.3269444444,1.7922222222	61.3561111111,1.7883333333	61.7366666667,1.5583333333	62.3716666667,1.1066666667	62.8916666667,0.64	63.0,0.5238888889	63.2386111111,0.2627777778	63.2122222222,1.0152777778	63.1769444444,1.8186111111	63.1225,2.8930555556	63.0713888889,4.075
85	999	1504288800	1504290599	4	60.25,4.3333333333	59.6063888889,4.4991666667	60.2658333333,3.8833333333	60.25,4.3333333333
85	999	1504288800	1504290599	12	61.1913888889,2.9963888889	61.5333333333,4.6333333333	61.4,4.6011111111	61.0,4.5	60.8333333333,4.4669444444	60.7683333333,4.4516666667	60.6119444444,4.4158333333	60.4897222222,4.3877777778	60.3802777778,4.3627777778	60.25,4.3333333333	60.2658333333,3.8833333333	61.1913888889,2.9963888889
85	999	1504288800	1504290599	6	61.3269444444,1.7922222222	61.1913888889,2.9963888889	60.2658333333,3.8833333333	60.3333333333,1.9933333333	60.5308333333,1.955	61.3269444444,1.7922222222
175	999	1504288800	1504290599	15	59.6063888889,4.4991666667	60.25,4.3333333333	60.3802777778,4.3627777778	60.4897222222,4.3877777778	60.6119444444,4.4158333333	60.7683333333,4.4516666667	60.8333333333,4.4669444444	61.0,4.5	61.0,5.4833333333	60.9775,5.5388888889	60.4869444444,5.1530555556	60.2963888889,5.2213888889	60.0994444444,5.2836111111	60.0375,5.3036111111	59.6063888889,4.4991666667
175	999	1504288800	1504290599	10	60.9775,5.5388888889	60.9075,5.7080555556	60.7161111111,6.0036111111	60.5505555556,5.8597222222	59.8758333333,5.7202777778	60.0375,5.3036111111	60.0994444444,5.2836111111	60.2963888889,5.2213888889	60.4869444444,5.1530555556	60.9775,5.5388888889
175	999	1504288800	1504290599	7	62.4863888889,5.3894444444	62.0,6.645	62.0,6.5	62.0,5.4486111111	62.0,5.3038888889	62.0,5.0	62.4863888889,5.3894444444
175	999	1504288800	1504290599	4	60.7161111111,6.0036111111	60.5497222222,6.0577777778	60.5505555556,5.8597222222	60.7161111111,6.0036111111
175	999	1504288800	1504290599	5	62.0,5.0	62.5,5.0833333333	62.575,5.2536111111	62.4863888889,5.3894444444	62.0,5.0
0	999	1504288800	1504290599	5	63.0713888889,4.075	62.575,5.2536111111	62.5,5.0833333333	62.0,5.0	63.0713888889,4.075
0	999	1504288800	1504290599	27	62.0,6.645	61.5375,7.7791666667	61.3333333333,7.6666666667	61.3333333333,7.5	61.3333333333,6.8333333333	61.1666666667,6.5	61.0,6.8333333333	61.0,7.5	61.0,7.6666666667	60.6722222222,7.1125	60.5444444444,7.1125	60.5497222222,6.0577777778	60.7161111111,6.0036111111	60.9075,5.7080555556	60.9775,5.5388888889	61.0,5.4833333333	61.0,4.5	61.4,4.6011111111	61.4,5.3333333333	61.5833333333,5.5	61.7666666667,5.4	61.7666666667,4.815	62.0,5.0	62.0,5.3038888889	62.0,5.4486111111	62.0,6.5	62.0,6.645
65	999	1504288800	1504290599	7	61.7666666667,4.815	61.7666666667,5.4	61.5833333333,5.5	61.4,5.3333333333	61.4,4.6011111111	61.5333333333,4.6333333333	61.7666666667,4.815
