11
155	999	1504238400	1504241999	9	58.5075,7.89	58.1063888889,7.3825	57.9963888889,7.2411111111	58.1216666667,7.2377777778	58.1591666667,7.25	58.2794444444,7.2894444444	58.4444444444,7.5	58.6119444444,7.7161111111	58.5075,7.89
85	999	1504238400	1504241999	17	58.3636111111,5.9180555556	57.0,6.0	57.0,5.9666666667	57.0,5.77	57.0,5.6908333333	57.0,5.6	57.0,5.5791666667	57.0,5.5075	57.0,5.175	57.0,5.0	57.3333333333,4.4994444444	57.57,4.1369444444	57.6233333333,4.0513888889	58.4883333333,4.6897222222	58.5277777778,4.8533333333	58.3544444444,5.1997222222	58.3636111111,5.9180555556
85	999	1504238400	1504241999	7	58.4883333333,4.6897222222	57.6233333333,4.0513888889	57.9075,3.6083333333	57.9213888889,3.5863888889	58.1766666667,3.1608333333	58.4263888889,4.4325	58.4883333333,4.6897222222
85	999	1504238400	1504241999	10	59.0961111111,4.6222222222	58.8966666667,4.6694444444	58.6361111111,4.8002777778	58.4883333333,4.6897222222	58.4263888889,4.4325	58.1766666667,3.1608333333	58.3,3.0	58.39,2.8288888889	58.5166666667,2.6	59.0961111111,4.6222222222
85	999	1504238400	1504241999	4	58.6361111111,4.8002777778	58.5277777778,4.8533333333	58.4883333333,4.6897222222	58.6361111111,4.8002777778
175	999	1504238400	1504241999	13	60.0375,5.3036111111	59.8758333333,5.7202777778	59.6852777778,6.2066666667	59.3847222222,6.3716666667	58.8502777778,6.6597222222	58.7355555556,6.7211111111	58.3672222222,6.3211111111	58.3636111111,5.9180555556	58.6361111111,4.8002777778	58.8966666667,4.6694444444	59.0961111111,4.6222222222	59.6063888889,4.4991666667	60.0375,5.3036111111
175	999	1504238400	1504241999	5	58.3636111111,5.9180555556	58.3544444444,5.1997222222	58.5277777778,4.8533333333	58.6361111111,4.8002777778	58.3636111111,5.9180555556
0	999	1504238400	1504241999	4	57.5666666667,6.7019444444	57.3030555556,6.3744444444	57.5666666667,6.2738888889	57.5666666667,6.7019444444
0	999	1504238400	1504241999	11	58.9263888889,7.5	58.8727777778,7.5	58.7416666667,7.5	58.6119444444,7.7161111111	58.4444444444,7.5	58.2794444444,7.2894444444	58.1591666667,7.25	58.3672222222,6.3211111111	58.7355555556,6.7211111111	58.8502777778,6.6597222222	58.9263888889,7.5
0	999	1504238400	1504241999	5	58.3636111111,5.9180555556	57.5666666667,6.2738888889	57.3030555556,6.3744444444	57.0,6.0	58.3636111111,5.9180555556
0	999	1504238400	1504241999	11	58.3636111111,5.9180555556	58.3672222222,6.3211111111	58.1591666667,7.25	58.1216666667,7.2377777778	57.9963888889,7.2411111111	57.9572222222,7.1916666667	57.7288888889,6.9047222222	57.6291666667,6.7833333333	57.5666666667,6.7019444444	57.5666666667,6.2738888889	58.3636111111,5.9180555556
