33
115	999	1504296000	1504310399	11	61.3333333333,7.5	61.3333333333,7.6666666667	61.3,7.6833333333	61.1666666667,7.75	61.0291666667,7.6833333333	61.05,7.5	61.2227777778,7.5	61.3083333333,7.5	61.3088888889,7.5	61.3166666667,7.5	61.3333333333,7.5
115	999	1504296000	1504310399	11	61.3333333333,6.8333333333	61.3333333333,7.5	61.3166666667,7.5	61.3088888889,7.5	61.3083333333,7.5	61.2227777778,7.5	61.05,7.5	61.0,7.5	61.0,6.8333333333	61.1666666667,6.5	61.3333333333,6.8333333333
115	999	1504296000	1504310399	5	61.05,7.5	61.0291666667,7.6833333333	61.0,7.6666666667	61.0,7.5	61.05,7.5
0	999	1504296000	1504310399	11	60.5444444444,7.1125	60.3633333333,7.1125	60.3075,7.4058333333	60.2941666667,7.9808333333	60.2491666667,8.295	59.8561111111,8.2958333333	59.8008333333,7.5027777778	59.6852777778,6.2066666667	59.95,6.25	60.5497222222,6.0577777778	60.5444444444,7.1125
0	999	1504296000	1504310399	14	59.6852777778,6.2066666667	59.8008333333,7.5027777778	59.8561111111,8.2958333333	59.595,8.2969444444	59.5225,8.0	59.4,7.5	59.2588888889,7.5	59.2247222222,7.5	59.1244444444,7.5	59.0386111111,7.5	58.9263888889,7.5	58.8502777778,6.6597222222	59.3847222222,6.3716666667	59.6852777778,6.2066666667
0	999	1504296000	1504310399	4	57.5666666667,6.7019444444	57.3030555556,6.3744444444	57.5666666667,6.2738888889	57.5666666667,6.7019444444
0	999	1504296000	1504310399	11	58.9263888889,7.5	58.8727777778,7.5	58.7416666667,7.5	58.6119444444,7.7161111111	58.4444444444,7.5	58.2794444444,7.2894444444	58.1591666667,7.25	58.3672222222,6.3211111111	58.7355555556,6.7211111111	58.8502777778,6.6597222222	58.9263888889,7.5
0	999	1504296000	1504310399	5	63.0713888889,4.075	62.575,5.2536111111	62.5,5.0833333333	62.0,5.0	63.0713888889,4.075
0	999	1504296000	1504310399	11	58.3636111111,5.9180555556	58.3672222222,6.3211111111	58.1591666667,7.25	58.1216666667,7.2377777778	57.9963888889,7.2411111111	57.9572222222,7.1916666667	57.7288888889,6.9047222222	57.6291666667,6.7833333333	57.5666666667,6.7019444444	57.5666666667,6.2738888889	58.3636111111,5.9180555556
0	999	1504296000	1504310399	5	58.3636111111,5.9180555556	57.5666666667,6.2738888889	57.3030555556,6.3744444444	57.0,6.0	58.3636111111,5.9180555556
0	999	1504296000	1504310399	27	62.0,6.645	61.5375,7.7791666667	61.3333333333,7.6666666667	61.3333333333,7.5	61.3333333333,6.8333333333	61.1666666667,6.5	61.0,6.8333333333	61.0,7.5	61.0,7.6666666667	60.6722222222,7.1125	60.5444444444,7.1125	60.5497222222,6.0577777778	60.7161111111,6.0036111111	60.9075,5.7080555556	60.9775,5.5388888889	61.0,5.4833333333	61.0,4.5	61.4,4.6011111111	61.4,5.3333333333	61.5833333333,5.5	61.7666666667,5.4	61.7666666667,4.815	62.0,5.0	62.0,5.3038888889	62.0,5.4486111111	62.0,6.5	62.0,6.645
155	999	1504296000	1504310399	9	58.5075,7.89	58.1063888889,7.3825	57.9963888889,7.2411111111	58.1216666667,7.2377777778	58.1591666667,7.25	58.2794444444,7.2894444444	58.4444444444,7.5	58.6119444444,7.7161111111	58.5075,7.89
175	999	1504296000	1504310399	15	59.6063888889,4.4991666667	60.25,4.3333333333	60.3802777778,4.3627777778	60.4897222222,4.3877777778	60.6119444444,4.4158333333	60.7683333333,4.4516666667	60.8333333333,4.4669444444	61.0,4.5	61.0,5.4833333333	60.9775,5.5388888889	60.4869444444,5.1530555556	60.2963888889,5.2213888889	60.0994444444,5.2836111111	60.0375,5.3036111111	59.6063888889,4.4991666667
175	999	1504296000	1504310399	10	60.9775,5.5388888889	60.9075,5.7080555556	60.7161111111,6.0036111111	60.5505555556,5.8597222222	59.8758333333,5.7202777778	60.0375,5.3036111111	60.0994444444,5.2836111111	60.2963888889,5.2213888889	60.4869444444,5.1530555556	60.9775,5.5388888889
175	999	1504296000	1504310399	13	60.0375,5.3036111111	59.8758333333,5.7202777778	59.6852777778,6.2066666667	59.3847222222,6.3716666667	58.8502777778,6.6597222222	58.7355555556,6.7211111111	58.3672222222,6.3211111111	58.3636111111,5.9180555556	58.6361111111,4.8002777778	58.8966666667,4.6694444444	59.0961111111,4.6222222222	59.6063888889,4.4991666667	60.0375,5.3036111111
175	999	1504296000	1504310399	6	60.5497222222,6.0577777778	59.95,6.25	59.6852777778,6.2066666667	59.8758333333,5.7202777778	60.5505555556,5.8597222222	60.5497222222,6.0577777778
175	999	1504296000	1504310399	5	62.0,5.0	62.5,5.0833333333	62.575,5.2536111111	62.4863888889,5.3894444444	62.0,5.0
175	999	1504296000	1504310399	4	60.7161111111,6.0036111111	60.5497222222,6.0577777778	60.5505555556,5.8597222222	60.7161111111,6.0036111111
175	999	1504296000	1504310399	7	62.4863888889,5.3894444444	62.0,6.645	62.0,6.5	62.0,5.4486111111	62.0,5.3038888889	62.0,5.0	62.4863888889,5.3894444444
175	999	1504296000	1504310399	5	58.3636111111,5.9180555556	58.3544444444,5.1997222222	58.5277777778,4.8533333333	58.6361111111,4.8002777778	58.3636111111,5.9180555556
65	999	1504296000	1504310399	7	61.7666666667,4.815	61.7666666667,5.4	61.5833333333,5.5	61.4,5.3333333333	61.4,4.6011111111	61.5333333333,4.6333333333	61.7666666667,4.815
85	999	1504296000	1504310399	11	59.6063888889,4.4991666667	59.0961111111,4.6222222222	58.5166666667,2.6	58.7933333333,2.155	59.0358333333,1.7388888889	59.0833333333,1.65	59.2938888889,1.7136111111	59.8794444444,2.065	60.3333333333,1.9933333333	60.2658333333,3.8833333333	59.6063888889,4.4991666667
85	999	1504296000	1504310399	10	59.0961111111,4.6222222222	58.8966666667,4.6694444444	58.6361111111,4.8002777778	58.4883333333,4.6897222222	58.4263888889,4.4325	58.1766666667,3.1608333333	58.3,3.0	58.39,2.8288888889	58.5166666667,2.6	59.0961111111,4.6222222222
85	999	1504296000	1504310399	13	61.5286111111,0.0	62.0,0.0	62.5,0.0	63.0,0.0	63.0166666667,0.0	63.0,0.0333333333	63.0,0.5238888889	62.8916666667,0.64	62.3716666667,1.1066666667	61.7366666667,1.5583333333	61.3561111111,1.7883333333	61.3269444444,1.7922222222	61.5286111111,0.0
85	999	1504296000	1504310399	14	59.0833333333,1.65	59.6383333333,0.6691666667	59.9919444444,0.015	60.0,0.0	61.0,0.0	61.2144444444,0.0	61.5,0.0	61.5286111111,0.0	61.3269444444,1.7922222222	60.5308333333,1.955	60.3333333333,1.9933333333	59.8794444444,2.065	59.2938888889,1.7136111111	59.0833333333,1.65
85	999	1504296000	1504310399	6	63.2386111111,0.2627777778	63.0,0.5238888889	63.0,0.0333333333	63.0166666667,0.0	63.25,0.0	63.2386111111,0.2627777778
85	999	1504296000	1504310399	4	58.6361111111,4.8002777778	58.5277777778,4.8533333333	58.4883333333,4.6897222222	58.6361111111,4.8002777778
85	999	1504296000	1504310399	17	58.3636111111,5.9180555556	57.0,6.0	57.0,5.9666666667	57.0,5.77	57.0,5.6908333333	57.0,5.6	57.0,5.5791666667	57.0,5.5075	57.0,5.175	57.0,5.0	57.3333333333,4.4994444444	57.57,4.1369444444	57.6233333333,4.0513888889	58.4883333333,4.6897222222	58.5277777778,4.8533333333	58.3544444444,5.1997222222	58.3636111111,5.9180555556
85	999	1504296000	1504310399	16	63.0713888889,4.075	62.0,5.0	61.7666666667,4.815	61.5333333333,4.6333333333	61.1913888889,2.9963888889	61.3269444444,1.7922222222	61.3561111111,1.7883333333	61.7366666667,1.5583333333	62.3716666667,1.1066666667	62.8916666667,0.64	63.0,0.5238888889	63.2386111111,0.2627777778	63.2122222222,1.0152777778	63.1769444444,1.8186111111	63.1225,2.8930555556	63.0713888889,4.075
85	999	1504296000	1504310399	4	60.25,4.3333333333	59.6063888889,4.4991666667	60.2658333333,3.8833333333	60.25,4.3333333333
85	999	1504296000	1504310399	12	61.1913888889,2.9963888889	61.5333333333,4.6333333333	61.4,4.6011111111	61.0,4.5	60.8333333333,4.4669444444	60.7683333333,4.4516666667	60.6119444444,4.4158333333	60.4897222222,4.3877777778	60.3802777778,4.3627777778	60.25,4.3333333333	60.2658333333,3.8833333333	61.1913888889,2.9963888889
85	999	1504296000	1504310399	7	58.4883333333,4.6897222222	57.6233333333,4.0513888889	57.9075,3.6083333333	57.9213888889,3.5863888889	58.1766666667,3.1608333333	58.4263888889,4.4325	58.4883333333,4.6897222222
85	999	1504296000	1504310399	6	61.3269444444,1.7922222222	61.1913888889,2.9963888889	60.2658333333,3.8833333333	60.3333333333,1.9933333333	60.5308333333,1.955	61.3269444444,1.7922222222
