41
245	285	1504224000	1504231199	26	52.5333333333,19.1583333333	52.6516666667,18.1730555556	52.6711111111,18.0	52.7133333333,17.6244444444	52.8211111111,17.6786111111	52.9433333333,17.8041666667	53.2158333333,18.2408333333	53.2627777778,18.3377777778	53.2911111111,18.6627777778	53.3180555556,18.7430555556	53.4391666667,19.4091666667	53.4688888889,19.6183333333	53.5033333333,19.8625	53.5033333333,19.8627777778	53.5097222222,19.9086111111	53.5522222222,20.2166666667	53.5641666667,20.3055555556	53.3347222222,20.4363888889	53.0,20.5	52.7891666667,20.3766666667	52.7636111111,20.3616666667	52.6705555556,20.3222222222	52.4622222222,19.7941666667	52.4647222222,19.7666666667	52.4688888889,19.7288888889	52.5333333333,19.1583333333
245	285	1504224000	1504231199	26	49.93,21.1752777778	50.1725,20.9863888889	50.5116666667,20.4711111111	50.5475,20.3441666667	50.5577777778,20.3044444444	50.5830555556,20.2188888889	50.5969444444,20.1677777778	50.6316666667,20.1477777778	50.715,20.1072222222	51.0152777778,19.9519444444	51.0127777778,19.9111111111	50.9975,19.6533333333	50.9869444444,19.4855555556	50.9452777778,18.855	51.0727777778,19.1269444444	51.35,19.7516666667	51.4675,20.1369444444	51.4958333333,20.2297222222	51.5,21.2636111111	51.2369444444,21.2877777778	51.2183333333,21.2875	51.1525,21.2888888889	50.4319444444,21.3544444444	50.1994444444,21.3491666667	50.0919444444,21.29	49.93,21.1752777778
245	285	1504224000	1504231199	39	50.3252777778,16.4258333333	50.3827777778,16.3061111111	50.4352777778,16.1986111111	50.575,16.4166666667	50.5875,16.4408333333	50.6252777778,16.1858333333	50.6505555556,16.0852777778	50.7541666667,15.6738888889	50.7808333333,15.5244444444	50.8077777778,15.3738888889	50.8080555556,15.3738888889	50.8608333333,15.3366666667	50.9980555556,15.24	51.0138888889,15.0947222222	51.0,15.0	50.9961111111,14.9741666667	50.9905555556,14.9169444444	51.1183333333,14.9902777778	51.2030555556,15.0105555556	51.4069444444,14.9616666667	51.5,15.0	51.6005555556,16.0047222222	51.7102777778,17.2391666667	50.6877777778,18.4577777778	50.6533333333,18.4116666667	50.5261111111,18.2475	50.4655555556,18.1913888889	50.3755555556,18.1086111111	50.3327777778,17.9238888889	50.3894444444,17.7247222222	50.3261111111,17.6966666667	50.2727777778,17.6347222222	50.2688888889,17.4675	50.255,17.4491666667	50.3022222222,17.3505555556	50.375,17.1988888889	50.4480555556,16.9044444444	50.3080555556,16.9733333333	50.3252777778,16.4258333333
195	365	1504224000	1504231199	24	52.9808333333,15.5583333333	53.2063888889,16.8255555556	52.7133333333,17.6244444444	52.3866666667,17.2466666667	51.7102777778,17.2391666667	51.6005555556,16.0047222222	51.5,15.0	51.5830555556,14.7380555556	51.6986111111,14.7144444444	51.75,14.6666666667	51.8,14.6166666667	51.8333333333,14.6333333333	51.9030555556,14.6752777778	52.0583333333,14.7555555556	52.1386111111,14.6802777778	52.2091666667,14.6591666667	52.2938888889,14.5788888889	52.4,14.5388888889	52.5386111111,14.6397222222	52.6016666667,14.6083333333	52.6316666667,14.5258333333	52.7286111111,14.3738888889	52.8627777778,15.0	52.9808333333,15.5583333333
135	365	1504224000	1504231199	8	53.7927777778,14.5952777778	53.6913888889,14.5591666667	53.6844444444,14.2786111111	53.7377777778,14.29	53.7594444444,14.2755555556	53.8530555556,14.2277777778	53.8375,14.3241666667	53.7927777778,14.5952777778
135	365	1504224000	1504231199	14	53.7658333333,14.9127777778	53.7577777778,14.9977777778	53.7397222222,15.1922222222	53.7344444444,15.2427777778	53.7205555556,15.3908333333	53.5486111111,15.5044444444	53.4686111111,15.5563888889	53.3002777778,15.5194444444	53.2608333333,15.3755555556	53.3088888889,14.9663888889	53.3316666667,15.2027777778	53.4197222222,15.4525	53.59,15.4069444444	53.7658333333,14.9127777778
135	365	1504224000	1504231199	16	53.7927777778,14.5952777778	53.7963888889,14.6791666667	53.7863888889,14.6727777778	53.7,14.6175	53.6052777778,14.6044444444	53.3088888889,14.9663888889	53.1777777778,14.3775	53.2758333333,14.41	53.3333333333,14.4166666667	53.3580555556,14.405	53.3780555556,14.3886111111	53.5077777778,14.3258333333	53.6444444444,14.3136111111	53.6844444444,14.2786111111	53.6913888889,14.5591666667	53.7927777778,14.5952777778
135	365	1504224000	1504231199	11	53.7863888889,14.6727777778	53.7963888889,14.6791666667	53.8,14.7616666667	53.7658333333,14.9127777778	53.59,15.4069444444	53.4197222222,15.4525	53.3316666667,15.2027777778	53.3088888889,14.9663888889	53.6052777778,14.6044444444	53.7,14.6175	53.7863888889,14.6727777778
95	365	1504224000	1504231199	12	54.2625,15.0558333333	53.7658333333,14.9127777778	53.8,14.7616666667	53.7963888889,14.6791666667	53.7927777778,14.5952777778	53.8375,14.3241666667	53.8530555556,14.2277777778	53.9294444444,14.2283333333	54.0516666667,14.2233333333	54.1666666667,14.2597222222	54.3333333333,14.2805555556	54.2625,15.0558333333
95	365	1504224000	1504231199	18	54.2625,15.0558333333	54.3852777778,15.3961111111	54.5316666667,15.5533333333	53.6019444444,17.0819444444	53.2063888889,16.8255555556	52.9808333333,15.5583333333	52.8627777778,15.0	53.3088888889,14.9663888889	53.2608333333,15.3755555556	53.3002777778,15.5194444444	53.4686111111,15.5563888889	53.5486111111,15.5044444444	53.7205555556,15.3908333333	53.7344444444,15.2427777778	53.7397222222,15.1922222222	53.7577777778,14.9977777778	53.7658333333,14.9127777778	54.2625,15.0558333333
95	365	1504224000	1504231199	8	53.3088888889,14.9663888889	52.8627777778,15.0	52.7286111111,14.3738888889	52.815,14.2208333333	52.9061111111,14.1566666667	53.1666666667,14.3333333333	53.1777777778,14.3775	53.3088888889,14.9663888889
365	999	1504224000	1504231199	23	54.1541666667,18.3161111111	54.1269444444,17.5341666667	54.1227777778,17.4097222222	54.515,16.6477777778	54.9166666667,15.8666666667	55.0,16.0	55.0336111111,16.0708333333	55.1333333333,16.2333333333	55.2208333333,17.3769444444	55.225,17.475	55.2269444444,17.5136111111	55.3019444444,18.3883333333	55.2963888889,18.3916666667	55.2902777778,18.4011111111	55.2586111111,18.4480555556	54.9461111111,18.9041666667	54.9127777778,18.9583333333	54.8944444444,18.9941666667	54.875,19.0069444444	54.75,19.1983333333	54.7044444444,19.2569444444	54.4016666667,18.9927777778	54.1541666667,18.3161111111
365	999	1504224000	1504231199	8	53.7927777778,14.5952777778	53.6913888889,14.5591666667	53.6844444444,14.2786111111	53.7377777778,14.29	53.7594444444,14.2755555556	53.8530555556,14.2277777778	53.8375,14.3241666667	53.7927777778,14.5952777778
365	999	1504224000	1504231199	11	51.7102777778,17.2391666667	51.73,17.3988888889	51.75,17.6783333333	51.7694444444,17.9444444444	51.7855555556,18.17	51.0727777778,19.1269444444	50.9452777778,18.855	50.8944444444,18.7383333333	50.7152777778,18.4947222222	50.6877777778,18.4577777778	51.7102777778,17.2391666667
365	999	1504224000	1504231199	30	52.5333333333,19.1583333333	52.6516666667,18.1730555556	52.6711111111,18.0	52.7133333333,17.6244444444	53.2063888889,16.8255555556	53.6019444444,17.0819444444	54.1227777778,17.4097222222	54.1269444444,17.5341666667	54.1541666667,18.3161111111	54.4016666667,18.9927777778	54.7044444444,19.2569444444	54.675,19.2933333333	54.6377777778,19.3555555556	54.6030555556,19.4047222222	54.5727777778,19.4538888889	54.4975,19.5758333333	54.4477777778,19.6541666667	54.4425,19.8683333333	54.4263888889,20.0	53.6561111111,20.2833333333	53.5641666667,20.3055555556	53.3347222222,20.4363888889	53.0,20.5	52.7891666667,20.3766666667	52.7636111111,20.3616666667	52.6705555556,20.3222222222	52.4622222222,19.7941666667	52.4647222222,19.7666666667	52.4688888889,19.7288888889	52.5333333333,19.1583333333
365	999	1504224000	1504231199	8	53.3088888889,14.9663888889	52.8627777778,15.0	52.7286111111,14.3738888889	52.815,14.2208333333	52.9061111111,14.1566666667	53.1666666667,14.3333333333	53.1777777778,14.3775	53.3088888889,14.9663888889
365	999	1504224000	1504231199	20	53.0,20.5	53.3347222222,20.4363888889	53.5641666667,20.3055555556	53.6561111111,20.2833333333	54.4263888889,20.0	54.3997222222,20.2805555556	54.3666666667,20.5	54.3683333333,20.6983333333	54.3333333333,21.4666666667	54.3333333333,22.175	54.3633333333,22.7919444444	54.4216666667,22.8741666667	54.3075,23.0591666667	54.1944444444,23.4069444444	53.9333333333,23.7416666667	53.8297222222,23.5530555556	53.5927777778,23.6297222222	53.3811111111,23.7672222222	53.2941666667,22.9291666667	53.0,20.5
365	999	1504224000	1504231199	9	54.1227777778,17.4097222222	53.6019444444,17.0819444444	54.5316666667,15.5533333333	54.6063888889,15.6338888889	54.685,15.7191666667	54.7308333333,15.7480555556	54.9166666667,15.8666666667	54.515,16.6477777778	54.1227777778,17.4097222222
365	999	1504224000	1504231199	18	54.2625,15.0558333333	54.3852777778,15.3961111111	54.5316666667,15.5533333333	53.6019444444,17.0819444444	53.2063888889,16.8255555556	52.9808333333,15.5583333333	52.8627777778,15.0	53.3088888889,14.9663888889	53.2608333333,15.3755555556	53.3002777778,15.5194444444	53.4686111111,15.5563888889	53.5486111111,15.5044444444	53.7205555556,15.3908333333	53.7344444444,15.2427777778	53.7397222222,15.1922222222	53.7577777778,14.9977777778	53.7658333333,14.9127777778	54.2625,15.0558333333
365	999	1504224000	1504231199	14	53.7658333333,14.9127777778	53.7577777778,14.9977777778	53.7397222222,15.1922222222	53.7344444444,15.2427777778	53.7205555556,15.3908333333	53.5486111111,15.5044444444	53.4686111111,15.5563888889	53.3002777778,15.5194444444	53.2608333333,15.3755555556	53.3088888889,14.9663888889	53.3316666667,15.2027777778	53.4197222222,15.4525	53.59,15.4069444444	53.7658333333,14.9127777778
365	999	1504224000	1504231199	24	52.9808333333,15.5583333333	53.2063888889,16.8255555556	52.7133333333,17.6244444444	52.3866666667,17.2466666667	51.7102777778,17.2391666667	51.6005555556,16.0047222222	51.5,15.0	51.5830555556,14.7380555556	51.6986111111,14.7144444444	51.75,14.6666666667	51.8,14.6166666667	51.8333333333,14.6333333333	51.9030555556,14.6752777778	52.0583333333,14.7555555556	52.1386111111,14.6802777778	52.2091666667,14.6591666667	52.2938888889,14.5788888889	52.4,14.5388888889	52.5386111111,14.6397222222	52.6016666667,14.6083333333	52.6316666667,14.5258333333	52.7286111111,14.3738888889	52.8627777778,15.0	52.9808333333,15.5583333333
365	999	1504224000	1504231199	16	52.6516666667,18.1730555556	52.5333333333,19.1583333333	52.4688888889,19.7288888889	52.4647222222,19.7666666667	52.4622222222,19.7941666667	52.4519444444,19.8091666667	52.2841666667,20.0536111111	52.1066666667,20.3202777778	51.8091666667,20.2758333333	51.7511111111,20.2666666667	51.4958333333,20.2297222222	51.4675,20.1369444444	51.35,19.7516666667	51.0727777778,19.1269444444	51.7855555556,18.17	52.6516666667,18.1730555556
365	999	1504224000	1504231199	39	50.255,17.4491666667	50.3022222222,17.3505555556	50.375,17.1988888889	50.4480555556,16.9044444444	50.3080555556,16.9733333333	50.3252777778,16.4258333333	50.3827777778,16.3061111111	50.4352777778,16.1986111111	50.575,16.4166666667	50.5875,16.4408333333	50.6252777778,16.1858333333	50.6505555556,16.0852777778	50.7541666667,15.6738888889	50.7808333333,15.5244444444	50.8077777778,15.3738888889	50.8080555556,15.3738888889	50.8608333333,15.3366666667	50.9980555556,15.24	51.0138888889,15.0947222222	51.0,15.0	50.9961111111,14.9741666667	50.9905555556,14.9169444444	51.1183333333,14.9902777778	51.2030555556,15.0105555556	51.4069444444,14.9616666667	51.5,15.0	51.6005555556,16.0047222222	51.7102777778,17.2391666667	50.6877777778,18.4577777778	50.3488888889,18.2738888889	50.0477777778,18.0977777778	50.0266666667,18.0969444444	50.0533333333,18.005	50.0730555556,17.7508333333	50.0966666667,17.7080555556	50.1116666667,17.6805555556	50.1533333333,17.6041666667	50.1597222222,17.5925	50.255,17.4491666667
365	999	1504224000	1504231199	49	49.1963888889,19.8516666667	49.3036111111,19.7997222222	49.3763888889,19.7916666667	49.4277777778,19.6361111111	49.455,19.6466666667	49.6116666667,19.4694444444	49.53,19.2594444444	49.4136111111,19.2	49.3902777778,18.9811111111	49.5111111111,18.9619444444	49.5169444444,18.8508333333	49.6652777778,18.8061111111	49.7202777778,18.6286111111	49.8475,18.5727777778	49.8802777778,18.5652777778	49.9108333333,18.4691666667	49.9919444444,18.2111111111	50.0266666667,18.0969444444	50.0477777778,18.0977777778	50.3488888889,18.2738888889	50.6877777778,18.4577777778	50.7152777778,18.4947222222	50.8944444444,18.7383333333	50.9452777778,18.855	51.0727777778,19.1269444444	51.35,19.7516666667	51.4675,20.1369444444	51.4958333333,20.2297222222	51.5,21.2636111111	51.2369444444,21.2877777778	51.2183333333,21.2875	51.1525,21.2888888889	50.4319444444,21.3544444444	50.1994444444,21.3491666667	50.0919444444,21.29	49.93,21.1752777778	49.8469444444,21.2188888889	49.7294444444,21.1841666667	49.4891666667,21.195	49.4083333333,21.1986111111	49.3675,21.0955555556	49.3363888889,21.0102777778	49.2919444444,20.9330555556	49.4175,20.7022222222	49.3497222222,20.2552777778	49.3136111111,20.1752777778	49.22,20.1	49.2222222222,20.0	49.1963888889,19.8516666667
365	999	1504224000	1504231199	16	53.7927777778,14.5952777778	53.7963888889,14.6791666667	53.7863888889,14.6727777778	53.7,14.6175	53.6052777778,14.6044444444	53.3088888889,14.9663888889	53.1777777778,14.3775	53.2758333333,14.41	53.3333333333,14.4166666667	53.3580555556,14.405	53.3780555556,14.3886111111	53.5077777778,14.3258333333	53.6444444444,14.3136111111	53.6844444444,14.2786111111	53.6913888889,14.5591666667	53.7927777778,14.5952777778
365	999	1504224000	1504231199	11	53.7863888889,14.6727777778	53.7963888889,14.6791666667	53.8,14.7616666667	53.7658333333,14.9127777778	53.59,15.4069444444	53.4197222222,15.4525	53.3316666667,15.2027777778	53.3088888889,14.9663888889	53.6052777778,14.6044444444	53.7,14.6175	53.7863888889,14.6727777778
365	999	1504224000	1504231199	10	52.7133333333,17.6244444444	52.6711111111,18.0	52.6516666667,18.1730555556	51.7855555556,18.17	51.7694444444,17.9444444444	51.75,17.6783333333	51.73,17.3988888889	51.7102777778,17.2391666667	52.3866666667,17.2466666667	52.7133333333,17.6244444444
365	999	1504224000	1504231199	12	54.2625,15.0558333333	53.7658333333,14.9127777778	53.8,14.7616666667	53.7963888889,14.6791666667	53.7927777778,14.5952777778	53.8375,14.3241666667	53.8530555556,14.2277777778	53.9294444444,14.2283333333	54.0516666667,14.2233333333	54.1666666667,14.2597222222	54.3333333333,14.2805555556	54.2625,15.0558333333
365	999	1504224000	1504231199	50	49.0,22.7666666667	49.0886111111,22.5666666667	49.4127777778,21.4391666667	49.4486111111,21.3333333333	49.4194444444,21.2269444444	49.4083333333,21.1986111111	49.4891666667,21.195	49.7294444444,21.1841666667	49.8469444444,21.2188888889	49.93,21.1752777778	50.0919444444,21.29	50.1994444444,21.3491666667	50.4319444444,21.3544444444	51.1525,21.2888888889	51.2183333333,21.2875	51.2369444444,21.2877777778	51.5,21.2636111111	51.5383333333,21.3294444444	51.5694444444,21.3777777778	51.5769444444,21.3908333333	51.6111111111,21.4505555556	51.6213888889,21.4686111111	51.6366666667,21.4955555556	51.7394444444,21.6736111111	51.745,21.6855555556	51.8025,21.7847222222	51.9794444444,22.1527777778	52.1880555556,23.4044444444	52.1161111111,23.5519444444	52.0163888889,23.6647222222	51.7669444444,23.5902777778	51.7230555556,23.5430555556	51.6666666667,23.5594444444	51.5,23.6166666667	51.3027777778,23.6458333333	50.8333333333,24.1	50.6677777778,24.0502777778	50.5033333333,24.065	50.4041666667,23.8255555556	50.2211111111,23.4852777778	50.0216666667,23.2119444444	49.9658333333,23.1383333333	49.8883333333,23.0583333333	49.8088888889,22.94	49.5677777778,22.6544444444	49.5047222222,22.6561111111	49.21,22.7366666667	49.2055555556,22.7380555556	49.0888888889,22.8333333333	49.0,22.7666666667
365	999	1504224000	1504231199	36	51.5,21.2636111111	51.4958333333,20.2297222222	51.7511111111,20.2666666667	51.8091666667,20.2758333333	52.1066666667,20.3202777778	52.2841666667,20.0536111111	52.4519444444,19.8091666667	52.4622222222,19.7941666667	52.6705555556,20.3222222222	52.7636111111,20.3616666667	52.7891666667,20.3766666667	53.0,20.5	53.2941666667,22.9291666667	53.3811111111,23.7672222222	53.1780555556,23.8941666667	53.1777777778,23.8941666667	53.0,23.9833333333	52.8513888889,23.9219444444	52.8511111111,23.9219444444	52.8277777778,23.9333333333	52.7833333333,23.9333333333	52.2416666667,23.1666666667	52.2277777778,23.2086111111	52.2277777778,23.2088888889	52.1880555556,23.4044444444	51.9794444444,22.1527777778	51.8025,21.7847222222	51.745,21.6855555556	51.7394444444,21.6736111111	51.6366666667,21.4955555556	51.6213888889,21.4686111111	51.6111111111,21.4505555556	51.5769444444,21.3908333333	51.5694444444,21.3777777778	51.5383333333,21.3294444444	51.5,21.2636111111
115	365	1504224000	1504231199	20	53.0,20.5	53.3347222222,20.4363888889	53.5641666667,20.3055555556	53.6561111111,20.2833333333	54.4263888889,20.0	54.3997222222,20.2805555556	54.3666666667,20.5	54.3683333333,20.6983333333	54.3333333333,21.4666666667	54.3333333333,22.175	54.3633333333,22.7919444444	54.4216666667,22.8741666667	54.3075,23.0591666667	54.1944444444,23.4069444444	53.9333333333,23.7416666667	53.8297222222,23.5530555556	53.5927777778,23.6297222222	53.3811111111,23.7672222222	53.2941666667,22.9291666667	53.0,20.5
285	365	1504224000	1504231199	39	50.255,17.4491666667	50.3022222222,17.3505555556	50.375,17.1988888889	50.4480555556,16.9044444444	50.3080555556,16.9733333333	50.3252777778,16.4258333333	50.3827777778,16.3061111111	50.4352777778,16.1986111111	50.575,16.4166666667	50.5875,16.4408333333	50.6252777778,16.1858333333	50.6505555556,16.0852777778	50.7541666667,15.6738888889	50.7808333333,15.5244444444	50.8077777778,15.3738888889	50.8080555556,15.3738888889	50.8608333333,15.3366666667	50.9980555556,15.24	51.0138888889,15.0947222222	51.0,15.0	50.9961111111,14.9741666667	50.9905555556,14.9169444444	51.1183333333,14.9902777778	51.2030555556,15.0105555556	51.4069444444,14.9616666667	51.5,15.0	51.6005555556,16.0047222222	51.7102777778,17.2391666667	50.6877777778,18.4577777778	50.3488888889,18.2738888889	50.0477777778,18.0977777778	50.0266666667,18.0969444444	50.0533333333,18.005	50.0730555556,17.7508333333	50.0966666667,17.7080555556	50.1116666667,17.6805555556	50.1533333333,17.6041666667	50.1597222222,17.5925	50.255,17.4491666667
285	365	1504224000	1504231199	9	54.1227777778,17.4097222222	53.6019444444,17.0819444444	54.5316666667,15.5533333333	54.6063888889,15.6338888889	54.685,15.7191666667	54.7308333333,15.7480555556	54.9166666667,15.8666666667	54.515,16.6477777778	54.1227777778,17.4097222222
285	365	1504224000	1504231199	49	49.1963888889,19.8516666667	49.3036111111,19.7997222222	49.3763888889,19.7916666667	49.4277777778,19.6361111111	49.455,19.6466666667	49.6116666667,19.4694444444	49.53,19.2594444444	49.4136111111,19.2	49.3902777778,18.9811111111	49.5111111111,18.9619444444	49.5169444444,18.8508333333	49.6652777778,18.8061111111	49.7202777778,18.6286111111	49.8475,18.5727777778	49.8802777778,18.5652777778	49.9108333333,18.4691666667	49.9919444444,18.2111111111	50.0266666667,18.0969444444	50.0477777778,18.0977777778	50.3488888889,18.2738888889	50.6877777778,18.4577777778	50.7152777778,18.4947222222	50.8944444444,18.7383333333	50.9452777778,18.855	51.0727777778,19.1269444444	51.35,19.7516666667	51.4675,20.1369444444	51.4958333333,20.2297222222	51.5,21.2636111111	51.2369444444,21.2877777778	51.2183333333,21.2875	51.1525,21.2888888889	50.4319444444,21.3544444444	50.1994444444,21.3491666667	50.0919444444,21.29	49.93,21.1752777778	49.8469444444,21.2188888889	49.7294444444,21.1841666667	49.4891666667,21.195	49.4083333333,21.1986111111	49.3675,21.0955555556	49.3363888889,21.0102777778	49.2919444444,20.9330555556	49.4175,20.7022222222	49.3497222222,20.2552777778	49.3136111111,20.1752777778	49.22,20.1	49.2222222222,20.0	49.1963888889,19.8516666667
285	365	1504224000	1504231199	23	54.1541666667,18.3161111111	54.1269444444,17.5341666667	54.1227777778,17.4097222222	54.515,16.6477777778	54.9166666667,15.8666666667	55.0,16.0	55.0336111111,16.0708333333	55.1333333333,16.2333333333	55.2208333333,17.3769444444	55.225,17.475	55.2269444444,17.5136111111	55.3019444444,18.3883333333	55.2963888889,18.3916666667	55.2902777778,18.4011111111	55.2586111111,18.4480555556	54.9461111111,18.9041666667	54.9127777778,18.9583333333	54.8944444444,18.9941666667	54.875,19.0069444444	54.75,19.1983333333	54.7044444444,19.2569444444	54.4016666667,18.9927777778	54.1541666667,18.3161111111
285	365	1504224000	1504231199	30	52.5333333333,19.1583333333	52.6516666667,18.1730555556	52.6711111111,18.0	52.7133333333,17.6244444444	53.2063888889,16.8255555556	53.6019444444,17.0819444444	54.1227777778,17.4097222222	54.1269444444,17.5341666667	54.1541666667,18.3161111111	54.4016666667,18.9927777778	54.7044444444,19.2569444444	54.675,19.2933333333	54.6377777778,19.3555555556	54.6030555556,19.4047222222	54.5727777778,19.4538888889	54.4975,19.5758333333	54.4477777778,19.6541666667	54.4425,19.8683333333	54.4263888889,20.0	53.6561111111,20.2833333333	53.5641666667,20.3055555556	53.3347222222,20.4363888889	53.0,20.5	52.7891666667,20.3766666667	52.7636111111,20.3616666667	52.6705555556,20.3222222222	52.4622222222,19.7941666667	52.4647222222,19.7666666667	52.4688888889,19.7288888889	52.5333333333,19.1583333333
245	365	1504224000	1504231199	10	52.7133333333,17.6244444444	52.6711111111,18.0	52.6516666667,18.1730555556	51.7855555556,18.17	51.7694444444,17.9444444444	51.75,17.6783333333	51.73,17.3988888889	51.7102777778,17.2391666667	52.3866666667,17.2466666667	52.7133333333,17.6244444444
245	365	1504224000	1504231199	11	51.7102777778,17.2391666667	51.73,17.3988888889	51.75,17.6783333333	51.7694444444,17.9444444444	51.7855555556,18.17	51.0727777778,19.1269444444	50.9452777778,18.855	50.8944444444,18.7383333333	50.7152777778,18.4947222222	50.6877777778,18.4577777778	51.7102777778,17.2391666667
245	365	1504224000	1504231199	50	49.0,22.7666666667	49.0886111111,22.5666666667	49.4127777778,21.4391666667	49.4486111111,21.3333333333	49.4194444444,21.2269444444	49.4083333333,21.1986111111	49.4891666667,21.195	49.7294444444,21.1841666667	49.8469444444,21.2188888889	49.93,21.1752777778	50.0919444444,21.29	50.1994444444,21.3491666667	50.4319444444,21.3544444444	51.1525,21.2888888889	51.2183333333,21.2875	51.2369444444,21.2877777778	51.5,21.2636111111	51.5383333333,21.3294444444	51.5694444444,21.3777777778	51.5769444444,21.3908333333	51.6111111111,21.4505555556	51.6213888889,21.4686111111	51.6366666667,21.4955555556	51.7394444444,21.6736111111	51.745,21.6855555556	51.8025,21.7847222222	51.9794444444,22.1527777778	52.1880555556,23.4044444444	52.1161111111,23.5519444444	52.0163888889,23.6647222222	51.7669444444,23.5902777778	51.7230555556,23.5430555556	51.6666666667,23.5594444444	51.5,23.6166666667	51.3027777778,23.6458333333	50.8333333333,24.1	50.6677777778,24.0502777778	50.5033333333,24.065	50.4041666667,23.8255555556	50.2211111111,23.4852777778	50.0216666667,23.2119444444	49.9658333333,23.1383333333	49.8883333333,23.0583333333	49.8088888889,22.94	49.5677777778,22.6544444444	49.5047222222,22.6561111111	49.21,22.7366666667	49.2055555556,22.7380555556	49.0888888889,22.8333333333	49.0,22.7666666667
245	365	1504224000	1504231199	36	51.5,21.2636111111	51.4958333333,20.2297222222	51.7511111111,20.2666666667	51.8091666667,20.2758333333	52.1066666667,20.3202777778	52.2841666667,20.0536111111	52.4519444444,19.8091666667	52.4622222222,19.7941666667	52.6705555556,20.3222222222	52.7636111111,20.3616666667	52.7891666667,20.3766666667	53.0,20.5	53.2941666667,22.9291666667	53.3811111111,23.7672222222	53.1780555556,23.8941666667	53.1777777778,23.8941666667	53.0,23.9833333333	52.8513888889,23.9219444444	52.8511111111,23.9219444444	52.8277777778,23.9333333333	52.7833333333,23.9333333333	52.2416666667,23.1666666667	52.2277777778,23.2086111111	52.2277777778,23.2088888889	52.1880555556,23.4044444444	51.9794444444,22.1527777778	51.8025,21.7847222222	51.745,21.6855555556	51.7394444444,21.6736111111	51.6366666667,21.4955555556	51.6213888889,21.4686111111	51.6111111111,21.4505555556	51.5769444444,21.3908333333	51.5694444444,21.3777777778	51.5383333333,21.3294444444	51.5,21.2636111111
245	365	1504224000	1504231199	16	52.6516666667,18.1730555556	52.5333333333,19.1583333333	52.4688888889,19.7288888889	52.4647222222,19.7666666667	52.4622222222,19.7941666667	52.4519444444,19.8091666667	52.2841666667,20.0536111111	52.1066666667,20.3202777778	51.8091666667,20.2758333333	51.7511111111,20.2666666667	51.4958333333,20.2297222222	51.4675,20.1369444444	51.35,19.7516666667	51.0727777778,19.1269444444	51.7855555556,18.17	52.6516666667,18.1730555556
